212 329 468:20:11 6 3
323 702 789:14:7 2 5
184 656:12:5 7
459 475:7:4 3
230 626 680:17:8 4 5
219 703:11:9 2
250 472:12:8 4
86 118 682:8:3 2 3
64 548 678:16:1 8 7
18 155 534:19:4 5 10
508 582:10:7 3
64 627 900:8:1 5 2
22 637:9:4 5
68 633:6:2 4
95 325:9:2 7
109 150 629:8:1 1 6
173 178:7:4 3
316 958:5:2 3
420 662 752:11:2 5 4
426 433 683:8:2 2 4
25 46 78:7:2 2 3
230 666:14:8 6
124 951:5:2 3
547 651 679:23:10 7 6
94 464 675:9:1 3 5
631 916 985:9:4 3 2
451 705 922:10:4 4 2
155 509:11:5 6
32 677:8:2 6
173 488 902:13:4 6 3
86 509 608:11:3 6 2
549 654:13:8 5
41 126:4:3 1
407 864:8:2 6
54 75:5:3 2
230 633:12:8 4
196 305 637:13:5 3 5
104 250 792:14:1 8 5
196 658 660:19:5 7 7
169 293 494:15:5 5 5
325 443 653:13:7 1 5
13 184 434:11:4 5 2
109 544 593:11:1 9 1
182 535 536:22:4 10 8
431 590 666:12:2 4 6
475 527 919:12:3 7 2
138 162 597:8:2 5 1
439 488 722:9:1 6 2
184 472:9:5 4
108 663 736:8:1 5 2
118 634:6:2 4
39 66:5:4 1
427 549 682:13:2 8 3
41 729:4:3 1
427 502:8:2 6
195 674:10:3 7
129 342 689:9:2 4 3
104 618 737:5:1 3 1
316 431 662:9:2 2 5
305 456 517:13:3 3 7
33 757:6:3 3
578 968:7:3 4
449 475:4:1 3
651 722 740:11:7 2 2
166 194 556:18:5 3 10
22 517:11:4 7
101 428 663:9:2 2 5
150 519:8:1 7
176 703:7:5 2
519 674:14:7 7
420 434:4:2 2
184 402 487:12:5 1 6
39 588:7:4 3
138 147 451:7:2 1 4
738 861:7:1 6
116 540 985:13:2 9 2
155 450:7:5 2
147 423 833:9:1 2 6
482 760:9:5 4
33 530 543:18:3 6 9
540 578:12:9 3
675 732:7:5 2
443 607:4:1 3
2 78:6:3 3
162 440 675:12:5 2 5
548 550 613:19:8 10 1
313 451:7:3 4
103 436 593:4:1 2 1
38 80 431:7:2 3 2
38 449 916:6:2 1 3
25 842:8:2 6
488 535:16:6 10
323 873 958:15:7 5 3
42 580 637:14:4 5 5
29 52:6:3 3
13 382 539:21:4 9 8
32 671 736:9:2 5 2
13 752:8:4 4
439 628:6:1 5
269 422 623:14:6 2 6
68 503 775:11:2 7 2
194 530 548:17:3 6 8
250 737:9:8 1
136 168 916:9:1 5 3
29 538:12:3 9
627 652 671:15:5 5 5
423 631:6:2 4
184 711:6:5 1
102 449 533:12:1 1 10
126 632:7:1 6
401 571 656:13:2 4 7
129 593 891:4:2 1 1
10 35:6:3 3
101 607 687:7:2 3 2
457 582 666:13:4 3 6
149 193:4:1 3
169 501:13:5 8
62 441 760:6:1 1 4
109 188 519:13:1 5 7
79 200 472:8:1 3 4
2 826:8:3 5
52 62 648:10:3 1 6
116 408:4:2 2
632 703 891:9:6 2 1
105 668 926:8:1 5 2
184 475 627:13:5 3 5
544 653 677:20:9 5 6
450 792 888:9:2 5 2
427 603:4:2 2
32 104 752:7:2 1 4
579 708:8:4 4
19 188:8:3 5
305 577 623:13:3 4 6
163 607 740:8:3 3 2
18 723 843:10:4 1 5
322 656 864:19:6 7 6
240 561:13:9 4
159 323:12:5 7
86 173 563:11:3 4 4
775 963:5:2 3
468 505:10:3 7
32 468 588:8:2 3 3
91 440 662:9:2 2 5
19 322:9:3 6
972 975:6:3 3
536 599 616:13:8 3 2
293 433 732:9:5 2 2
149 163:4:1 3
542 657 972:20:10 7 3
92 453 760:10:2 4 4
53 193:4:1 3
80 150:4:3 1
434 902:5:2 3
293 405 760:10:5 1 4
464 544:12:3 9
25 767:5:2 3
64 705:5:1 4
200 888 916:8:3 2 3
78 436 709:7:3 2 2
202 407:13:11 2
578 902 926:8:3 3 2
33 651:10:3 7
128 150:3:2 1
240 631:13:9 4
219 443:10:9 1
41 590 767:10:3 4 3
482 862:10:5 5
740 891:3:2 1
33 900:5:3 2
422 525 594:10:2 7 1
72 146:5:3 2
429 478 687:9:2 5 2
13 548 721:13:4 8 1
212 729:12:11 1
94 709 800:9:1 2 6
181 573 599:10:3 4 3
588 740 800:11:3 2 6
41 662 702:10:3 5 2
132 434:3:1 2
412 429 527:10:1 2 7
138 508:9:2 7
164 402 521:10:3 1 6
508 534 916:20:7 10 3
164 708:7:3 4
42 426 439:7:4 2 1
738 835:7:1 6
94 608 672:9:1 2 6
729 916:4:1 3
519 778:9:7 2
64 168 443:7:1 5 1
75 183 194:8:2 3 3
124 188:7:2 5
487 661 968:16:6 6 4
407 428 534:14:2 2 10
451 508:11:4 7
10 19:6:3 3
230 427 653:15:8 2 5
68 543:11:2 9
2 202 684:17:3 11 3
313 571:7:3 4
188 662 736:12:5 5 2
162 736:7:5 2
86 508 900:12:3 7 2
18 457:8:4 4
288 599:8:5 3
676 703:8:6 2
95 404:4:2 2
61 618 985:6:1 3 2
169 443 452:10:5 1 4
79 294 517:14:1 6 7
219 226:17:9 8
482 502 737:12:5 6 1
68 149 265:10:2 1 7
674 861:13:7 6
408 440 536:12:2 2 8
131 166 521:12:1 5 6
542 658 708:21:10 7 4
126 170 472:8:1 3 4
132 404 954:6:1 2 3
131 694:3:1 2
439 702 833:9:1 2 6
109 652 757:9:1 5 3
22 118 723:7:4 2 1
169 658:12:5 7
105 226 422:11:1 8 2
38 475:5:2 3
792 975:8:5 3
440 594:3:2 1
195 972:6:3 3
71 691:4:2 2
126 450:3:1 2
525 732:9:7 2
421 578 631:9:2 3 4
729 884:3:1 2
681 726:4:3 1
632 668 689:14:6 5 3
61 802:6:1 5
80 187 963:9:3 3 3
42 196:9:4 5
547 698:12:10 2
239 288 738:15:9 5 1
305 450:5:3 2
212 514:17:11 6
108 475 626:8:1 3 4
138 323:9:2 7
421 599:5:2 3
211 401 702:14:10 2 2
288 542 843:20:5 10 5
684 722:5:3 2
498 637 985:12:5 5 2
22 53 658:12:4 1 7
200 337:9:3 6
169 452 494:14:5 4 5
136 156 443:5:1 3 1
676 722 883:10:6 2 2
623 675 687:13:6 5 2
563 599 709:9:4 3 2
164 249 525:17:3 7 7
459 900:6:4 2
10 239 422:14:3 9 2
95 149:3:2 1
38 64 512:9:2 1 6
42 105 622:11:4 1 6
687 694:4:2 2
573 696 859:12:4 2 6
8 428 779:8:3 2 3
230 423 954:13:8 2 3
404 432 725:4:2 1 1
403 488 662:12:1 6 5
176 708:9:5 4
32 132 147:4:2 1 1
183 512 534:19:3 6 10
103 322 631:11:1 6 4
2 35 547:16:3 3 10
149 550 561:15:1 10 4
195 426 883:7:3 2 2
616 985:4:2 2
146 710:5:2 3
105 651 740:10:1 7 2
482 542:15:5 10
129 623 666:14:2 6 6
402 558 634:14:1 9 4
408 627 658:14:2 5 7
265 580 597:13:7 5 1
13 616 802:11:4 2 5
146 156 533:15:2 3 10
35 192:7:3 4
230 548:16:8 8
10 482 826:13:3 5 5
83 170 689:7:1 3 3
15 775:5:3 2
181 356:8:3 5
61 337 663:12:1 6 5
184 627 667:15:5 5 5
51 539 654:16:3 8 5
42 434 539:14:4 2 8
167 588 736:8:3 3 2
159 267:12:5 7
313 582 985:8:3 3 2
792 1000:7:5 2
433 674 750:12:2 7 3
95 800:8:2 6
129 173 582:9:2 4 3
71 668 888:9:2 5 2
337 671 775:13:6 5 2
673 778:7:5 2
421 884:4:2 2
549 695:10:8 2
158 211 653:20:5 10 5
39 94 792:10:4 1 5
10 342:7:3 4
488 579:10:6 4
767 789:8:3 5
61 501:9:1 8
184 958:8:5 3
593 633 842:11:1 4 6
38 109 800:9:2 1 6
628 681:8:5 3
451 736 802:11:4 2 5
83 126 149:3:1 1 1
420 919:4:2 2
79 475:4:1 3
19 164:6:3 3
53 842:7:1 6
703 922:4:2 2
590 757:7:4 3
597 778:3:1 2
50 184 891:10:4 5 1
33 514:9:3 6
22 932:5:4 1
194 517 675:15:3 7 5
528 623 694:16:8 6 2
116 164 675:10:2 3 5
544 859:15:9 6
527 573 694:13:7 4 2
439 689:4:1 3
68 681:5:2 3
420 505 660:16:2 7 7
420 861:8:2 6
187 873:8:3 5
534 736:12:10 2
150 270 672:14:1 7 6
212 596:12:11 1
41 651:10:3 7
150 162 540:15:1 5 9
479 527:13:6 7
230 632 672:20:8 6 6
132 156:4:1 3
580 637:10:5 5
432 446:2:1 1
75 711:3:2 1
468 578 695:8:3 3 2
293 833:11:5 6
103 173 337:11:1 4 6
193 726:4:3 1
181 250 723:12:3 8 1
212 723:12:11 1
451 525 547:21:4 7 10
86 382 622:18:3 9 6
626 862:9:4 5
408 487:8:2 6
173 680:9:4 5
131 621:5:1 4
403 622:7:1 6
683 729:5:4 1
132 833 859:13:1 6 6
337 571 607:13:6 4 3
478 599 626:12:5 3 4
128 696:4:2 2
421 548 634:14:2 8 4
539 767:11:8 3
441 528:9:1 8
102 405 613:3:1 1 1
192 623 660:17:4 6 7
176 250 413:15:5 8 2
404 407 426:6:2 2 2
802 861:11:5 6
169 623 891:12:5 6 1
449 456 468:7:1 3 3
58 888:5:3 2
146 505:9:2 7
22 631 633:12:4 4 4
22 249 951:14:4 7 3
38 186 452:11:2 5 4
534 628 691:17:10 5 2
270 433 543:18:7 2 9
597 926:3:1 2
337 528 529:22:6 8 8
58 91 633:9:3 2 4
488 578:9:6 3
15 176:8:3 5
147 226 329:15:1 8 6
402 561 703:7:1 4 2
126 323 792:13:1 7 5
68 382 615:14:2 9 3
124 972:5:2 3
35 427 627:10:3 2 5
54 164 579:10:3 3 4
51 313 626:10:3 3 4
61 464:4:1 3
139 487 757:10:1 6 3
15 249 709:12:3 7 2
159 725:6:5 1
187 535 651:20:3 10 7
33 446:4:3 1
88 558:11:2 9
662 779:8:5 3
53 103:2:1 1
38 128 757:7:2 2 3
342 450:6:4 2
446 505 663:13:1 7 5
486 656:13:6 7
108 404 571:7:1 2 4
408 450 621:8:2 2 4
184 196:10:5 5
508 926:9:7 2
859 866:11:6 5
342 503 682:14:4 7 3
267 721 859:14:7 1 6
162 475:8:5 3
571 579:8:4 4
56 691:4:2 2
608 736 859:10:2 2 6
92 329 859:14:2 6 6
675 696:7:5 2
471 547 561:18:4 10 4
421 530 802:13:2 6 5
92 634 833:12:2 4 6
173 627:9:4 5
156 270:10:3 7
58 668 738:9:3 5 1
78 184:8:3 5
458 539 567:14:3 8 3
427 802 954:10:2 5 3
494 666:11:5 6
5 439 671:10:4 1 5
200 654:8:3 5
578 695:5:3 2
39 695 723:7:4 2 1
148 535 826:16:1 10 5
54 249 684:13:3 7 3
79 459:5:1 4
126 163 543:13:1 3 9
456 800 835:15:3 6 6
634 677 726:11:4 6 1
582 694:5:3 2
578 722:5:3 2
264 843:12:7 5
530 632:12:6 6
116 429 563:8:2 2 4
487 560:15:6 9
212 325:18:11 7
194 719:4:3 1
10 412 680:9:3 1 5
68 674:9:2 7
423 631:6:2 4
39 382 421:15:4 9 2
41 582 738:7:3 3 1
2 181:6:3 3
482 789 861:16:5 5 6
128 456:5:2 3
61 239 443:11:1 9 1
132 402 653:7:1 1 5
64 951:4:1 3
535 626 672:20:10 4 6
118 631 637:11:2 4 5
689 1000:5:3 2
64 550:11:1 10
195 708 711:8:3 4 1
104 514:7:1 6
124 487:8:2 6
173 478:9:4 5
267 713:8:7 1
196 861:11:5 6
162 464:8:5 3
62 186 264:13:1 5 7
337 637:11:6 5
187 529:11:3 8
91 677 902:11:2 6 3
219 456 952:15:9 3 3
329 615:9:6 3
453 666 672:16:4 6 6
124 709:4:2 2
337 538:15:6 9
561 862:9:4 5
169 457 588:12:5 4 3
18 19 873:12:4 3 5
41 128:5:3 2
407 517 590:13:2 7 4
422 835:8:2 6
322 578:9:6 3
138 426:4:2 2
164 593:4:3 1
35 538 616:14:3 9 2
181 249 736:12:3 7 2
413 433 508:11:2 2 7
434 482 682:10:2 5 3
239 408 703:13:9 2 2
170 486:9:3 6
29 196 211:18:3 5 10
563 658 902:14:4 7 3
71 78 556:15:2 3 10
627 789:10:5 5
412 573 679:11:1 4 6
156 426 453:9:3 2 4
468 900:5:3 2
628 711:6:5 1
159 654 963:13:5 5 3
265 503:14:7 7
162 963:8:5 3
596 680:6:1 5
19 660 861:16:3 7 6
32 94 494:8:2 1 5
539 676:14:8 6
695 709:4:2 2
187 434 558:14:3 2 9
316 440:4:2 2
71 789:7:2 5
626 737 859:11:4 1 6
108 325 663:13:1 7 5
442 802:6:1 5
705 732 833:12:4 2 6
62 521:7:1 6
405 660 689:11:1 7 3
51 181:6:3 3
8 189:7:3 4
196 431 738:8:5 2 1
64 622:7:1 6
426 922:4:2 2
91 657 689:12:2 7 3
607 719:4:3 1
136 767 778:6:1 3 2
146 264 588:12:2 7 3
648 719:7:6 1
211 405 543:20:10 1 9
158 195 202:19:5 3 11
193 626:7:3 4
671 673 963:13:5 5 3
550 888:12:10 2
13 148 775:7:4 1 2
75 264 789:14:2 7 5
94 412 505:9:1 1 7
25 95:4:2 2
131 449 543:11:1 1 9
128 293 676:13:2 5 6
269 529 540:23:6 8 9
269 288 599:14:6 5 3
166 652 736:12:5 5 2
50 446 767:8:4 1 3
71 725:3:2 1
19 835:9:3 6
294 658 722:15:6 7 2
288 498 691:12:5 5 2
130 689:5:2 3
446 861:7:1 6
155 633:9:5 4
439 573 673:10:1 4 5
51 162 608:10:3 5 2
39 148 590:9:4 1 4
13 86 850:11:4 3 4
540 567:12:9 3
597 680 843:11:1 5 5
558 835:15:9 6
567 613 835:10:3 1 6
5 50 294:14:4 4 6
548 648:14:8 6
22 580:9:4 5
126 130:3:1 2
479 662:11:6 5
407 567:5:2 3
54 573 658:14:3 4 7
239 750:12:9 3
538 542:19:9 10
323 561 668:16:7 4 5
5 42 985:10:4 4 2
181 517:10:3 7
159 902:8:5 3
667 674 678:19:5 7 7
5 702:6:4 2
176 193:8:5 3
150 212 543:21:1 11 9
407 775:4:2 2
402 687 802:8:1 2 5
64 68 95:5:1 2 2
158 431 668:12:5 2 5
187 530 862:14:3 6 5
50 429:6:4 2
250 580 760:17:8 5 4
92 459 607:9:2 4 3
680 722 737:8:5 2 1
22 56 267:13:4 2 7
42 456 482:12:4 3 5
67 118 900:7:3 2 2
32 178 211:15:2 3 10
13 508:11:4 7
33 293 305:11:3 5 3
833 922:8:6 2
33 329 752:13:3 6 4
211 694:12:10 2
452 711:5:4 1
66 433 883:5:1 2 2
18 192 684:11:4 4 3
249 538 679:22:7 9 6
264 501 698:17:7 8 2
72 607 926:8:3 3 2
132 616 633:7:1 2 4
163 323:10:3 7
512 678 726:14:6 7 1
721 738:2:1 1
431 760:6:2 4
109 698:3:1 2
342 850:8:4 4
159 521 721:12:5 6 1
458 775 883:7:3 2 2
2 329 479:15:3 6 6
501 628 680:18:8 5 5
471 607 687:9:4 3 2
50 433:6:4 2
407 421:4:2 2
708 975:7:4 3
173 194:7:4 3
58 494 732:10:3 5 2
267 713:8:7 1
240 536:17:9 8
436 503 683:13:2 7 4
270 687 800:15:7 2 6
68 162 779:10:2 5 3
146 442:3:2 1
432 563 597:6:1 4 1
621 767 843:12:4 3 5
53 539 916:12:1 8 3
505 544 637:21:7 9 5
148 503:8:1 7
71 662 792:12:2 5 5
543 618 767:15:9 3 3
170 729 789:9:3 1 5
428 626:6:2 4
146 596:3:2 1
316 613 737:4:2 1 1
613 663 740:8:1 5 2
656 975:10:7 3
51 719:4:3 1
29 342:7:3 4
250 498 540:22:8 5 9
404 548:10:2 8
184 627 696:12:5 5 2
596 723:2:1 1
422 528 919:12:2 8 2
166 884:7:5 2
80 726:4:3 1
230 677 760:18:8 6 4
294 498 590:15:6 5 4
173 954:7:4 3
512 599:9:6 3
329 401 842:14:6 2 6
506 571 711:13:8 4 1
91 651 789:14:2 7 5
164 683:7:3 4
131 440 861:9:1 2 6
468 833 891:10:3 6 1
294 719:7:6 1
440 671:7:2 5
721 722:3:1 2
149 458 608:6:1 3 2
316 529 631:14:2 8 4
579 850:8:4 4
269 533 883:18:6 10 2
54 695:5:3 2
337 662:11:6 5
270 421 535:19:7 2 10
128 561:6:2 4
86 666:9:3 6
149 694:3:1 2
109 663:6:1 5
54 169 615:11:3 5 3
129 150:3:2 1
549 615:11:8 3
166 767:8:5 3
325 631 721:12:7 4 1
167 540 922:14:3 9 2
249 403 708:12:7 1 4
32 594:3:2 1
39 449:5:4 1
189 506 539:20:4 8 8
159 502 975:14:5 6 3
38 156 404:7:2 3 2
176 607:8:5 3
75 487:8:2 6
50 719:5:4 1
405 792 932:7:1 5 1
329 888:8:6 2
167 677 884:11:3 6 2
382 547:19:9 10
79 264:8:1 7
240 723 951:13:9 1 3
116 264 680:14:2 7 5
25 952:5:2 3
626 833:10:4 6
39 472:8:4 4
186 508:12:5 7
13 219:13:4 9
501 900:10:8 2
563 713 862:10:4 1 5
420 433:4:2 2
88 412 579:7:2 1 4
108 653 684:9:1 5 3
150 452 888:7:1 4 2
538 681:12:9 3
615 629:9:3 6
83 267 502:14:1 7 6
163 608 932:6:3 2 1
182 698:6:4 2
521 534:16:6 10
116 158:7:2 5
2 662 922:10:3 5 2
83 694 760:7:1 2 4
663 673 678:17:5 5 7
39 579:8:4 4
62 402 676:8:1 1 6
240 679 916:18:9 6 3
412 603 674:10:1 2 7
108 193 672:10:1 3 6
131 674 708:12:1 7 4
446 683 985:7:1 4 2
71 163 329:11:2 3 6
428 626:6:2 4
456 549 668:16:3 8 5
687 725:3:2 1
579 689 916:10:4 3 3
408 501 719:11:2 8 1
146 429 512:10:2 2 6
502 864:12:6 6
5 109 634:9:4 1 4
250 736 778:12:8 2 2
702 916:5:2 3
58 118:5:3 2
540 579 862:18:9 4 5
182 736:6:4 2
316 407 732:6:2 2 2
212 525 653:23:11 7 5
479 556 833:22:6 10 6
118 184:7:2 5
150 599 723:5:1 3 1
629 723:7:6 1
270 479 932:14:7 6 1
543 668:14:9 5
429 900:4:2 2
249 544:16:7 9
579 800 873:15:4 6 5
427 729 760:7:2 1 4
579 843:9:4 5
544 778:11:9 2
709 900:4:2 2
46 709:4:2 2
529 633 789:17:8 4 5
18 101:6:4 2
737 926:3:1 2
159 356 529:18:5 5 8
680 835:11:5 6
679 695:8:6 2
101 147 800:9:2 1 6
2 607:6:3 3
170 270 954:13:3 7 3
38 426 654:9:2 2 5
313 441:4:3 1
22 102 382:14:4 1 9
181 219 631:16:3 9 4
128 726 835:9:2 1 6
78 94 420:6:3 1 2
95 136:3:2 1
194 219 288:17:3 9 5
56 239 719:12:2 9 1
475 530 968:13:3 6 4
15 305 651:13:3 3 7
294 434 451:12:6 2 4
453 539 951:15:4 8 3
86 514 656:16:3 6 7
42 402 453:9:4 1 4
80 512:9:3 6
13 249 616:13:4 7 2
95 342 613:7:2 4 1
41 173:7:3 4
322 506:14:6 8
514 629 916:15:6 6 3
118 505:9:2 7
54 660 672:16:3 7 6
103 421 534:13:1 2 10
593 621 864:11:1 4 6
337 802:11:6 5
68 211 517:19:2 10 7
156 527:10:3 7
78 267 426:12:3 7 2
687 737:3:2 1
80 421 514:11:3 2 6
156 850:7:3 4
46 128 597:5:2 2 1
94 316 528:11:1 2 8
15 325 668:15:3 7 5
187 740 760:9:3 2 4
431 450 558:13:2 2 9
