42 722:6:4 2
473 621:7:3 4
219 618:12:9 3
93 110:4:3 1
184 369 403:14:5 8 1
227 375 473:22:10 9 3
129 476 649:13:2 5 6
246 364 529:22:7 7 8
159 596:6:5 1
535 636:15:10 5
195 227 232:22:3 10 9
165 842:9:3 6
425 655 996:10:1 7 2
43 321 580:14:3 6 5
142 249 838:13:1 7 5
526 729:9:8 1
655 772:9:7 2
65 196:6:1 5
448 659:7:1 6
324 996:10:8 2
73 78 428:7:2 3 2
759 762:6:3 3
359 568 615:13:5 5 3
590 902:7:4 3
71 102 333:11:2 1 8
115 268:8:2 6
554 559 855:22:9 8 5
421 456 494:10:2 3 5
46 101:4:2 2
4 462:6:3 3
555 613 912:13:10 1 2
451 499 555:19:4 5 10
87 439 937:5:2 1 2
292 906:8:6 2
372 468:11:8 3
746 919:5:3 2
159 305 925:9:5 3 1
365 408:9:7 2
87 918 923:5:2 2 1
2 158 643:12:3 5 4
38 372 392:18:2 8 8
318 479 937:12:4 6 2
122 157:5:2 3
198 313 565:11:4 3 4
245 801:14:9 5
60 103:4:3 1
226 458 495:17:8 3 6
150 839:7:1 6
185 917:5:3 2
298 456 482:13:5 3 5
372 776:9:8 1
342 589:9:4 5
12 214:13:2 11
168 383 927:17:5 10 2
124 311 594:6:2 3 1
73 78:5:2 3
140 351:5:1 4
318 499 615:12:4 5 3
590 637 739:11:4 5 2
78 380:12:3 9
165 587 979:10:3 4 3
63 111 501:13:3 2 8
319 755:7:2 5
292 507:14:6 8
162 210 590:19:5 10 4
59 225:11:2 9
78 356 860:13:3 5 5
274 395:14:5 9
213 397 759:22:10 9 3
231 572:13:8 5
101 336 480:14:2 6 6
56 523 659:16:2 8 6
314 333 572:15:2 8 5
305 456:6:3 3
110 613 657:9:1 1 7
130 238 405:13:2 10 1
188 411 820:10:5 2 3
136 443 619:4:1 1 2
131 328 937:9:1 6 2
81 181 343:10:2 3 5
80 470 615:10:3 4 3
274 606:8:5 3
54 411:5:3 2
274 457:9:5 4
324 425 655:16:8 1 7
38 318 979:9:2 4 3
124 462 712:7:2 3 2
225 357 403:15:9 5 1
62 468 473:7:1 3 3
307 453 597:9:4 4 1
44 293:7:2 5
368 559:17:9 8
106 263 524:16:2 7 7
286 823:11:6 5
263 746 925:11:7 3 1
7 508:10:3 7
232 445:10:9 1
451 630 937:12:4 6 2
588 823:8:3 5
168 565 595:11:5 4 2
13 535 618:17:4 10 3
136 587:5:1 4
308 474 822:9:2 3 4
435 504 680:14:1 8 5
151 206 351:17:4 9 4
20 60 380:16:4 3 9
147 442 591:4:1 1 2
203 341:14:10 4
13 396:13:4 9
473 842:9:3 6
242 746:11:8 3
330 597 605:12:8 1 3
29 210:13:3 10
195 510 655:16:3 6 7
49 633:7:3 4
67 195 904:9:3 3 3
164 290 923:9:3 5 1
299 596 824:9:4 1 4
26 405 754:9:4 1 4
135 588 794:9:1 3 5
225 227:19:9 10
336 731:7:6 1
304 994:6:4 2
89 702 706:7:1 2 4
533 866:15:10 5
78 136:4:3 1
140 801:6:1 5
283 284 429:12:5 5 2
7 245 475:15:3 9 3
25 474:5:2 3
372 459:12:8 4
489 589 772:13:6 5 2
123 205 569:15:1 11 3
81 537:12:2 10
336 620:9:6 3
127 595:3:1 2
30 286:9:3 6
352 494:9:4 5
1 2 475:9:3 3 3
156 299 615:10:3 4 3
188 382 867:19:5 9 5
332 587:12:8 4
263 731:8:7 1
101 375 811:14:2 9 3
206 617:12:9 3
31 571 674:15:4 4 7
606 794:8:3 5
84 608:5:3 2
249 277:14:7 7
372 839:14:8 6
263 615 768:12:7 3 2
93 694:5:3 2
275 515:13:7 6
318 476 706:13:4 5 4
130 403:3:2 1
322 644 820:13:6 4 3
182 674:11:4 7
319 456 730:6:2 3 1
62 680:6:1 5
533 568:15:10 5
245 324:17:9 8
313 335 471:13:3 6 4
305 900:5:3 2
28 88 712:8:4 2 2
344 416:5:3 2
312 313:6:3 3
201 340 453:19:9 6 4
81 139 603:5:2 1 2
241 608 690:15:9 2 4
127 306:5:1 4
659 951:9:6 3
66 595:3:1 2
515 752 906:12:6 4 2
129 147 252:10:2 1 7
191 364 559:18:3 7 8
150 480 643:11:1 6 4
367 499 539:20:7 5 8
375 594 937:12:9 1 2
277 628:12:7 5
326 428 568:14:7 2 5
84 468 934:8:3 3 2
220 380:20:11 9
165 331 477:14:3 6 5
286 333:14:6 8
255 499:12:7 5
140 159:6:1 5
311 601 851:9:3 1 5
372 923:9:8 1
324 428 979:13:8 2 3
66 979:4:1 3
620 702:5:3 2
14 421:4:2 2
369 690:12:8 4
343 499 735:11:5 5 1
246 249:14:7 7
438 513:7:1 6
177 251 317:16:3 9 4
614 700 759:8:3 2 3
151 337:10:4 6
106 551:10:2 8
232 276:14:9 5
213 216 646:26:10 11 5
362 477 601:13:7 5 1
367 458:10:7 3
108 646:6:1 5
610 799:6:2 4
151 412 461:9:4 1 4
327 594 649:13:6 1 6
162 371 375:22:5 8 9
375 472 475:16:9 4 3
162 327 497:17:5 6 6
205 272 343:23:11 7 5
397 540 619:20:9 9 2
134 289 722:8:2 4 2
603 904:5:2 3
287 466 801:14:6 3 5
50 67:7:4 3
40 352 589:12:3 4 5
11 565:8:4 4
29 84 491:12:3 3 6
151 182 520:15:4 4 7
455 581:9:4 5
252 501 601:16:7 8 1
381 554 987:22:10 9 3
93 125 842:10:3 1 6
311 484:9:3 6
332 589:13:8 5
358 636:10:5 5
342 431:6:4 2
43 56 159:10:3 2 5
324 790:13:8 5
380 460:12:9 3
33 960:6:3 3
322 475:9:6 3
287 289 408:12:6 4 2
619 755 820:10:2 5 3
28 191 917:9:4 3 2
394 432 655:16:8 1 7
213 379 506:26:10 8 8
190 275:12:5 7
77 93 525:12:2 3 7
424 465 810:7:1 3 3
187 371 442:12:3 8 1
42 131 136:6:4 1 1
139 535:11:1 10
168 272 308:14:5 7 2
551 599:11:8 3
433 489:8:2 6
64 174 902:7:1 3 3
257 477 620:16:8 5 3
110 139:2:1 1
26 162:9:4 5
38 40 348:10:2 3 5
77 545:11:2 9
225 292 735:16:9 6 1
344 508 735:11:3 7 1
205 319:13:11 2
352 473:7:4 3
87 459 758:11:2 4 5
344 621 906:9:3 4 2
206 524:16:9 7
343 375:14:5 9
381 419:12:10 2
200 430:4:3 1
440 444:3:2 1
54 256 429:12:3 7 2
26 134 244:15:4 2 9
629 754 790:15:6 4 5
372 489 605:17:8 6 3
80 396 483:17:3 9 5
394 480 558:23:8 6 9
60 897:5:3 2
125 369:9:1 8
225 425 476:15:9 1 5
140 203 790:16:1 10 5
60 206 558:21:3 9 9
28 200 996:9:4 3 2
375 442 646:15:9 1 5
458 485:8:3 5
87 608 790:9:2 2 5
165 178 343:11:3 3 5
56 694 699:8:2 2 4
28 677 694:12:4 6 2
11 539:12:4 8
159 431 539:15:5 2 8
120 647:5:1 4
226 344:11:8 3
391 396 799:22:9 9 4
251 335 646:20:9 6 5
533 960:13:10 3
304 674:11:4 7
13 169 436:11:4 5 2
475 604:4:3 1
289 468:7:4 3
419 595:4:2 2
520 923:8:7 1
270 601:8:7 1
341 427 768:8:4 2 2
293 425 448:7:5 1 1
455 754:8:4 4
98 257 403:10:1 8 1
101 131:3:2 1
371 377:17:8 9
621 994:6:4 2
242 614 918:13:8 3 2
397 551:17:9 8
225 330:17:9 8
494 568 633:14:5 5 4
513 610:8:6 2
188 524 839:18:5 7 6
473 604:4:3 1
321 458:9:6 3
249 292:13:7 6
184 739 906:9:5 2 2
262 406 431:9:6 1 2
394 746 758:16:8 3 5
412 436:3:1 2
447 636 727:8:2 5 1
628 702 824:11:5 2 4
50 603 867:11:4 2 5
234 244 365:25:9 9 7
440 520 590:13:2 7 4
185 473:6:3 3
150 490 900:9:1 6 2
88 324 637:15:2 8 5
147 422 646:8:1 2 5
393 744 820:14:8 3 3
290 424:6:5 1
88 262:8:2 6
333 356 375:22:8 5 9
219 927:11:9 2
73 628 917:9:2 5 2
140 480 614:10:1 6 3
143 320 438:7:2 4 1
59 84 412:6:2 3 1
436 501 755:15:2 8 5
33 144 604:5:3 1 1
405 475:4:1 3
225 408:11:9 2
246 754:11:7 4
7 711:4:3 1
12 82 513:11:2 3 6
458 636:8:3 5
82 387:11:3 8
134 487:8:2 6
4 164 207:17:3 3 11
73 201 262:17:2 9 6
307 438 489:11:4 1 6
471 838:9:4 5
124 245 838:16:2 9 5
388 979:11:8 3
46 168:7:2 5
421 484:8:2 6
66 341 507:13:1 4 8
106 820:5:2 3
182 621 772:10:4 4 2
252 533 710:20:7 10 3
42 60 822:11:4 3 4
60 429 629:11:3 2 6
504 628 702:15:8 5 2
150 391 845:16:1 9 6
330 744:11:8 3
78 122 917:7:3 2 2
30 897:5:3 2
11 110:5:4 1
111 919:4:2 2
384 403 486:16:9 1 6
374 752:11:7 4
393 699:12:8 4
428 603 655:11:2 2 7
54 690 975:10:3 4 3
484 554:15:6 9
447 457:6:2 4
168 387 500:19:5 8 6
31 437 459:10:4 2 4
188 234 617:17:5 9 3
159 284:10:5 5
412 458 605:7:1 3 3
555 562 979:17:10 4 3
62 103 902:5:1 1 3
155 937:7:5 2
411 472:6:2 4
429 850:6:2 4
312 647:7:3 4
7 588 628:11:3 3 5
103 111 396:12:1 2 9
115 312 473:8:2 3 3
140 293 603:8:1 5 2
165 706 851:12:3 4 5
299 473 487:13:4 3 6
202 241:20:11 9
169 365 790:17:5 7 5
80 318 620:10:3 4 3
232 311 434:14:9 3 2
188 354:9:5 4
38 359:7:2 5
165 257 364:18:3 8 7
4 443 604:5:3 1 1
87 127:3:2 1
477 505 515:18:5 7 6
188 491 839:17:5 6 6
151 268 604:11:4 6 1
307 402:5:4 1
207 357 860:21:11 5 5
129 318 554:15:2 4 9
33 580 790:13:3 5 5
344 533:13:3 10
2 433 988:7:3 2 2
80 130 540:14:3 2 9
150 299:5:1 4
206 433:11:9 2
240 468:12:9 3
50 71 274:11:4 2 5
477 919:7:5 2
164 416:5:3 2
188 343 545:19:5 5 9
244 402 630:16:9 1 6
436 759 850:9:2 3 4
77 286 424:9:2 6 1
311 504 988:13:3 8 2
103 403 851:7:1 1 5
243 427 680:14:7 2 5
7 135 975:7:3 1 3
202 377 608:22:11 9 2
408 637:7:2 5
628 824:9:5 4
50 234:13:4 9
25 348 822:11:2 5 4
195 408:5:3 2
188 199 497:15:5 4 6
67 557 794:17:3 9 5
539 596:9:8 1
80 336:9:3 6
410 601:2:1 1
134 354:6:2 4
354 526:12:4 8
213 230 347:22:10 8 4
62 188 381:16:1 5 10
164 298:8:3 5
44 572:7:2 5
60 87 122:7:3 2 2
490 524:13:6 7
120 431:3:1 2
312 569 801:11:3 3 5
144 573 630:11:1 4 6
174 641:9:3 6
210 493:15:10 5
254 487:14:8 6
151 396 511:21:4 9 8
256 366:14:7 7
157 375:12:3 9
49 108:4:3 1
343 988:7:5 2
64 537:11:1 10
243 855:12:7 5
436 655:9:2 7
88 603 839:10:2 2 6
735 752 912:7:1 4 2
131 729:2:1 1
184 252 495:18:5 7 6
7 333 712:13:3 8 2
189 598 923:6:4 1 1
184 316:7:5 2
156 712 997:8:3 2 3
276 585:8:5 3
11 187 457:11:4 3 4
351 425:5:4 1
551 585:11:8 3
42 54 427:9:4 3 2
256 646:12:7 5
174 419 468:8:3 2 3
11 95:6:4 2
110 526:9:1 8
174 380 457:16:3 9 4
14 123 572:8:2 1 5
119 348:6:1 5
433 508:9:2 7
70 934:3:1 2
12 597:3:2 1
178 230 508:18:3 8 7
254 539 937:18:8 8 2
240 711:10:9 1
54 569:6:3 3
326 996:9:7 2
58 125:4:3 1
613 973:4:1 3
190 629:11:5 6
102 568:6:1 5
275 289 416:13:7 4 2
311 729:4:3 1
120 143 925:4:1 2 1
213 366 497:23:10 7 6
189 284 330:17:4 5 8
174 599:6:3 3
334 416 917:12:8 2 2
328 370 639:20:6 9 5
216 589:16:11 5
73 120:3:2 1
238 365:17:10 7
408 443 628:8:2 1 5
470 615 739:9:4 3 2
445 484 533:17:1 6 10
245 448:10:9 1
314 476:7:2 5
85 702:5:3 2
359 507 611:15:5 8 2
169 571 988:11:5 4 2
617 694 776:6:3 2 1
558 919:11:9 2
147 571:5:1 4
26 341:8:4 4
318 533 697:17:4 10 3
127 370 383:20:1 9 10
198 230 677:18:4 8 6
388 440 474:13:8 2 3
365 470:11:7 4
2 189 313:10:3 4 3
135 469 470:8:1 3 4
84 851:8:3 5
4 387 768:13:3 8 2
156 437:5:3 2
157 456 900:8:3 3 2
448 762 842:10:1 3 6
359 421:7:5 2
589 900:7:5 2
84 559 591:13:3 8 2
252 558:16:7 9
160 345 735:9:5 3 1
108 188:6:1 5
434 647:6:2 4
202 277 850:22:11 7 4
95 202 219:22:2 11 9
26 607 637:12:4 3 5
26 444:5:4 1
38 73 106:6:2 2 2
262 562:10:6 4
31 151 934:10:4 4 2
460 591 960:8:3 2 3
341 349 358:12:4 3 5
219 364 934:18:9 7 2
555 979:13:10 3
203 326 508:24:10 7 7
33 77 151:9:3 2 4
408 633:6:2 4
396 590:13:9 4
272 619 988:11:7 2 2
98 421 453:7:1 2 4
217 402:12:11 1
200 526:11:3 8
155 611:7:5 2
230 604:9:8 1
31 195 447:9:4 3 2
59 127 375:12:2 1 9
64 445 571:6:1 1 4
512 900:8:6 2
395 513:15:9 6
498 768 776:8:5 2 1
42 699:8:4 4
416 580 851:12:2 5 5
299 429 447:8:4 2 2
101 230 677:16:2 8 6
232 408 474:14:9 2 3
487 710:9:6 3
444 739:3:1 2
429 515:8:2 6
599 824:7:3 4
299 466 979:10:4 3 3
432 700:3:1 2
106 182:6:2 4
344 475 594:7:3 3 1
42 368:13:4 9
331 332 431:16:6 8 2
84 573 851:12:3 4 5
349 498:8:3 5
280 587 706:13:5 4 4
249 369:15:7 8
507 572 711:14:8 5 1
203 607 904:16:10 3 3
243 280 628:17:7 5 5
196 565:9:5 4
618 772:5:3 2
424 890 951:5:1 1 3
136 252 577:12:1 7 4
277 436:9:7 2
447 759:5:2 3
4 56 181:8:3 2 3
270 395:16:7 9
60 70 529:12:3 1 8
597 811:4:1 3
93 219:12:3 9
144 156:4:1 3
369 912:10:8 2
432 794:6:1 5
93 754:7:3 4
34 328:9:3 6
340 362 529:21:6 7 8
136 244:10:1 9
315 904 994:8:3 3 2
167 951:6:3 3
111 633 655:13:2 4 7
354 512 646:15:4 6 5
67 374 475:13:3 7 3
507 649 987:17:8 6 3
319 755:7:2 5
280 435 659:12:5 1 6
533 568:15:10 5
557 659:15:9 6
305 486 965:12:3 6 3
129 326 506:17:2 7 8
249 391 495:22:7 9 6
335 394:14:6 8
230 497:14:8 6
103 712:3:1 2
364 551 697:18:7 8 3
335 558 776:16:6 9 1
387 439 823:14:8 1 5
169 433:7:5 2
465 537 700:15:3 10 2
195 421 535:15:3 2 10
139 368:10:1 9
241 406:10:9 1
177 391 429:14:3 9 2
66 523 904:12:1 8 3
58 335 633:13:3 6 4
164 460 586:10:3 3 4
286 559:14:6 8
185 197 430:8:3 4 1
158 255:12:5 7
122 396:11:2 9
160 480:11:5 6
506 577:12:8 4
76 119:4:3 1
305 359:8:3 5
139 405:2:1 1
67 78:6:3 3
162 647 917:11:5 4 2
262 332:14:6 8
292 340 436:14:6 6 2
31 66 181:8:4 1 3
155 573 855:14:5 4 5
393 629 902:17:8 6 3
245 357:14:9 5
160 529:13:5 8
101 317 379:14:2 4 8
20 255 820:14:4 7 3
124 255:9:2 7
67 793:8:3 5
379 660 794:20:8 7 5
453 462 511:15:4 3 8
207 397 674:27:11 9 7
29 539:11:3 8
317 331:10:4 6
120 272 604:9:1 7 1
66 227:11:1 10
87 690:6:2 4
103 268 280:12:1 6 5
348 439 573:10:5 1 4
30 906:5:3 2
189 393:12:4 8
43 275 314:12:3 7 2
314 455 494:11:2 4 5
123 395 699:14:1 9 4
78 464 515:12:3 3 6
316 776:3:2 1
134 855:7:2 5
292 393:14:6 8
577 646:9:4 5
328 677:12:6 6
82 157 263:13:3 3 7
458 729:4:3 1
168 512 577:15:5 6 4
54 979:6:3 3
50 464:7:4 3
89 577 855:10:1 4 5
63 590:7:3 4
394 456 922:13:8 3 2
393 493 517:20:8 5 7
135 479 569:10:1 6 3
123 272:8:1 7
234 242 621:21:9 8 4
424 562 601:6:1 4 1
337 504 613:15:6 8 1
604 917:3:1 2
56 198 385:15:2 4 9
367 480:13:7 6
362 617:10:7 3
13 937:6:4 2
139 263 284:13:1 7 5
249 539 643:19:7 8 4
289 406 470:9:4 1 4
752 890:5:4 1
70 119 904:5:1 1 3
162 410 524:13:5 1 7
345 425 965:7:3 1 3
150 243 524:15:1 7 7
605 637 772:10:3 5 2
332 504 793:21:8 8 5
379 473:11:8 3
95 174 511:13:2 3 8
25 143 162:9:2 2 5
11 33 261:14:4 3 7
44 289 479:12:2 4 6
436 605 759:8:2 3 3
67 586:7:3 4
238 283 614:18:10 5 3
11 199 244:17:4 4 9
201 411 471:15:9 2 4
20 195:7:4 3
307 586 838:13:4 4 5
238 727:11:10 1
297 307:8:4 4
101 230 855:15:2 8 5
65 232 405:11:1 9 1
98 394 462:12:1 8 3
272 280 799:16:7 5 4
103 392:9:1 8
43 372:11:3 8
210 290 793:20:10 5 5
362 754 997:14:7 4 3
80 674:10:3 7
375 483 537:24:9 5 10
125 457:5:1 4
343 598:6:5 1
268 571:10:6 4
255 365 477:19:7 7 5
307 430 471:9:4 1 4
308 354 904:9:2 4 3
32 245:11:2 9
189 403 598:6:4 1 1
203 655:17:10 7
434 462:5:2 3
30 231 727:12:3 8 1
381 712:12:10 2
289 646:9:4 5
340 393:14:6 8
42 343 646:14:4 5 5
286 641 937:14:6 6 2
571 900:6:4 2
130 565:6:2 4
220 297 487:21:11 4 6
230 581 591:15:8 5 2
187 741 922:9:3 4 2
374 800:13:7 6
38 451 577:10:2 4 4
167 646 800:14:3 5 6
191 379 799:15:3 8 4
49 621:7:3 4
156 608:5:3 2
62 608:3:1 2
43 287:9:3 6
214 461 637:20:11 4 5
181 319:5:3 2
34 219 436:14:3 9 2
125 490 602:10:1 6 3
377 475 606:15:9 3 3
297 603:6:4 2
62 578:4:1 3
156 324 405:12:3 8 1
711 807:4:1 3
58 244 700:14:3 9 2
117 384:10:1 9
762 860:8:3 5
342 412 524:12:4 1 7
195 466:6:3 3
523 680 810:16:8 5 3
127 628:6:1 5
67 210:13:3 10
139 254:9:1 8
405 439 533:12:1 1 10
643 700 860:11:4 2 5
142 384 470:14:1 9 4
330 451 801:17:8 4 5
380 573:13:9 4
66 278 533:17:1 6 10
119 159:6:1 5
476 595 603:9:5 2 2
184 465:8:5 3
70 275:8:1 7
219 606:12:9 3
188 448 468:9:5 1 3
557 752:13:9 4
162 191 641:14:5 3 6
44 394 706:14:2 8 4
2 122:5:3 2
80 217 261:21:3 11 7
272 435:8:7 1
484 513:12:6 6
80 207 321:20:3 11 6
123 595:3:1 2
618 628:8:3 5
30 240:12:3 9
252 473 610:12:7 3 2
11 54:7:4 3
351 482:9:4 5
66 476:6:1 5
412 436 996:5:1 2 2
558 722:11:9 2
189 902:7:4 3
63 322 470:13:3 6 4
29 174 347:10:3 3 4
408 497:8:2 6
231 973:11:8 3
304 589 649:15:4 5 6
3 144 706:7:2 1 4
198 311 432:8:4 3 1
40 144:4:3 1
256 599:10:7 3
305 596 702:6:3 1 2
369 960:11:8 3
158 349:8:5 3
505 540 590:20:7 9 4
76 289 304:11:3 4 4
56 270 537:19:2 7 10
190 370 845:20:5 9 6
639 762 794:13:5 3 5
219 425:10:9 1
427 655 710:12:2 7 3
144 147:2:1 1
304 677:10:4 6
577 739:6:4 2
82 111:5:3 2
425 697 776:5:1 3 1
66 466:4:1 3
43 366 585:13:3 7 3
274 649 657:18:5 6 7
231 354:12:8 4
32 205 555:23:2 11 10
31 261 311:14:4 7 3
44 306:6:2 4
60 482:8:3 5
629 702:8:6 2
102 238 469:14:1 10 3
188 474 677:14:5 3 6
177 453 621:11:3 4 4
84 772 925:6:3 2 1
58 181 443:7:3 3 1
115 676:8:2 6
377 497 557:24:9 6 9
129 591 919:6:2 2 2
697 855:8:3 5
333 510 526:22:8 6 8
156 410:4:3 1
284 431:7:5 2
89 336 923:8:1 6 1
164 402:4:3 1
205 618:14:11 3
89 181 308:6:1 3 2
306 677:10:4 6
466 729:4:3 1
268 588:9:6 3
26 299:8:4 4
446 731 810:5:1 1 3
395 480:15:9 6
182 515:10:4 6
370 568:14:9 5
287 381 482:21:6 10 5
451 485 500:15:4 5 6
354 398:13:4 9
268 398 607:18:6 9 3
424 639:6:1 5
4 317 388:15:3 4 8
34 85:6:3 3
123 601:2:1 1
210 577:14:10 4
594 699:5:1 4
345 490 517:16:3 6 7
422 491 994:10:2 6 2
372 572:13:8 5
601 768:3:1 2
256 810:10:7 3
89 697 700:6:1 3 2
65 473:4:1 3
694 794:7:2 5
320 501:12:4 8
232 577:13:9 4
125 569 605:7:1 3 3
421 594 741:7:2 1 4
275 443:8:7 1
323 614:10:7 3
434 659 735:9:2 6 1
326 474:10:7 3
289 607 997:10:4 3 3
183 439 845:10:3 1 6
1 316 609:6:3 2 1
381 558 613:20:10 9 1
71 159 356:12:2 5 5
292 515:12:6 6
368 755:14:9 5
162 660 855:17:5 7 5
81 824 996:8:2 4 2
157 167 439:7:3 3 1
354 482 512:15:4 5 6
150 336 477:12:1 6 5
213 270:17:10 7
270 293:12:7 5
130 205:13:2 11
147 394 755:14:1 8 5
1 499 912:10:3 5 2
539 559:16:8 8
322 475 599:12:6 3 3
108 158 429:8:1 5 2
577 639:9:4 5
54 344:6:3 3
164 824:7:3 4
226 762:11:8 3
611 975:5:2 3
431 598 919:5:2 1 2
120 820:4:1 3
184 618:8:5 3
515 523 994:16:6 8 2
1 214 287:20:3 11 6
433 512 730:9:2 6 1
78 278 823:14:3 6 5
304 436 461:10:4 2 4
321 629:12:6 6
108 498 822:10:1 5 4
319 823 997:10:2 5 3
366 457:11:7 4
890 987:4:1 3
283 403 487:12:5 1 6
124 287 776:9:2 6 1
7 185 801:11:3 3 5
280 617:8:5 3
639 904:8:5 3
316 410:3:2 1
393 601:9:8 1
256 334:15:7 8
272 937:9:7 2
201 641 660:22:9 6 7
124 216:13:2 11
318 387 614:15:4 8 3
422 460:5:2 3
165 710:6:3 3
142 245 604:11:1 9 1
38 155 297:11:2 5 4
424 996:3:1 2
139 226 275:16:1 8 7
200 727 735:5:3 1 1
280 328:11:5 6
54 323 337:16:3 7 6
274 336 617:14:5 6 3
359 384:14:5 9
87 912:4:2 2
195 524:10:3 7
290 398:14:5 9
299 307 344:11:4 4 3
231 278 655:21:8 6 7
190 490 557:20:5 6 9
98 372 824:13:1 8 4
255 676:13:7 6
591 759:5:2 3
425 565 630:11:1 4 6
76 599 641:12:3 3 6
29 59 588:8:3 2 3
470 605 712:9:4 3 2
565 842:10:4 6
42 202 979:18:4 11 3
402 431:3:1 2
187 731:4:3 1
758 917:7:5 2
727 839:7:1 6
64 424 601:3:1 1 1
436 597 697:6:2 1 3
345 371 510:17:3 8 6
198 220 618:18:4 11 3
270 711:8:7 1
136 506:9:1 8
230 242 555:26:8 8 10
129 469:5:2 3
255 535 800:23:7 10 6
198 611:6:4 2
122 461:6:2 4
187 319:5:3 2
403 867 890:7:1 5 1
722 838:7:2 5
119 213 471:15:1 10 4
103 336 660:14:1 6 7
254 508 768:17:8 7 2
432 495:7:1 6
33 165 275:13:3 3 7
314 525 551:17:2 7 8
49 603:5:3 2
56 987:5:2 3
199 483:9:4 5
42 292 476:15:4 6 5
505 535:17:7 10
465 517:10:3 7
487 845 994:14:6 6 2
458 464 845:12:3 3 6
142 628:6:1 5
216 618 643:18:11 3 4
341 573:8:4 4
380 500 811:18:9 6 3
433 674 822:13:2 7 4
284 387 455:17:5 8 4
25 477:7:2 5
340 578:9:6 3
28 824:8:4 4
127 729:2:1 1
468 988:5:3 2
62 470 588:8:1 4 3
219 290 366:21:9 5 7
169 710:8:5 3
140 419:3:1 2
320 403:5:4 1
435 595 601:4:1 2 1
304 331:10:4 6
80 524 934:12:3 7 2
599 866:8:3 5
201 243 739:18:9 7 2
54 842:9:3 6
356 918 994:9:5 2 2
359 460:8:5 3
318 513:10:4 6
139 337 996:9:1 6 2
13 26 605:11:4 4 3
40 839:9:3 6
369 511:16:8 8
220 251 867:25:11 9 5
347 554:13:4 9
200 352 602:10:3 4 3
494 960:8:5 3
251 453:13:9 4
321 398 511:23:6 9 8
493 746:8:5 3
263 562 587:15:7 4 4
110 801:6:1 5
287 368 469:18:6 9 3
512 646 647:15:6 5 4
64 70 249:9:1 1 7
110 655:8:1 7
14 568:7:2 5
71 405:3:2 1
256 344:10:7 3
305 512 996:11:3 6 2
290 610 794:12:5 2 5
201 500 897:17:9 6 2
4 123 759:7:3 1 3
335 487 975:15:6 6 3
268 286 539:20:6 6 8
195 495 578:12:3 6 3
117 270:8:1 7
32 568 613:8:2 5 1
140 330 823:14:1 8 5
46 588 842:11:2 3 6
12 243 506:17:2 7 8
274 589:10:5 5
150 615 925:5:1 3 1
102 436 447:5:1 2 2
210 497 599:19:10 6 3
226 590:12:8 4
46 469 515:11:2 3 6
34 110 332:12:3 1 8
230 555:18:8 10
38 217 762:16:2 11 3
125 508:8:1 7
232 365 368:25:9 7 9
20 356 591:11:4 5 2
88 448 568:8:2 1 5
385 581:14:9 5
246 432 585:11:7 1 3
223 368:18:9 9
167 569:6:3 3
123 240 510:16:1 9 6
188 234:14:5 9
103 331 446:8:1 6 1
162 362 497:18:5 7 6
444 555:11:1 10
124 135:3:2 1
497 637 746:14:6 5 3
44 270 343:14:2 7 5
50 587 694:10:4 4 2
244 336 479:21:9 6 6
459 471 633:12:4 4 4
397 655:16:9 7
125 387 453:13:1 8 4
59 618:5:2 3
11 245 453:17:4 9 4
347 500 511:18:4 6 8
462 621:7:3 4
375 419:11:9 2
263 444:8:7 1
134 470:6:2 4
315 572 606:11:3 5 3
46 232:11:2 9
477 601 755:11:5 1 5
59 217 372:21:2 11 8
316 345 448:6:2 3 1
456 581 730:9:3 5 1
150 555 699:15:1 10 4
134 470:6:2 4
184 459 599:12:5 4 3
93 391 500:18:3 9 6
181 251 611:14:3 9 2
275 501:15:7 8
520 629:13:7 6
87 479:8:2 6
164 428 752:9:3 2 4
159 591:7:5 2
330 382:17:8 9
458 918:5:3 2
120 443:2:1 1
305 314 617:8:3 2 3
495 741:10:6 4
93 142:4:3 1
321 754 794:15:6 4 5
167 641:9:3 6
62 586 596:6:1 4 1
150 515 618:10:1 6 3
162 207:16:5 11
185 421 429:7:3 2 2
604 902:4:1 3
169 333 790:18:5 8 5
276 437 578:10:5 2 3
351 387 515:18:4 8 6
252 439 459:12:7 1 4
34 557 618:15:3 9 3
190 272 711:13:5 7 1
811 845 919:11:3 6 2
178 257 526:19:3 8 8
313 403 513:10:3 1 6
168 275 315:15:5 7 3
187 319 487:11:3 2 6
81 262 591:10:2 6 2
188 890:6:5 1
649 741 768:12:6 4 2
82 306:7:3 4
59 272 369:17:2 7 8
87 326 388:17:2 7 8
372 482:13:8 5
60 326:10:3 7
555 912:12:10 2
254 290 730:14:8 5 1
142 523:9:1 8
611 700:4:2 2
42 87 345:9:4 2 3
410 545 559:18:1 9 8
85 524 595:12:3 7 2
198 337 490:16:4 6 6
232 471 501:21:9 4 8
43 217:14:3 11
217 232:20:11 9
345 637 794:13:3 5 5
164 562:7:3 4
458 559 712:13:3 8 2
7 508:10:3 7
249 344:10:7 3
196 328 605:14:5 6 3
384 388 394:25:9 8 8
80 525:10:3 7
125 643:5:1 4
455 464 483:12:4 3 5
181 336 618:12:3 6 3
13 238:14:4 10
130 188 690:11:2 5 4
165 395:12:3 9
476 602:8:5 3
199 377 524:20:4 9 7
217 794 997:19:11 5 3
124 322 918:10:2 6 2
333 573 597:13:8 4 1
578 605:6:3 3
3 272 603:11:2 7 2
465 559 722:13:3 8 2
298 351:9:5 4
190 366:12:5 7
336 562:10:6 4
585 613:4:3 1
38 772:4:2 2
12 63 776:6:2 3 1
106 287 358:13:2 6 5
410 439 608:4:1 1 2
280 526 722:15:5 8 2
111 529 599:13:2 8 3
261 979:10:7 3
371 513 711:15:8 6 1
26 124 184:11:4 2 5
370 480 741:19:9 6 4
42 314 790:11:4 2 5
655 706 934:13:7 4 2
587 722:6:4 2
158 411 919:9:5 2 2
341 569:7:4 3
43 422 772:7:3 2 2
210 501 614:21:10 8 3
88 731:3:2 1
177 381 394:21:3 10 8
174 283 460:11:3 5 3
313 607 975:9:3 3 3
421 799 951:9:2 4 3
277 438:8:7 1
275 433:9:7 2
88 620 918:7:2 3 2
217 244 374:27:11 9 7
60 336 562:13:3 6 4
123 512 639:12:1 6 5
486 988:8:6 2
189 790:9:4 5
358 643 937:11:5 4 2
231 446:9:8 1
67 526 923:12:3 8 1
352 365:11:4 7
134 164 198:9:2 3 4
232 790 810:17:9 5 3
234 730 917:12:9 1 2
102 494:6:1 5
278 605 917:11:6 3 2
298 487 581:16:5 6 5
571 810:7:4 3
2 129 243:12:3 2 7
430 643:5:1 4
135 321:7:1 6
223 394:17:9 8
225 565:13:9 4
130 240 362:18:2 9 7
262 440:8:6 2
14 702:4:2 2
551 562:12:8 4
98 712:3:1 2
203 375 491:25:10 9 6
595 752 960:9:2 4 3
44 277 398:18:2 7 9
198 431:6:4 2
117 306 711:6:1 4 1
190 422 793:12:5 2 5
11 331 406:11:4 6 1
287 649:12:6 6
232 256 368:25:9 7 9
58 446:4:3 1
181 316 587:9:3 2 4
243 551:15:7 8
352 476:9:4 5
262 370:15:6 9
14 578:5:2 3
59 319:4:2 2
493 697 838:13:5 3 5
71 448 839:9:2 1 6
200 694:5:3 2
207 352 706:19:11 4 4
129 655:9:2 7
367 807:10:7 3
321 839:12:6 6
428 700 823:9:2 2 5
321 494:11:6 5
167 380 419:14:3 9 2
617 746:6:3 3
255 655:14:7 7
479 746:9:6 3
515 823:11:6 5
181 380:12:3 9
324 334 375:25:8 8 9
357 487:11:5 6
297 442:5:4 1
3 191 572:10:2 3 5
359 524:12:5 7
810 851:8:3 5
394 577:12:8 4
81 927:4:2 2
80 103:4:3 1
347 618:7:4 3
1 290:8:3 5
119 484 580:12:1 6 5
38 245 354:15:2 9 4
73 382 581:16:2 9 5
43 198 994:9:3 4 2
125 447:3:1 2
314 647 711:7:2 4 1
385 702 866:16:9 2 5
382 729:10:9 1
241 284:14:9 5
217 628 851:21:11 5 5
29 252 334:18:3 7 8
758 822 922:11:5 4 2
290 416 647:11:5 2 4
396 973:12:9 3
431 476:7:2 5
289 486 499:15:4 6 5
139 165 445:5:1 3 1
351 746 752:11:4 3 4
147 225 776:11:1 9 1
216 447 565:17:11 2 4
372 647:12:8 4
621 987:7:4 3
101 388 458:13:2 8 3
25 246:9:2 7
4 44 498:10:3 2 5
80 383:13:3 10
241 578 820:15:9 3 3
384 508 643:20:9 7 4
327 524:13:6 7
470 504 811:15:4 8 3
65 577:5:1 4
358 425 677:12:5 1 6
292 332:14:6 8
213 596 790:16:10 1 5
243 722 919:11:7 2 2
165 573 587:11:3 4 4
54 494 722:10:3 5 2
42 495:10:4 6
357 470:9:5 4
526 565:12:8 4
245 473 606:15:9 3 3
559 629:14:8 6
1 431 562:9:3 2 4
70 151 919:7:1 4 2
319 436:4:2 2
251 470:13:9 4
89 220:12:1 11
497 577 585:13:6 4 3
201 369 727:18:9 8 1
238 246 486:23:10 7 6
12 78 290:10:2 3 5
490 845 960:15:6 6 3
428 494 735:8:2 5 1
71 117 727:4:2 1 1
151 245 710:16:4 9 3
169 468 587:12:5 3 4
473 722:5:3 2
122 609:3:2 1
63 730:4:3 1
147 162 424:7:1 5 1
56 327 845:14:2 6 6
393 637:13:8 5
313 793:8:3 5
314 860:7:2 5
507 822:12:8 4
123 139 330:10:1 1 8
387 462 927:13:8 3 2
276 739 890:8:5 2 1
162 328 476:16:5 6 5
174 460 604:7:3 3 1
557 605 620:15:9 3 3
143 569:5:2 3
382 587 609:14:9 4 1
199 246 455:15:4 7 4
965 979:6:3 3
343 860:10:5 5
162 243 585:15:5 7 3
134 242 595:12:2 8 2
28 842:10:4 6
435 459:5:1 4
199 996:6:4 2
524 855:12:7 5
680 699:9:5 4
504 517:15:8 7
316 811:5:2 3
84 369:11:3 8
240 241 453:22:9 9 4
256 357 860:17:7 5 5
242 395:17:8 9
31 700 866:11:4 2 5
512 659 801:17:6 6 5
405 484 493:12:1 6 5
11 299 381:18:4 4 10
473 558:12:3 9
67 615 866:11:3 3 5
458 520 811:13:3 7 3
203 369 607:21:10 8 3
185 322 919:11:3 6 2
11 297 558:17:4 4 9
177 776:4:3 1
123 199 298:10:1 4 5
2 523 731:12:3 8 1
335 357 838:16:6 5 5
225 321:15:9 6
136 280 476:11:1 5 5
56 351:6:2 4
312 320:7:3 4
143 461:6:2 4
142 340 500:13:1 6 6
327 659:12:6 6
327 393:14:6 8
60 471 588:10:3 4 3
317 392 493:17:4 8 5
436 615:5:2 3
524 731:8:7 1
559 923:9:8 1
317 912:6:4 2
249 476 690:16:7 5 4
314 466 594:6:2 3 1
289 334:12:4 8
2 562:7:3 4
174 680 867:13:3 5 5
842 900:8:6 2
476 551:13:5 8
7 181:6:3 3
249 474 495:16:7 3 6
199 690:8:4 4
58 240 406:13:3 9 1
3 14:4:2 2
101 365:9:2 7
299 722 906:8:4 2 2
29 174 917:8:3 3 2
382 919:11:9 2
162 588:8:5 3
392 477 739:15:8 5 2
70 618:4:1 3
523 735:9:8 1
200 388:11:3 8
340 393 637:19:6 8 5
214 308 315:16:11 2 3
411 421:4:2 2
64 272:8:1 7
371 432:9:8 1
207 505:18:11 7
497 621 800:16:6 4 6
160 202:16:5 11
11 475:7:4 3
314 388 906:12:2 8 2
115 243:9:2 7
198 639:9:4 5
117 270 434:10:1 7 2
142 181 447:6:1 3 2
369 374 633:19:8 7 4
70 649 923:8:1 6 1
520 674:14:7 7
206 597 754:14:9 1 4
232 252 483:21:9 7 5
213 320:14:10 4
11 551:12:4 8
155 487:11:5 6
185 606:6:3 3
106 628 937:9:2 5 2
174 308:5:3 2
33 793:8:3 5
381 762 987:16:10 3 3
357 524 729:13:5 7 1
200 469 619:8:3 3 2
524 850:11:7 4
125 337:7:1 6
93 421:5:3 2
65 473 511:12:1 3 8
372 605 611:13:8 3 2
330 646:13:8 5
25 628:7:2 5
358 388:13:5 8
243 257:15:7 8
95 482 820:10:2 5 3
77 395 495:17:2 9 6
155 641 822:15:5 6 4
246 471 890:12:7 4 1
143 245 539:19:2 9 8
147 443 754:6:1 1 4
198 206 497:19:4 9 6
299 391:13:4 9
197 699 979:11:4 4 3
251 272:16:9 7
1 437:5:3 2
311 900:5:3 2
14 200 460:8:2 3 3
365 646:12:7 5
150 174:4:1 3
406 472:5:1 4
71 205 268:19:2 11 6
312 493 925:9:3 5 1
7 201 479:18:3 9 6
369 772:10:8 2
189 801:9:4 5
182 606:7:4 3
42 160:9:4 5
533 906:12:10 2
321 333 643:18:6 8 4
430 483 647:10:1 5 4
131 594:2:1 1
451 918 925:7:4 2 1
314 637:7:2 5
283 382 451:18:5 9 4
365 730:8:7 1
277 448:8:7 1
280 299 934:11:5 4 2
30 439 807:7:3 1 3
340 476:11:6 5
196 793:10:5 5
183 201 646:17:3 9 5
65 473:4:1 3
28 855:9:4 5
119 474:4:1 3
155 619:7:5 2
71 427:4:2 2
227 425 443:12:10 1 1
491 807 917:11:6 3 2
197 499 586:13:4 5 4
26 134:6:4 2
165 396 482:17:3 9 5
98 106:3:1 2
46 362 375:18:2 7 9
451 906:6:4 2
369 551:16:8 8
80 477:8:3 5
187 374 807:13:3 7 3
101 217 607:16:2 11 3
123 139 358:7:1 1 5
343 559:13:5 8
70 537:11:1 10
383 810:13:10 3
320 368 453:17:4 9 4
62 768:3:1 2
106 447:4:2 2
29 598:4:3 1
495 636:11:6 5
34 411 746:8:3 2 3
290 354 480:15:5 4 6
122 197 529:14:2 4 8
367 613:8:7 1
54 602:6:3 3
63 571:7:3 4
356 477 739:12:5 5 2
160 599 606:11:5 3 3
50 135 562:9:4 1 4
451 505 610:13:4 7 2
62 702:3:1 2
405 744:4:1 3
119 697:4:1 3
11 129 772:8:4 2 2
274 433 906:9:5 2 2
551 557:17:8 9
139 524:8:1 7
135 323 333:16:1 7 8
234 466 513:18:9 3 6
124 251 608:13:2 9 2
77 219 611:13:2 9 2
364 408 637:14:7 2 5
101 299:6:2 4
904 987:6:3 3
63 393 611:13:3 8 2
263 427 867:14:7 2 5
311 453:7:3 4
159 445 610:8:5 1 2
182 257 559:20:4 8 8
84 89 254:12:3 1 8
34 78:6:3 3
144 347 643:9:1 4 4
424 425 493:7:1 1 5
225 472 746:16:9 4 3
231 994:10:8 2
358 448 754:10:5 1 4
142 411:3:1 2
43 270 311:13:3 7 3
382 403 620:13:9 1 3
210 230 342:22:10 8 4
722 793:7:2 5
196 597:6:5 1
181 730:4:3 1
498 513 618:14:5 6 3
284 554:14:5 9
159 292 403:12:5 6 1
28 143 206:15:4 2 9
297 391 744:16:4 9 3
71 177:5:2 3
101 768:4:2 2
159 555 674:22:5 10 7
80 482 918:10:3 5 2
348 772:7:5 2
440 739:4:2 2
14 88 352:8:2 2 4
845 919:8:6 2
406 495 523:15:1 6 8
124 197:6:2 4
299 398:13:4 9
379 437 811:13:8 2 3
82 249:10:3 7
56 539 762:13:2 8 3
64 337 762:10:1 6 3
377 505:16:9 7
311 504:11:3 8
331 377 474:18:6 9 3
84 343:8:3 5
64 216 617:15:1 11 3
238 927:12:10 2
177 358 562:12:3 5 4
87 243 801:14:2 7 5
25 200 372:13:2 3 8
73 758:7:2 5
462 649:9:3 6
333 474:11:8 3
147 242 316:11:1 8 2
20 108 168:10:4 1 5
95 336 608:10:2 6 2
108 437:3:1 2
225 629:15:9 6
308 565 759:9:2 4 3
340 489:12:6 6
313 890:4:3 1
103 405 572:7:1 1 5
283 676:11:5 6
270 406 739:10:7 1 2
587 697:7:4 3
225 545:18:9 9
124 597 918:5:2 1 2
197 320:8:4 4
2 572 655:15:3 5 7
11 85:7:4 3
525 790:12:7 5
50 526 904:15:4 8 3
131 505:8:1 7
345 493 649:14:3 5 6
263 321:13:7 6
249 586:11:7 4
62 436:3:1 2
196 369:13:5 8
327 370 453:19:6 9 4
42 230 690:16:4 8 4
108 811:4:1 3
305 321 327:15:3 6 6
607 850:7:3 4
125 249:8:1 7
494 700 890:8:5 2 1
20 64 458:8:4 1 3
178 274:8:3 5
608 790:7:2 5
607 618 660:13:3 3 7
453 580 620:12:4 5 3
127 147 184:7:1 1 5
93 460:6:3 3
490 758 842:17:6 5 6
195 387:11:3 8
183 226 398:20:3 8 9
49 150 730:5:3 1 1
323 397 440:18:7 9 2
252 611:9:7 2
475 617:6:3 3
195 427:5:3 2
11 369 629:18:4 8 6
510 520 599:16:6 7 3
33 558:12:3 9
739 906:4:2 2
101 402:3:2 1
443 515 904:10:1 6 3
64 444 697:5:1 1 3
456 722 951:8:3 2 3
46 270:9:2 7
11 123 793:10:4 1 5
131 365 637:13:1 7 5
7 226:11:3 8
2 217 416:16:3 11 2
54 590:7:3 4
14 342 594:7:2 4 1
203 596:11:10 1
213 572:15:10 5
384 637 801:19:9 5 5
306 607 702:9:4 3 2
78 427:5:3 2
591 822:6:2 4
244 904:12:9 3
327 332 340:20:6 8 6
73 305 460:8:2 3 3
370 604:10:9 1
195 341:7:3 4
306 555:14:4 10
88 694:4:2 2
395 430:10:9 1
43 185:6:3 3
150 482:6:1 5
129 298 610:9:2 5 2
66 187 398:13:1 3 9
50 78 223:16:4 3 9
200 201 210:22:3 9 10
347 845:10:4 6
89 699:5:1 4
184 416 855:12:5 2 5
594 608:3:1 2
251 535 603:21:9 10 2
143 597 917:5:2 1 2
80 630:9:3 6
278 525 923:14:6 7 1
46 190 555:17:2 5 10
196 483 918:12:5 5 2
123 205 370:21:1 11 9
476 517 699:16:5 7 4
427 545:11:2 9
477 529:13:5 8
206 234:18:9 9
31 429:6:4 2
367 446:8:7 1
297 659 994:12:4 6 2
40 988:5:3 2
3 13 381:16:2 4 10
323 655:14:7 7
327 334 604:15:6 8 1
286 860 922:13:6 5 2
29 839 855:14:3 6 5
140 280:6:1 5
435 551 618:12:1 8 3
46 142:3:2 1
311 315:6:3 3
76 366 674:17:3 7 7
240 372 483:22:9 8 5
510 904:9:6 3
323 456 533:20:7 3 10
280 674:12:5 7
185 643:7:3 4
120 598 851:7:1 1 5
359 486:11:5 6
659 759 900:11:6 3 2
292 511:14:6 8
633 960:7:4 3
168 352 925:10:5 4 1
345 628:8:3 5
317 351 436:10:4 4 2
102 182 379:13:1 4 8
108 120:2:1 1
124 453:6:2 4
249 429 823:14:7 2 5
335 366 507:21:6 7 8
435 965:4:1 3
398 699:13:9 4
34 677:9:3 6
7 366 739:12:3 7 2
317 772:6:4 2
85 120:4:3 1
240 340:15:9 6
190 486:11:5 6
203 341:14:10 4
533 565:14:10 4
297 637:9:4 5
89 507 618:12:1 8 3
274 504:13:5 8
59 95 823:9:2 2 5
71 398 613:12:2 9 1
225 842 919:17:9 6 2
256 314:9:7 2
28 63 214:18:4 3 11
89 772:3:1 2
140 238:11:1 10
256 586:11:7 4
40 589:8:3 5
471 697 710:10:4 3 3
486 572 590:15:6 5 4
610 643:6:2 4
275 800:13:7 6
246 524 588:17:7 7 3
119 342:5:1 4
255 315:10:7 3
434 529:10:2 8
60 284:8:3 5
274 421:7:5 2
440 554:11:2 9
425 639 997:9:1 5 3
436 960:5:2 3
54 388:11:3 8
59 143 381:14:2 2 10
169 257 639:18:5 8 5
203 486:16:10 6
351 394 447:14:4 8 2
30 81 628:10:3 2 5
111 343:7:2 5
130 164 484:11:2 3 6
433 457:6:2 4
251 330 334:25:9 8 8
136 628 647:10:1 5 4
442 975:4:1 3
155 498:10:5 5
103 111 207:14:1 2 11
312 702:5:3 2
274 347:9:5 4
177 755:8:3 5
590 700:6:4 2
453 559:12:4 8
205 457:15:11 4
56 308:4:2 2
241 299 469:16:9 4 3
159 482 790:15:5 5 5
344 396:12:3 9
586 772:6:4 2
328 395:15:6 9
630 912:8:6 2
102 477 508:13:1 5 7
164 181 278:12:3 3 6
232 331 545:24:9 6 9
343 406 855:11:5 1 5
101 500 710:11:2 6 3
81 403:3:2 1
227 657:17:10 7
25 214:13:2 11
365 523 855:20:7 8 5
140 602:4:1 3
49 508:10:3 7
438 523:9:1 8
174 444 455:8:3 1 4
255 352 442:12:7 4 1
165 394 559:19:3 8 8
234 571:13:9 4
520 529 537:25:7 8 10
164 636:8:3 5
101 562 599:9:2 4 3
257 287:14:8 6
599 965:6:3 3
150 380:10:1 9
67 327 377:18:3 6 9
344 596:4:3 1
159 358:10:5 5
491 727:7:6 1
95 174 641:11:2 3 6
71 226 243:17:2 8 7
321 610:8:6 2
40 336:9:3 6
249 562 597:12:7 4 1
354 362:11:4 7
183 918 951:8:3 2 3
234 900 996:13:9 2 2
473 565:7:3 4
437 456:5:2 3
403 436:3:1 2
25 344:5:2 3
117 448:2:1 1
59 594 902:6:2 1 3
249 811:10:7 3
251 261 759:19:9 7 3
34 445:4:3 1
445 617:4:1 3
477 586 851:14:5 4 5
63 370:12:3 9
615 699:7:3 4
178 284 486:14:3 5 6
464 643:7:3 4
87 331 461:12:2 6 4
151 752:8:4 4
28 504:12:4 8
25 111 460:7:2 2 3
730 904:4:1 3
598 799 842:11:1 4 6
375 405 572:15:9 1 5
195 254:11:3 8
375 994:11:9 2
558 617 629:18:9 3 6
290 366 599:15:5 7 3
1 131 430:5:3 1 1
336 727:7:6 1
20 299 459:12:4 4 4
319 489 919:10:2 6 2
155 234 610:16:5 9 2
84 365 649:16:3 7 6
851 904:8:5 3
7 445 446:5:3 1 1
262 512:12:6 6
63 169:8:3 5
613 621 644:9:1 4 4
257 526 569:19:8 8 3
644 973:7:4 3
318 572 643:13:4 5 4
448 524 768:10:1 7 2
101 571 842:12:2 4 6
405 411:3:1 2
308 445 587:7:2 1 4
330 410:9:8 1
290 533:15:5 10
195 384 447:14:3 9 2
162 904:8:5 3
62 628:6:1 5
147 188 289:10:1 5 4
559 615 702:13:8 3 2
318 388 484:18:4 8 6
484 676:12:6 6
446 643:5:1 4
139 591 706:7:1 2 4
165 633:7:3 4
434 443 483:8:2 1 5
63 164 238:16:3 3 10
366 380:16:7 9
28 526:12:4 8
297 337 459:14:4 6 4
772 794:7:2 5
120 569 758:9:1 3 5
82 169 453:12:3 5 4
334 512:14:8 6
122 619:4:2 2
280 318 398:18:5 4 9
125 610:3:1 2
385 455 507:21:9 4 8
343 759:8:5 3
102 601:2:1 1
87 231:10:2 8
306 494:9:4 5
443 559 762:12:1 8 3
34 40 50:10:3 3 4
135 257:9:1 8
33 88 234:14:3 2 9
602 621:7:3 4
64 393 643:13:1 8 4
62 383 655:18:1 10 7
232 357 557:23:9 5 9
464 628 739:10:3 5 2
383 460:13:10 3
385 700 752:15:9 2 4
71 251 799:15:2 9 4
493 581:10:5 5
256 610 850:13:7 2 4
398 495:15:9 6
167 602 618:9:3 3 3
30 62 347:8:3 1 4
119 190:6:1 5
165 243:10:3 7
162 336 996:13:5 6 2
801 824:9:5 4
80 340 680:14:3 6 5
135 365:8:1 7
115 287 356:13:2 6 5
38 201 925:12:2 9 1
359 799:9:5 4
262 988:8:6 2
275 447 735:10:7 2 1
249 397 562:20:7 9 4
178 320 473:10:3 4 3
159 200:8:5 3
158 274 362:17:5 5 7
316 432:3:2 1
30 758:8:3 5
136 187 432:5:1 3 1
365 403:8:7 1
203 280 601:16:10 5 1
545 559:17:9 8
464 524 702:12:3 7 2
174 537 660:20:3 10 7
383 997:13:10 3
42 206 507:21:4 9 8
38 231:10:2 8
124 571:6:2 4
1 900:5:3 2
182 445 486:11:4 1 6
359 410:6:5 1
182 257 308:14:4 8 2
342 572:9:4 5
362 484 608:15:7 6 2
87 442 994:5:2 1 2
169 674:12:5 7
77 374 702:11:2 7 2
367 588:10:7 3
380 851:14:9 5
67 223 586:16:3 9 4
60 318:7:3 4
308 453:6:2 4
110 501:9:1 8
263 647:11:7 4
42 513:10:4 6
328 331 380:21:6 6 9
320 513:10:4 6
201 351:13:9 4
59 198 589:11:2 4 5
13 351 680:13:4 4 5
108 184:6:1 5
26 106:6:4 2
347 476:9:4 5
202 254:19:11 8
185 359:8:3 5
241 838:14:9 5
220 411:13:11 2
139 243 677:14:1 7 6
44 120 227:13:2 1 10
297 794:9:4 5
32 619:4:2 2
342 551 960:15:4 8 3
312 629:9:3 6
293 475:8:5 3
539 694:10:8 2
289 860:9:4 5
370 925:10:9 1
197 577 615:11:4 4 3
108 191:4:1 3
42 476:9:4 5
201 573 610:15:9 4 2
219 332 482:22:9 8 5
167 428 545:14:3 2 9
433 614:5:2 3
67 276 752:12:3 5 4
206 603:11:9 2
13 676:10:4 6
77 436 975:7:2 2 3
139 706:5:1 4
483 557:14:5 9
144 430:2:1 1
210 507 587:22:10 8 4
316 438:3:2 1
274 581 776:11:5 5 1
620 811:6:3 3
62 188 324:14:1 5 8
332 351:12:8 4
364 398:16:7 9
313 495 633:13:3 6 4
299 419 620:9:4 2 3
315 866:8:3 5
46 328:8:2 6
375 554:18:9 9
433 860:7:2 5
249 319 569:12:7 2 3
347 357 369:17:4 5 8
395 568:14:9 5
88 322 342:12:2 6 4
317 585 823:12:4 3 5
197 398:13:4 9
408 462 810:8:2 3 3
59 225 484:17:2 9 6
379 934 937:12:8 2 2
129 201 457:15:2 9 4
311 657 839:16:3 7 6
210 402:11:10 1
334 494:13:8 5
422 578:5:2 3
150 214 335:18:1 11 6
433 730 979:6:2 1 3
3 62:3:2 1
