236 749:13:10 3
711 790:6:1 5
373 754 844:17:9 4 4
46 579 598:7:2 4 1
49 102:4:3 1
57 917:3:1 2
253 595 975:14:9 2 3
404 601 814:8:2 1 5
30 466:6:3 3
74 103:2:1 1
364 503:14:7 7
798 855:10:5 5
461 615 658:14:4 3 7
11 565:8:4 4
94 253 841:14:1 9 4
578 905:6:3 3
686 905:6:3 3
502 517 591:15:6 7 2
20 492 946:11:4 5 2
174 882:4:3 1
898 947:4:2 2
436 470 774:9:2 4 3
74 355 649:10:1 3 6
187 695:5:3 2
528 644:12:8 4
22 508:11:4 7
20 37 989:11:4 4 3
71 468 913:7:2 3 2
8 579:7:3 4
107 601 893:4:1 1 2
537 578 918:15:10 3 2
107 312:4:1 3
111 118 607:7:2 2 3
240 759 911:14:9 3 2
131 441:2:1 1
243 407 710:12:7 2 3
373 644 900:15:9 4 2
25 139 488:9:2 1 6
481 774:9:6 3
38 243 844:13:2 7 4
579 727:5:4 1
373 376 880:23:9 9 5
652 842:11:5 6
79 495 758:12:1 6 5
30 87 207:16:3 2 11
153 518 561:13:3 6 4
512 600:9:6 3
76 607 638:10:3 3 4
533 577:14:10 4
616 620:5:2 3
240 512 855:20:9 6 5
404 566:5:2 3
181 407 906:7:3 2 2
528 581 686:16:8 5 3
29 525:10:3 7
731 786 917:7:1 4 2
384 946:11:9 2
29 888:5:3 2
421 427 598:5:2 2 1
54 253 453:16:3 9 4
65 404 536:11:1 2 8
124 484:8:2 6
473 551:11:3 8
377 430 841:14:9 1 4
512 614:9:6 3
577 804:9:4 5
143 730:3:2 1
190 612 855:11:5 1 5
139 441:2:1 1
449 898 927:5:1 2 2
95 632:8:2 6
120 970:4:1 3
190 697 883:10:5 3 2
468 623:9:3 6
131 179:4:1 3
427 461 759:9:2 4 3
95 193:5:2 3
42 84:7:4 3
545 577 946:15:9 4 2
441 591 599:6:1 2 3
134 363 804:15:2 8 5
468 790:8:3 5
632 814:11:6 5
443 486 624:13:1 6 6
100 210 588:16:3 10 3
22 877:10:4 6
607 893:5:3 2
492 534 950:18:5 10 3
497 664:12:6 6
471 877:10:4 6
429 443 477:8:2 1 5
463 471 975:11:4 4 3
491 596:7:6 1
209 945:11:9 2
142 219 649:16:1 9 6
175 710 720:7:3 3 1
535 645:15:10 5
194 462:6:3 3
16 19 720:6:2 3 1
359 633:9:5 4
140 525 866:13:1 7 5
112 878 989:11:2 6 3
26 193:7:4 3
91 564:6:2 4
433 916:5:2 3
547 679:16:10 6
713 844:5:1 4
56 727:3:2 1
550 986:12:10 2
492 579 633:13:5 4 4
473 521:9:3 6
143 633:6:2 4
462 495:9:3 6
443 853:5:1 4
476 504:13:5 8
43 186 473:11:3 5 3
495 870:12:6 6
74 508:8:1 7
409 986:4:2 2
474 664:9:3 6
143 912:4:2 2
135 947:3:1 2
122 508:9:2 7
245 436 843:16:9 2 5
463 875:9:4 5
119 842:7:1 6
302 312 369:13:2 3 8
44 253 664:17:2 9 6
74 550:11:1 10
650 979:9:6 3
752 916:7:4 3
257 732:10:8 2
60 403 649:10:3 1 6
4 150:4:3 1
103 302 758:8:1 2 5
38 486:8:2 6
140 530:7:1 6
105 245 537:20:1 9 10
53 632:7:1 6
243 862:12:7 5
19 855 971:11:3 5 3
16 549:10:2 8
378 577:13:9 4
117 497 891:8:1 6 1
74 348 422:8:1 5 2
131 898:3:1 2
95 908:5:2 3
29 199 644:11:3 4 4
52 194 614:9:3 3 3
84 645:8:3 5
91 527:9:2 7
429 549 862:15:2 8 5
627 772:7:5 2
525 578:10:7 3
209 600:12:9 3
580 599 790:13:5 3 5
252 473:10:7 3
393 580 786:17:8 5 4
404 596 863:9:2 1 6
57 105 914:5:1 1 3
441 867:6:1 5
448 614 682:7:1 3 3
25 133:3:2 1
474 518:9:3 6
571 843:9:4 5
354 814:9:4 5
181 543 721:13:3 9 1
448 491:7:1 6
71 130 895:6:2 2 2
474 561:7:3 4
435 650 863:13:1 6 6
639 917:7:5 2
48 395 732:15:4 9 2
491 646 720:12:6 5 1
594 697:4:1 3
8 343:8:3 5
594 598:2:1 1
243 449 971:11:7 1 3
409 781 863:14:2 6 6
385 581 731:15:9 5 1
209 593 875:15:9 1 5
219 624:15:9 6
488 528 598:15:6 8 1
32 117 343:8:2 1 5
16 59 186:9:2 2 5
23 971:5:2 3
85 140 721:5:3 1 1
26 598:5:4 1
84 855:8:3 5
91 476:7:2 5
408 686 875:10:2 3 5
790 880:10:5 5
17 205:13:2 11
186 474:8:5 3
41 385 596:13:3 9 1
312 571:7:3 4
23 880:7:2 5
29 257:11:3 8
76 561 903:10:3 4 3
37 786 916:11:4 4 3
104 537:11:1 10
140 433 543:12:1 2 9
111 970:5:2 3
4 178:6:3 3
22 58 975:10:4 3 3
23 106 598:5:2 2 1
354 879:10:4 6
102 652:6:1 5
58 198 669:13:3 4 6
359 363:13:5 8
422 638 749:9:2 4 3
443 481 518:13:1 6 6
29 594 906:6:3 1 2
52 348 547:18:3 5 10
111 647 908:9:2 4 3
68 971:5:2 3
48 497:10:4 6
402 819 927:8:1 5 2
593 638 947:7:1 4 2
17 429 588:7:2 2 3
17 434 732:6:2 2 2
508 774:10:7 3
378 758 914:17:9 5 3
270 447 561:13:7 2 4
187 713 911:6:3 1 2
266 572:10:5 5
572 989:8:5 3
377 504 866:22:9 8 5
57 194 730:5:1 3 1
907 914:6:3 3
433 790 975:10:2 5 3
19 94:4:3 1
54 120:4:3 1
32 816 977:9:2 4 3
142 143 518:9:1 2 6
454 571 637:12:3 4 5
512 633:10:6 4
517 553 853:19:7 8 4
402 581:6:1 5
473 982:6:3 3
105 693:4:1 3
23 135 900:5:2 1 2
6 264 422:12:3 7 2
146 484 946:10:2 6 2
378 530 614:18:9 6 3
219 599:12:9 3
359 594 754:10:5 1 4
477 485:10:5 5
142 209:10:1 9
429 550 614:15:2 10 3
103 461 790:10:1 4 5
95 101:4:2 2
124 463 633:10:2 4 4
332 534 721:19:8 10 1
48 193 502:13:4 3 6
76 179:6:3 3
103 867 875:11:1 5 5
64 275 432:9:1 7 1
91 395:11:2 9
25 74 686:6:2 1 3
6 429 600:8:3 2 3
64 219 844:14:1 9 4
243 588:10:7 3
74 312 539:12:1 3 8
181 479:9:3 6
645 882:6:5 1
37 905 979:10:4 3 3
749 864:9:3 6
2 551 977:14:3 8 3
158 548:13:5 8
70 911:3:1 2
198 790:9:4 5
219 474:12:9 3
131 394 888:11:1 8 2
180 481 551:19:5 6 8
343 449:6:5 1
566 629 752:13:3 6 4
41 790:8:3 5
122 180 652:12:2 5 5
115 633:6:2 4
124 275 647:13:2 7 4
53 151 447:7:1 4 2
117 798 986:8:1 5 2
122 421:4:2 2
122 732:4:2 2
186 198 529:17:5 4 8
641 927:8:6 2
78 588 979:9:3 3 3
59 534 855:17:2 10 5
348 436:7:5 2
49 378:12:3 9
468 594:4:3 1
205 649 916:20:11 6 3
243 393 974:17:7 8 2
369 875:13:8 5
527 754:11:7 4
473 529:11:3 8
479 660 801:18:6 7 5
179 468:6:3 3
134 434 543:13:2 2 9
101 891:3:2 1
69 117 532:10:1 1 8
197 628:9:4 5
88 551 900:12:2 8 2
483 816:9:5 4
22 216 484:21:4 11 6
175 240 491:18:3 9 6
640 907:8:5 3
57 543:10:1 9
181 595 893:7:3 2 2
434 891:3:2 1
354 559 565:16:4 8 4
422 790:7:2 5
830 841:8:4 4
64 421:3:1 2
219 277:16:9 7
395 566:12:9 3
470 697:7:4 3
879 883:8:6 2
343 641 814:16:5 6 5
266 758:10:5 5
138 491 607:11:2 6 3
436 466 508:12:2 3 7
446 710:4:1 3
359 604 721:7:5 1 1
133 970:4:1 3
57 58 498:9:1 3 5
458 559 844:15:3 8 4
210 535 927:22:10 10 2
860 908:8:5 3
461 870:10:4 6
228 503 875:21:9 7 5
436 581 761:8:2 5 1
252 446 504:16:7 1 8
646 864:11:5 6
64 328 730:8:1 6 1
359 447 579:11:5 2 4
547 595:12:10 2
20 414 759:8:4 1 3
394 597:9:8 1
198 270:11:4 7
577 711:5:4 1
422 879:8:2 6
69 106 594:4:1 2 1
843 878:11:5 6
19 227:13:3 10
38 243 430:10:2 7 1
434 898:4:2 2
468 706 869:12:3 4 5
124 192 210:16:2 4 10
462 706:7:3 4
228 266 975:17:9 5 3
16 103 460:6:2 1 3
11 87 407:8:4 2 2
4 869:8:3 5
252 881:8:7 1
355 492 982:11:3 5 3
394 476:13:8 5
124 508 891:10:2 7 1
253 532 862:22:9 8 5
11 42 231:16:4 4 8
23 549:10:2 8
544 864:15:9 6
376 947:11:9 2
403 549:9:1 8
266 354 414:10:5 4 1
73 140:3:2 1
551 862:13:8 5
664 900 982:11:6 2 3
393 395 640:22:8 9 5
19 34 275:13:3 3 7
34 57 135:5:3 1 1
67 458 534:16:3 3 10
393 830 864:18:8 4 6
102 498:6:1 5
227 508 774:20:10 7 3
544 749:12:9 3
537 547 772:22:10 10 2
25 559 731:11:2 8 1
65 193 913:6:1 3 2
363 435:9:8 1
404 620:5:2 3
140 649:7:1 6
441 790:6:1 5
270 905:10:7 3
430 473 513:10:1 3 6
16 612:3:2 1
26 402 947:7:4 1 2
710 731 882:5:3 1 1
516 844:10:6 4
624 646 865:17:6 5 6
54 974:5:3 2
227 503 599:20:10 7 3
38 721:3:2 1
888 891:3:2 1
34 328:9:3 6
598 917:3:1 2
167 429:5:3 2
615 749:6:3 3
37 553:12:4 8
500 591 688:10:6 2 2
25 974:4:2 2
471 568 598:10:4 5 1
641 866:11:6 5
571 879:10:4 6
79 270 432:9:1 7 1
240 772:11:9 2
120 145 566:5:1 1 3
22 65:5:4 1
78 946:5:3 2
117 275 830:12:1 7 4
84 497 772:11:3 6 2
163 912 979:8:3 2 3
18 449:5:4 1
441 888 914:6:1 2 3
597 614 720:5:1 3 1
240 614 871:18:9 3 6
73 76 947:7:2 3 2
553 569:11:8 3
864 891:7:6 1
32 74 369:11:2 1 8
103 407 601:4:1 2 1
91 192 521:12:2 4 6
76 277 568:15:3 7 5
71 448:3:2 1
758 853:9:5 4
216 517 612:19:11 7 1
448 500:7:1 6
491 730:7:6 1
483 711 814:11:5 1 5
57 175 486:10:1 3 6
88 602 895:7:2 3 2
112 210 252:19:2 10 7
473 476:8:3 5
49 403 646:9:3 1 5
363 629:14:8 6
54 498 842:14:3 5 6
87 898:4:2 2
42 395 596:14:4 9 1
16 193 364:12:2 3 7
371 637 906:15:8 5 2
632 916:9:6 3
512 907:9:6 3
761 878:7:1 6
245 652:14:9 5
243 597:8:7 1
145 649 659:13:1 6 6
693 862 971:11:3 5 3
130 460:5:2 3
26 106 644:10:4 2 4
430 441 473:5:1 1 3
104 118:3:1 2
102 107 882:3:1 1 1
58 516 578:12:3 6 3
422 488:8:2 6
513 798:11:6 5
486 524:13:6 7
67 427:5:3 2
70 500 659:13:1 6 6
135 312 385:13:1 3 9
460 527:10:3 7
41 759 982:9:3 3 3
409 429 628:9:2 2 5
502 551 596:15:6 8 1
697 878:9:3 6
87 596 627:8:2 1 5
37 614 895:9:4 3 2
107 146:3:1 2
49 532 536:19:3 8 8
119 429:3:1 2
145 174 328:10:1 3 6
612 659 945:9:1 6 2
252 414:8:7 1
411 843 907:10:2 5 3
479 916:9:6 3
402 626 664:11:1 4 6
124 484 544:17:2 6 9
454 500:9:3 6
94 568 706:10:1 5 4
190 410:6:5 1
545 693 950:15:9 3 3
277 781 790:18:7 6 5
604 759 911:6:1 3 2
29 34:6:3 3
518 947:8:6 2
199 378 450:15:4 9 2
41 481 638:13:3 6 4
78 524:10:3 7
572 633:9:5 4
371 395:17:8 9
186 197 403:10:5 4 1
498 639:10:5 5
163 175 270:13:3 3 7
104 628:6:1 5
596 638:5:1 4
2 463 532:15:3 4 8
601 891:2:1 1
69 363 448:10:1 8 1
49 427 841:9:3 2 4
67 145 615:7:3 1 3
158 623:11:5 6
407 669:8:2 6
240 588 915:15:9 3 3
646 947:7:5 2
142 556 883:13:1 10 2
429 646:7:2 5
68 658:9:2 7
101 227 533:22:2 10 10
547 652 841:19:10 5 4
88 143 432:5:2 2 1
69 228 710:13:1 9 3
384 470:13:9 4
67 552 877:19:3 10 6
34 648 918:11:3 6 2
421 801:7:2 5
613 637 732:8:1 5 2
8 257 950:14:3 8 3
16 720 862:8:2 1 5
414 447 618:6:1 2 3
427 877 970:11:2 6 3
404 623:8:2 6
454 971:6:3 3
458 525:10:3 7
236 480 727:17:10 6 1
530 623 632:18:6 6 6
79 539 693:12:1 8 3
34 644 915:10:3 4 3
26 568 658:16:4 5 7
371 473 732:13:8 3 2
480 801:11:6 5
138 441:3:2 1
76 193 801:11:3 3 5
626 761 918:7:4 1 2
240 363 830:21:9 8 4
94 139 504:10:1 1 8
586 878:10:4 6
781 841:10:6 4
883 986:4:2 2
167 819 866:13:3 5 5
181 187:6:3 3
115 911:4:2 2
460 593:4:3 1
544 898 947:13:9 2 2
73 209 354:15:2 9 4
200 524 878:16:3 7 6
302 559 979:13:2 8 3
2 530 706:13:3 6 4
404 480 903:11:2 6 3
54 78 491:12:3 3 6
101 429 628:9:2 2 5
502 669 893:14:6 6 2
328 876:11:6 5
70 553 869:14:1 8 5
64 602:4:1 3
243 579 639:16:7 4 5
660 814:12:7 5
194 752 864:13:3 4 6
363 486 649:20:8 6 6
404 460:5:2 3
163 571 630:13:3 4 6
371 394 711:17:8 8 1
843 893:7:5 2
198 564:8:4 4
604 908:4:1 3
207 209 652:25:11 9 5
8 920:6:3 3
143 686:5:2 3
42 253:13:4 9
11 547:14:4 10
12 599 866:10:2 3 5
91 150 163:6:2 1 3
143 146 566:7:2 2 3
36 650:10:4 6
175 596 918:6:3 1 2
74 477 895:8:1 5 2
197 414:5:4 1
199 210 627:19:4 10 5
403 534:11:1 10
277 450 774:12:7 2 3
688 863 893:10:2 6 2
107 115:3:1 2
231 730:9:8 1
180 491:11:5 6
175 207 521:20:3 11 6
146 359 732:9:2 5 2
64 84 647:8:1 3 4
624 727 853:11:6 1 4
88 484 891:9:2 6 1
8 498 732:10:3 5 2
429 514 658:15:2 6 7
54 59 67:8:3 2 3
228 463 865:19:9 4 6
2 629:9:3 6
231 553 646:21:8 8 5
394 878:14:8 6
135 686:4:1 3
187 198 644:11:3 4 4
394 602:11:8 3
53 140 194:5:1 1 3
143 158 240:16:2 5 9
174 669:9:3 6
101 516 561:12:2 6 4
385 616:11:9 2
133 758 860:11:1 5 5
134 435:3:2 1
193 648 865:15:3 6 6
70 620:4:1 3
871 876:11:6 5
84 468 521:12:3 3 6
427 512:8:2 6
131 564:5:1 4
71 118 479:10:2 2 6
243 754 875:16:7 4 5
409 600 601:6:2 3 1
774 927:5:3 2
518 710:9:6 3
466 626 752:11:3 4 4
427 550:12:2 10
46 514:8:2 6
106 604:3:2 1
461 620 774:10:4 3 3
384 551 945:19:9 8 2
111 731:3:2 1
107 500:7:1 6
187 580 693:11:3 5 3
26 73 732:8:4 2 2
359 816:9:5 4
63 628:8:3 5
119 447 648:9:1 2 6
91 205 581:18:2 11 5
266 512:11:5 6
488 596:7:6 1
252 682:10:7 3
513 528:14:6 8
502 616 893:10:6 2 2
543 595 946:13:9 2 2
275 517:14:7 7
193 257 600:14:3 8 3
91 580:7:2 5
231 443 644:13:8 1 4
65 243 772:10:1 7 2
481 602:9:6 3
2 236:13:3 10
328 514:12:6 6
37 332 814:17:4 8 5
44 312 645:10:2 3 5
228 534:19:9 10
449 614 982:7:1 3 3
559 781 866:19:8 6 5
8 537:13:3 10
434 485 950:10:2 5 3
34 880:8:3 5
91 517 550:19:2 7 10
369 752:12:8 4
87 588 727:6:2 3 1
561 659 975:13:4 6 3
88 408 545:13:2 2 9
198 378 594:14:4 9 1
517 521:13:7 6
67 500 752:13:3 6 4
529 865:14:8 6
150 759 908:7:1 3 3
435 580 891:7:1 5 1
43 122 711:6:3 2 1
73 130 228:13:2 2 9
42 135:5:4 1
363 373 658:24:8 9 7
158 580:10:5 5
669 844 870:16:6 4 6
504 524 749:18:8 7 3
71 270 649:15:2 7 6
70 539:9:1 8
277 463:11:7 4
69 525:8:1 7
607 855:8:3 5
8 772 989:8:3 2 3
411 597:3:2 1
17 153 881:6:2 3 1
537 566 759:16:10 3 3
508 553 612:16:7 8 1
73 236 369:20:2 10 8
139 328 920:10:1 6 3
468 650:9:3 6
568 647:9:5 4
179 410:4:3 1
84 604 713:5:3 1 1
227 435:11:10 1
364 569 989:13:7 3 3
198 516:10:4 6
537 624:16:10 6
37 58 819:12:4 3 5
468 644 876:12:3 4 5
32 65 516:9:2 1 6
556 607:13:10 3
460 630 652:14:3 6 5
100 732 898:7:3 2 2
67 174 898:8:3 3 2
2 26 986:9:3 4 2
495 564 577:14:6 4 4
145 568 731:7:1 5 1
53 354:5:1 4
192 514:10:4 6
483 594 927:8:5 1 2
580 982:8:5 3
2 524:10:3 7
187 586:7:3 4
514 550 732:18:6 10 2
57 253 528:18:1 9 8
394 586 869:17:8 4 5
870 888 898:10:6 2 2
18 240:13:4 9
270 565 615:14:7 4 3
638 871:10:4 6
578 881:4:3 1
23 641 914:11:2 6 3
378 552 862:24:9 10 5
483 508 598:13:5 7 1
64 68 600:6:1 2 3
84 115 198:9:3 2 4
91 772 913:6:2 2 2
219 479 781:21:9 6 6
830 865:10:4 6
29 377:12:3 9
67 495 516:15:3 6 6
759 798:8:3 5
402 462 618:7:1 3 3
179 363:11:3 8
94 616 646:8:1 2 5
595 658 989:12:2 7 3
102 498 710:9:1 5 3
508 880:12:7 5
131 175:4:1 3
462 566 646:11:3 3 5
120 500 710:10:1 6 3
71 529:10:2 8
652 761:6:5 1
516 564:10:6 4
207 421 565:17:11 2 4
178 537 639:18:3 10 5
521 598:7:6 1
572 982:8:5 3
543 593:10:9 1
30 613 989:7:3 1 3
434 458 528:13:2 3 8
161 302 644:11:5 2 4
535 878:16:10 6
192 620:7:4 3
369 524 732:17:8 7 2
790 882:6:5 1
6 450:5:3 2
618 658 841:14:3 7 4
107 270 907:11:1 7 3
476 552:15:5 10
435 630:7:1 6
544 721:10:9 1
593 628:6:1 5
29 78:6:3 3
52 721:4:3 1
65 730:2:1 1
384 572 645:19:9 5 5
120 870 974:9:1 6 2
568 602:8:5 3
502 527:13:6 7
551 869:13:8 5
56 190 537:17:2 5 10
596 614 804:9:1 3 5
133 502 628:12:1 6 5
460 686:6:3 3
41 911:5:3 2
536 853:12:8 4
46 395:11:2 9
450 479:8:2 6
447 463 529:14:2 4 8
122 178 626:9:2 3 4
484 664:12:6 6
58 87:5:3 2
572 752 862:14:5 4 5
124 844:6:2 4
450 711:3:2 1
74 447:3:1 2
30 151 359:12:3 4 5
407 761 895:5:2 1 2
22 539 578:15:4 8 3
107 875 882:7:1 5 1
463 911:6:4 2
131 550 871:17:1 10 6
4 175:6:3 3
34 180:8:3 5
101 502 882:9:2 6 1
627 865 913:13:5 6 2
270 645 946:14:7 5 2
598 877:7:1 6
179 804:8:3 5
348 486 598:12:5 6 1
163 488 512:15:3 6 6
30 179:6:3 3
194 443 537:14:3 1 10
435 623 710:10:1 6 3
516 591 650:14:6 2 6
46 432 798:8:2 1 5
566 658:10:3 7
46 421 844:8:2 2 4
359 449 450:8:5 1 2
882 883 974:5:1 2 2
561 686 906:9:4 3 2
359 630:11:5 6
180 521:11:5 6
518 547 648:22:6 10 6
488 641 893:14:6 6 2
167 664 720:10:3 6 1
70 759:4:1 3
411 598:3:2 1
32 410:3:2 1
178 688:5:3 2
395 402 927:12:9 1 2
369 974:10:8 2
640 644:9:5 4
553 844 979:15:8 4 3
404 602:5:2 3
53 600:4:1 3
190 732:7:5 2
468 875:8:3 5
101 131:3:2 1
100 373 483:17:3 9 5
186 332 647:17:5 8 4
533 911:12:10 2
30 228 545:21:3 9 9
422 950:5:2 3
231 480:14:8 6
266 693:8:5 3
56 407 549:12:2 2 8
56 432 436:5:2 1 2
200 395 842:18:3 9 6
4 758:8:3 5
270 713:8:7 1
22 384 774:16:4 9 3
16 174 786:9:2 3 4
568 752:9:5 4
240 543 588:21:9 9 3
42 524 974:13:4 7 2
529 947:10:8 2
277 421:9:7 2
8 453 688:9:3 4 2
473 660:10:3 7
474 652:8:3 5
453 551 604:13:4 8 1
192 664:10:4 6
41 450 588:8:3 2 3
607 664 871:15:3 6 6
207 566 710:17:11 3 3
659 870:12:6 6
371 514 869:19:8 6 5
76 124 197:9:3 2 4
471 569:7:4 3
521 598:7:6 1
407 786 977:9:2 4 3
228 302 731:12:9 2 1
436 571:6:2 4
190 512 556:21:5 6 10
377 559 604:18:9 8 1
535 721:11:10 1
433 599:5:2 3
174 376 481:18:3 9 6
42 88 94:7:4 2 1
118 463:6:2 4
498 545:14:5 9
200 627:8:3 5
471 473:7:4 3
571 624:10:4 6
521 616 620:11:6 2 3
107 134:3:1 2
73 377:11:2 9
175 543 732:14:3 9 2
535 550 749:23:10 10 3
646 877:11:5 6
593 982:4:1 3
219 568:14:9 5
53 95:3:1 2
85 855:8:3 5
60 572:8:3 5
65 410 492:7:1 1 5
119 369:9:1 8
446 659:7:1 6
30 759:6:3 3
446 648 863:13:1 6 6
302 878 977:11:2 6 3
710 860 891:9:3 5 1
462 772:5:3 2
151 198 615:11:4 4 3
32 893:4:2 2
180 407:7:5 2
548 652 979:16:8 5 3
143 394 844:14:2 8 4
713 986:3:1 2
158 376 975:17:5 9 3
22 153 918:9:4 3 2
25 772 918:6:2 2 2
491 612 869:12:6 1 5
228 596 602:13:9 1 3
76 111 648:11:3 2 6
59 205:13:2 11
73 107:3:2 1
853 914:7:4 3
527 946:9:7 2
194 461 612:8:3 4 1
679 883:8:6 2
18 257:12:4 8
236 484 986:18:10 6 2
65 409 443:4:1 2 1
57 497 844:11:1 6 4
76 448:4:3 1
790 950:8:5 3
875 915:8:5 3
446 588 752:8:1 3 4
87 816:6:2 4
65 488 905:10:1 6 3
190 565 637:14:5 4 5
328 720:7:6 1
105 394:9:1 8
447 620:5:2 3
186 679:11:5 6
434 508:9:2 7
200 411:5:3 2
88 209:11:2 9
124 190 579:11:2 5 4
786 908:7:4 3
175 179 914:9:3 3 3
369 421:10:8 2
52 477 915:11:3 5 3
559 842:14:8 6
36 194 915:10:4 3 3
466 550:13:3 10
46 530 781:14:2 6 6
163 869:8:3 5
146 427:4:2 2
102 443 486:8:1 1 6
76 860 877:14:3 5 6
447 732 920:7:2 2 3
91 194 876:10:2 3 5
52 414 693:7:3 1 3
187 512 843:14:3 6 5
64 920:4:1 3
135 863:7:1 6
180 679:11:5 6
34 468 749:9:3 3 3
586 607 652:12:4 3 5
102 556 786:15:1 10 4
41 648 706:13:3 6 4
199 650:10:4 6
253 453 481:19:9 4 6
74 275:8:1 7
569 616 710:8:3 2 3
25 42:6:2 4
450 545:11:2 9
101 359 580:12:2 5 5
167 528 658:18:3 8 7
371 639:13:8 5
446 594 648:8:1 1 6
404 880:7:2 5
36 504:12:4 8
85 906:5:3 2
527 571 578:14:7 4 3
363 454 626:15:8 3 4
16 918:4:2 2
257 488 535:24:8 6 10
115 660 730:10:2 7 1
530 586 613:11:6 4 1
421 572 853:11:2 5 4
443 600 713:5:1 3 1
91 601 660:10:2 1 7
187 627:8:3 5
535 645:15:10 5
145 497 638:11:1 6 4
209 402 975:13:9 1 3
394 614:11:8 3
19 36:7:3 4
373 395 754:22:9 9 4
463 641:10:4 6
429 432:3:2 1
61 363:9:1 8
44 597:3:2 1
363 503:15:8 7
525 602:10:7 3
167 599 867:11:3 3 5
408 468 647:9:2 3 4
140 601 882:3:1 1 1
48 394 521:18:4 8 6
36 550 786:18:4 10 4
549 629 883:16:8 6 2
518 556 579:20:6 10 4
422 613 669:9:2 1 6
69 257:9:1 8
639 882 945:8:5 1 2
11 543 759:16:4 9 3
44 468 819:10:2 3 5
227 427 627:17:10 2 5
174 393:11:3 8
408 686:5:2 3
190 534 790:20:5 10 5
240 539:17:9 8
41 679 979:12:3 6 3
59 527:9:2 7
199 616 638:10:4 2 4
26 210:14:4 10
596 652 920:9:1 5 3
84 393 974:13:3 8 2
569 913:5:3 2
18 194 882:8:4 3 1
252 434 644:13:7 2 4
131 521 970:10:1 6 3
61 476 648:12:1 5 6
94 595 866:8:1 2 5
348 525 581:17:5 7 5
175 435:4:3 1
613 638:5:1 4
432 620:4:1 3
539 727 843:14:8 1 5
34 133 528:12:3 1 8
130 710:5:2 3
4 34 517:13:3 3 7
264 530 624:19:7 6 6
483 581:10:5 5
486 553:14:6 8
359 620 843:13:5 3 5
44 404 862:9:2 2 5
586 624:10:4 6
774 879:9:3 6
134 312 516:11:2 3 6
115 194 228:14:2 3 9
6 187 532:14:3 3 8
84 104 900:6:3 1 2
252 454 633:14:7 3 4
43 65:4:3 1
332 581 626:17:8 5 4
100 122:5:3 2
101 618:5:2 3
87 596 627:8:2 1 5
488 881 971:10:6 1 3
42 181:7:4 3
178 458 814:11:3 3 5
145 975:4:1 3
130 548:10:2 8
553 882:9:8 1
146 435:3:2 1
517 618:10:7 3
25 628:7:2 5
19 373 843:17:3 9 5
561 863:10:4 6
79 918 982:6:1 2 3
181 199 688:9:3 4 2
477 612:6:5 1
106 192 759:9:2 4 3
16 100:5:2 3
67 593:4:3 1
200 436:5:3 2
245 414:10:9 1
879 971:9:6 3
52 543 970:15:3 9 3
34 920:6:3 3
58 403 759:7:3 1 3
414 454 618:7:1 3 3
84 578 918:8:3 3 2
328 348:11:6 5
174 359 488:14:3 5 6
612 915:4:1 3
85 474 880:11:3 3 5
432 706 982:8:1 4 3
473 477:8:3 5
54 549:11:3 8
454 620 731:7:3 3 1
101 257 645:15:2 8 5
409 593:3:2 1
57 111:3:1 2
450 633 798:11:2 4 5
332 912:10:8 2
91 908:5:2 3
131 568 879:12:1 5 6
151 581:9:4 5
8 945:5:3 2
76 402:4:3 1
207 486:17:11 6
207 530:17:11 6
178 332 421:13:3 8 2
34 553 907:14:3 8 3
142 593 754:6:1 1 4
2 862:8:3 5
4 135:4:3 1
409 591:4:2 2
624 695:8:6 2
4 150 462:7:3 1 3
579 629:10:4 6
23 427 895:6:2 2 2
25 161:7:2 5
115 120 485:8:2 1 5
521 710:9:6 3
102 500 898:9:1 6 2
135 524 569:11:1 7 3
22 842 893:12:4 6 2
443 473 759:7:1 3 3
107 814:6:1 5
236 408:12:10 2
68 120:3:2 1
458 946:5:3 2
534 989:13:10 3
411 422:4:2 2
240 376 814:23:9 9 5
180 236:15:5 10
359 565:9:5 4
252 518 721:14:7 6 1
111 727:3:2 1
549 641 841:18:8 6 4
364 470:11:7 4
441 528:9:1 8
8 122 143:7:3 2 2
163 801 945:10:3 5 2
32 508 749:12:2 7 3
407 492 801:12:2 5 5
194 772:5:3 2
466 543:12:3 9
18 534 564:18:4 10 4
26 486:10:4 6
76 527:10:3 7
29 146:5:3 2
385 486 843:20:9 6 5
192 579:8:4 4
257 518:14:8 6
94 534:11:1 10
536 559 652:21:8 8 5
143 530 979:11:2 6 3
59 209 517:18:2 9 7
532 855:13:8 5
60 76 433:8:3 3 2
104 384 730:11:1 9 1
71 626:6:2 4
480 652:11:6 5
586 624 632:16:4 6 6
73 537 593:13:2 10 1
122 163:5:2 3
112 915:5:2 3
441 561 706:9:1 4 4
544 607 758:17:9 3 5
60 332 710:14:3 8 3
312 578:6:3 3
4 91 302:7:3 2 2
100 174 679:12:3 3 6
58 59 549:13:3 2 8
52 706:7:3 4
186 633 865:15:5 4 6
95 875:7:2 5
68 378 547:21:2 9 10
710 772:5:3 2
59 122:4:2 2
544 669 891:16:9 6 1
468 580 626:12:3 5 4
16 61 869:8:2 1 5
199 553:12:4 8
16 332 549:18:2 8 8
140 946:3:1 2
266 660:12:5 7
20 528 945:14:4 8 2
376 513 853:19:9 6 4
68 140 759:6:2 1 3
190 543:14:5 9
79 638:5:1 4
74 252:8:1 7
167 982:6:3 3
409 564 579:10:2 4 4
476 544 883:16:5 9 2
761 844 895:7:1 4 2
95 178 521:11:2 3 6
42 44 395:15:4 2 9
105 402:2:1 1
6 57 979:7:3 1 3
601 814 913:8:1 5 2
650 711:7:6 1
139 644:5:1 4
118 495 647:12:2 6 4
74 146 630:9:1 2 6
115 453 888:8:2 4 2
138 632 853:12:2 6 4
193 471 982:10:3 4 3
548 693:11:8 3
205 228 644:24:11 9 4
302 332 596:11:2 8 1
236 395 669:25:10 9 6
876 914:8:5 3
32 153 395:14:2 3 9
63 543 568:17:3 9 5
44 474:5:2 3
64 112:3:1 2
6 623 686:12:3 6 3
640 907:8:5 3
54 227 986:15:3 10 2
641 920:9:6 3
36 119:5:4 1
87 410:3:2 1
135 912:3:1 2
143 454 877:11:2 3 6
618 900:5:3 2
205 432 731:13:11 1 1
140 435 855:7:1 1 5
328 804:11:6 5
245 486 514:21:9 6 6
23 474:5:2 3
46 133:3:2 1
194 553:11:3 8
167 781:9:3 6
103 612:2:1 1
4 37 53:8:3 4 1
133 774 866:9:1 3 5
58 492 637:13:3 5 5
205 527:18:11 7
11 142:5:4 1
601 713 860:7:1 1 5
205 216:22:11 11
512 521 819:17:6 6 5
26 549 628:17:4 8 5
4 908:6:3 3
600 731:4:3 1
403 786:5:1 4
167 302 686:8:3 2 3
18 73:6:4 2
869 950:8:5 3
328 913:8:6 2
42 58 556:17:4 3 10
60 266 521:14:3 5 6
29 395:12:3 9
158 754 853:13:5 4 4
463 468 721:8:4 3 1
534 945:12:10 2
207 454 517:21:11 3 7
548 711:9:8 1
70 200 731:5:1 3 1
124 270 525:16:2 7 7
369 801:13:8 5
599 616:5:3 2
19 913 950:8:3 2 3
107 492 906:8:1 5 2
473 529:11:3 8
142 167 461:8:1 3 4
120 503 732:10:1 7 2
95 122 500:10:2 2 6
210 816 891:15:10 4 1
504 721:9:8 1
60 100:6:3 3
163 602:6:3 3
124 430 495:9:2 1 6
19 596:4:3 1
508 599 618:13:7 3 3
395 477:14:9 5
525 660:14:7 7
565 600:7:4 3
30 545:12:3 9
207 434:13:11 2
111 198 895:8:2 4 2
130 639 979:10:2 5 3
407 908:5:2 3
17 194 527:12:2 3 7
60 410 471:8:3 1 4
492 529 595:15:5 8 2
85 228 561:16:3 9 4
84 891:4:3 1
53 73 435:4:1 2 1
181 679 878:15:3 6 6
430 436:3:1 2
105 911:3:1 2
112 596 914:6:2 1 3
508 639:12:7 5
56 138 908:7:2 2 3
210 264 369:25:10 7 8
443 550 880:16:1 10 5
68 74 393:11:2 1 8
26 112:6:4 2
53 270:8:1 7
38 56:4:2 2
56 474:5:2 3
101 354 912:8:2 4 2
364 600 871:16:7 3 6
134 871:8:2 6
151 181:7:4 3
348 564:9:5 4
133 552 586:15:1 10 4
430 436 632:9:1 2 6
17 192 447:8:2 4 2
394 758 862:18:8 5 5
71 120 720:4:2 1 1
84 599:6:3 3
120 865:7:1 6
463 871:10:4 6
134 979:5:2 3
140 145:2:1 1
161 566:8:5 3
328 385 881:16:6 9 1
153 486 908:12:3 6 3
395 774:12:9 3
16 604:3:2 1
620 816 877:13:3 4 6
435 492:6:1 5
56 553 727:11:2 8 1
6 458:6:3 3
277 549 875:20:7 8 5
181 907:6:3 3
175 364:10:3 7
139 593 888:4:1 1 2
88 270 865:15:2 7 6
593 867 906:8:1 5 2
534 658:17:10 7
462 529 581:16:3 8 5
649 906:8:6 2
376 801:14:9 5
649 974:8:6 2
20 710 786:11:4 3 4
480 629 911:14:6 6 2
131 227:11:1 10
187 343 647:12:3 5 4
44 63 163:8:2 3 3
481 495 754:16:6 6 4
578 630 816:13:3 6 4
25 187 198:9:2 3 4
17 245 588:14:2 9 3
454 458:6:3 3
219 236 830:23:9 10 4
402 759:4:1 3
402 598 878:8:1 1 6
22 71:6:4 2
474 977:6:3 3
146 710:5:2 3
167 228 502:18:3 9 6
38 192:6:2 4
354 435 539:13:4 1 8
48 476 550:19:4 5 10
18 710:7:4 3
277 376 907:19:7 9 3
17 561 721:7:2 4 1
210 614 695:15:10 3 2
102 882:2:1 1
343 697 870:14:5 3 6
153 713:4:3 1
403 556 639:16:1 10 5
514 867:11:6 5
193 434 711:6:3 2 1
199 450:6:4 2
600 881:4:3 1
193 626 905:10:3 4 3
120 449 920:5:1 1 3
761 911:3:1 2
178 395 403:13:3 9 1
8 240 484:18:3 9 6
502 658:13:6 7
29 626 731:8:3 4 1
207 549:19:11 8
58 179:6:3 3
19 630:9:3 6
275 679 916:16:7 6 3
101 199 875:11:2 4 5
461 480 628:15:4 6 5
414 761 883:4:1 1 2
37 581 860:14:4 5 5
4 579 977:10:3 4 3
369 527 537:25:8 7 10
119 408:3:1 2
403 481 578:10:1 6 3
435 711:2:1 1
518 521 843:17:6 6 5
544 914:12:9 3
56 210 588:15:2 10 3
37 626:8:4 4
118 243 595:11:2 7 2
430 870 917:9:1 6 2
210 596:11:10 1
133 801 804:11:1 5 5
161 403 529:14:5 1 8
23 53 432:4:2 1 1
484 512:12:6 6
355 727:4:3 1
88 514 860:13:2 6 5
153 646 867:13:3 5 5
60 245:12:3 9
866 881 908:9:5 1 3
53 536:9:1 8
167 409 436:7:3 2 2
139 414:2:1 1
64 194:4:1 3
117 860:6:1 5
579 876:9:4 5
264 376 427:18:7 9 2
73 454:5:2 3
11 878:10:4 6
17 95:4:2 2
266 518 842:17:5 6 6
17 393 639:15:2 8 5
175 402 517:11:3 1 7
150 732:3:1 2
95 395:11:2 9
537 720:11:10 1
131 504 986:11:1 8 2
17 600 602:8:2 3 3
604 880:6:1 5
476 504:13:5 8
8 970:6:3 3
103 179:4:1 3
216 470:15:11 4
105 106 207:14:1 2 11
8 26:7:3 4
468 749:6:3 3
88 903:5:2 3
548 564:12:8 4
463 843:9:4 5
78 477:8:3 5
411 615:5:2 3
422 640:7:2 5
52 436:5:3 2
85 210 880:18:3 10 5
49 120 607:7:3 1 3
4 371:11:3 8
43 545 843:17:3 9 5
641 645 686:14:6 5 3
545 607 843:17:9 3 5
302 460 888:7:2 3 2
659 710:9:6 3
105 193 448:5:1 3 1
29 697:6:3 3
23 175 916:8:2 3 3
257 441 503:16:8 1 7
615 798:8:3 5
774 864 950:12:3 6 3
94 710:4:1 3
103 615 916:7:1 3 3
57 454 550:14:1 3 10
427 468:5:2 3
711 875:6:1 5
111 473:5:2 3
369 639 679:19:8 5 6
41 78:6:3 3
192 514 915:13:4 6 3
470 905:7:4 3
410 664 686:10:1 6 3
252 524:14:7 7
32 407:4:2 2
2 565 624:13:3 4 6
130 601 646:8:2 1 5
150 432 624:8:1 1 6
453 974:6:4 2
146 477:7:2 5
219 453 633:17:9 4 4
443 695:3:1 2
4 54:6:3 3
236 503:17:10 7
12 697:5:2 3
23 486:8:2 6
373 659 878:21:9 6 6
454 637:8:3 5
435 986:3:1 2
30 595:5:3 2
175 571:7:3 4
70 240 577:14:1 9 4
29 275 480:16:3 7 6
578 888 979:8:3 2 3
57 253 879:16:1 9 6
57 369 517:16:1 8 7
524 533:17:7 10
199 394 814:17:4 8 5
216 870:17:11 6
106 602 649:11:2 3 6
458 790 916:11:3 5 3
105 730 867:7:1 1 5
79 151:5:1 4
369 632 842:20:8 6 6
69 485 875:11:1 5 5
38 752:6:2 4
63 73 209:14:3 2 9
122 312 946:7:2 3 2
67 866:8:3 5
120 384 536:18:1 9 8
245 534 891:20:9 10 1
63 602:6:3 3
626 629:10:4 6
521 572 710:14:6 5 3
18 462 594:8:4 3 1
20 669:10:4 6
26 264 404:13:4 7 2
115 730:3:2 1
343 844:9:5 4
73 394:10:2 8
502 693 865:15:6 3 6
36 385 659:19:4 9 6
2 29:6:3 3
749 752:7:3 4
54 578 669:12:3 3 6
569 695:5:3 2
95 124:4:2 2
63 495 772:11:3 6 2
402 862:6:1 5
395 429 552:21:9 2 10
25 384 648:17:2 9 6
88 138 623:10:2 2 6
312 393 441:12:3 8 1
377 436:11:9 2
48 373:13:4 9
8 163 343:11:3 3 5
461 613:5:4 1
594 596 945:4:1 1 2
504 814 869:18:8 5 5
435 588:4:1 3
29 49:6:3 3
68 373:11:2 9
253 532 893:19:9 8 2
209 312:12:9 3
140 492 917:8:1 5 2
36 727:5:4 1
6 669 917:11:3 6 2
41 112 604:6:3 2 1
79 393:9:1 8
521 535 772:18:6 10 2
59 122 597:5:2 2 1
38 231 514:16:2 8 6
528 645 774:16:8 5 3
627 878 907:14:5 6 3
502 548:14:6 8
481 888 911:10:6 2 2
190 706 862:14:5 4 5
12 495:8:2 6
364 454 479:16:7 3 6
181 616:5:3 2
133 479 566:10:1 6 3
68 572:7:2 5
552 842:16:10 6
8 615:6:3 3
74 312 607:7:1 3 3
117 916:4:1 3
498 882:6:5 1
107 637 781:12:1 5 6
462 518 855:14:3 6 5
143 466 855:10:2 3 5
57 101:3:1 2
613 646 761:7:1 5 1
443 601 638:6:1 1 4
6 917:5:3 2
44 477 572:12:2 5 5
41 530 912:11:3 6 2
6 41 429:8:3 3 2
536 711:9:8 1
18 516:10:4 6
38 488:8:2 6
139 638:5:1 4
219 518 578:18:9 6 3
67 841 869:12:3 4 5
473 556:13:3 10
30 528 660:18:3 8 7
876 945:7:5 2
411 427 632:10:2 2 6
443 881:2:1 1
363 552 982:21:8 10 3
105 106:3:1 2
277 579 652:16:7 4 5
115 659:8:2 6
64 450 695:5:1 2 2
79 569 597:5:1 3 1
59 730 880:8:2 1 5
16 484 798:13:2 6 5
44 561:6:2 4
119 568 781:12:1 5 6
6 22 711:8:3 4 1
106 508 876:14:2 7 5
57 514 586:11:1 6 4
85 103:4:3 1
186 449:6:5 1
145 411:3:1 2
498 539:13:5 8
598 613:2:1 1
2 647 864:13:3 4 6
150 580 989:9:1 5 3
11 73:6:4 2
65 414:2:1 1
48 443:5:4 1
536 977:11:8 3
153 527:10:3 7
713 804:6:1 5
434 503 893:11:2 7 2
32 37 604:7:2 4 1
633 658 759:14:4 7 3
2 11 914:10:3 4 3
26 498:9:4 5
433 539:10:2 8
200 917:5:3 2
2 105 107:5:3 1 1
595 903:5:2 3
140 492 720:7:1 5 1
819 979:8:5 3
135 989:4:1 3
179 730 862:9:3 1 5
354 627 804:14:4 5 5
194 436 443:6:3 2 1
710 730 977:7:3 1 3
65 477 638:10:1 5 4
130 533:12:2 10
427 466 612:6:2 3 1
376 517 627:21:9 7 5
20 502 649:16:4 6 6
402 761:2:1 1
42 198 597:9:4 4 1
17 649 727:9:2 6 1
577 613:5:4 1
275 710 758:15:7 3 5
516 727 866:12:6 1 5
124 277:9:2 7
862 927:7:5 2
528 529 989:19:8 8 3
30 227:13:3 10
192 975:7:4 3
364 373 946:18:7 9 2
124 264 863:15:2 7 6
122 693:5:2 3
227 436 498:17:10 2 5
124 378 881:12:2 9 1
64 210 623:17:1 10 6
78 686:6:3 3
200 732 898:7:3 2 2
87 95:4:2 2
645 945:7:5 2
118 463:6:2 4
85 243:10:3 7
180 612:6:5 1
74 403 521:8:1 1 6
550 556:20:10 10
626 697:7:4 3
476 552 877:21:5 10 6
175 187:6:3 3
579 914:7:4 3
620 710 761:7:3 3 1
25 864:8:2 6
468 843 979:11:3 5 3
257 591 898:12:8 2 2
49 549 752:15:3 8 4
6 359:8:3 5
117 411 628:8:1 2 5
476 491 572:16:5 6 5
25 588 841:9:2 3 4
474 623 731:10:3 6 1
385 463:13:9 4
167 591 594:6:3 2 1
804 905:8:5 3
101 907 911:7:2 3 2
12 36 864:12:2 4 6
58 175 596:7:3 3 1
607 658:10:3 7
198 332 721:13:4 8 1
409 411 879:10:2 2 6
532 638 713:13:8 4 1
37 253 989:16:4 9 3
88 219 518:17:2 9 6
774 877:9:3 6
626 659:10:4 6
601 686:4:1 3
6 143 495:11:3 2 6
105 485:6:1 5
140 875:6:1 5
36 69 500:11:4 1 6
516 646:11:6 5
422 863 915:11:2 6 3
227 302 498:17:10 2 5
253 527:16:9 7
378 402 513:16:9 1 6
513 979:9:6 3
111 912:4:2 2
192 569 571:11:4 3 4
231 512 844:18:8 6 4
371 474:11:8 3
566 819 883:10:3 5 2
111 151 158:11:2 4 5
602 891 989:7:3 1 3
106 561:6:2 4
179 377:12:3 9
332 790:13:8 5
63 190 210:18:3 5 10
26 384 804:18:4 9 5
516 880:11:6 5
95 473:5:2 3
187 461:7:3 4
19 227 240:22:3 10 9
57 343 577:10:1 5 4
49 142:4:3 1
37 535 950:17:4 10 3
26 100 525:14:4 3 7
79 371 693:12:1 8 3
151 618:7:4 3
615 864:9:3 6
2 18 460:10:3 4 3
102 115 453:7:1 2 4
91 433 879:10:2 2 6
115 354:6:2 4
175 711 918:6:3 1 2
8 209 473:15:3 9 3
26 56 623:12:4 2 6
395 421:11:9 2
41 328:9:3 6
266 649:11:5 6
843 855:10:5 5
194 376 863:18:3 9 6
450 686:5:2 3
30 402 532:12:3 1 8
421 888:4:2 2
602 679:9:3 6
613 898:3:1 2
100 907:6:3 3
101 564:6:2 4
167 533:13:3 10
163 359 982:11:3 5 3
26 601:5:4 1
56 192 664:12:2 4 6
626 727 974:7:4 1 2
518 600:9:6 3
332 679 882:15:8 6 1
71 187 864:11:2 3 6
393 577:12:8 4
343 786 914:12:5 4 3
59 240 900:13:2 9 2
67 553:11:3 8
484 710:9:6 3
552 814:15:10 5
161 207 819:21:5 11 5
79 564 649:11:1 4 6
888 912:4:2 2
11 103 120:6:4 1 1
749 946:5:3 2
566 986:5:3 2
63 106 658:12:3 2 7
107 485:6:1 5
181 231 561:15:3 8 4
471 974:6:4 2
64 432 598:3:1 1 1
664 721:7:6 1
2 198 395:16:3 4 9
328 534 664:22:6 10 6
131 140 197:6:1 1 4
101 461 504:14:2 4 8
105 946:3:1 2
179 900:5:3 2
56 70 945:5:2 1 2
19 842 945:11:3 6 2
56 914:5:2 3
312 500:9:3 6
119 151 252:12:1 4 7
180 781:11:5 6
612 900:3:1 2
209 264:16:9 7
581 732:7:5 2
69 227 950:14:1 10 3
448 986:3:1 2
178 187:6:3 3
11 441 986:7:4 1 2
44 790:7:2 5
626 688 843:11:4 2 5
131 483 550:16:1 5 10
503 870:13:7 6
11 385 652:18:4 9 5
240 463 790:18:9 4 5
432 908:4:1 3
450 819 903:10:2 5 3
44 855:7:2 5
43 253 911:14:3 9 2
503 549 561:19:7 8 4
43 513 639:14:3 6 5
393 458 551:19:8 3 8
18 629:10:4 6
721 732 947:5:1 2 2
130 461 870:12:2 4 6
863 950:9:6 3
601 630 866:12:1 6 5
404 727:3:2 1
18 199 486:14:4 4 6
56 816:6:2 4
4 111 877:11:3 2 6
52 198:7:3 4
100 404:5:3 2
411 446:3:2 1
266 544:14:5 9
42 70 408:7:4 1 2
20 363 974:14:4 8 2
100 266 470:12:3 5 4
178 549 580:16:3 8 5
270 579:11:7 4
648 877:12:6 6
240 468 914:15:9 3 3
181 706 731:8:3 4 1
844 855 862:14:4 5 5
394 686:11:8 3
518 577 731:11:6 4 1
22 376:13:4 9
138 649 759:11:2 6 3
637 880 900:12:5 5 2
18 153 900:9:4 3 2
57 236 644:15:1 10 4
49 79 591:6:3 1 2
94 649:7:1 6
758 774:8:5 3
100 348 517:15:3 5 7
624 645:11:6 5
56 378:11:2 9
23 197 449:7:2 4 1
163 231:11:3 8
638 647:8:4 4
38 639:7:2 5
193 253:12:3 9
373 508:16:9 7
23 479 860:13:2 6 5
22 151 862:13:4 4 5
404 600:5:2 3
16 579 804:11:2 4 5
23 612:3:2 1
29 403 414:5:3 1 1
525 697:10:7 3
54 474 513:12:3 3 6
130 920 977:8:2 3 3
620 880:8:3 5
29 504 588:14:3 8 3
61 151 436:7:1 4 2
252 332 627:20:7 8 5
32 652:7:2 5
270 521 867:18:7 6 5
79 348 364:13:1 5 7
38 453 637:11:2 4 5
94 111 864:9:1 2 6
94 552:11:1 10
2 912:5:3 2
302 647 830:10:2 4 4
604 645 647:10:1 5 4
145 862:6:1 5
34 586 974:9:3 4 2
79 207 539:20:1 11 8
44 178 453:9:2 3 4
101 104 713:4:2 1 1
64 830:5:1 4
513 648:12:6 6
122 245 720:12:2 9 1
20 500 525:17:4 6 7
373 500:15:9 6
4 695 697:8:3 2 3
34 693 869:11:3 3 5
38 471 532:14:2 4 8
529 561 612:13:8 4 1
48 646:9:4 5
588 607 893:8:3 3 2
199 393:12:4 8
6 446 982:7:3 1 3
393 532:16:8 8
94 359 514:12:1 5 6
48 614:7:4 3
393 602:11:8 3
32 518 911:10:2 6 2
453 534:14:4 10
119 179 219:13:1 3 9
253 443 471:14:9 1 4
270 891:8:7 1
219 664 870:21:9 6 6
20 571 628:13:4 4 5
466 970:6:3 3
26 607:7:4 3
430 462 908:7:1 3 3
124 498:7:2 5
19 871 907:12:3 6 3
485 566:8:5 3
758 881:6:5 1
105 175 597:5:1 3 1
192 332:12:4 8
4 120 627:9:3 1 5
192 528 860:17:4 8 5
73 167 646:10:2 3 5
106 408:4:2 2
63 443 686:7:3 1 3
18 34:7:4 3
236 577:14:10 4
105 253:10:1 9
135 530:7:1 6
190 197:9:5 4
312 343:8:3 5
371 551:16:8 8
43 70 774:7:3 1 3
58 867:8:3 5
16 435:3:2 1
731 749:4:1 3
328 706:10:6 4
275 354 946:13:7 4 2
243 470 569:14:7 4 3
450 664 920:11:2 6 3
228 586:13:9 4
209 354 979:16:9 4 3
483 730 786:10:5 1 4
599 607:6:3 3
364 516:13:7 6
146 875:7:2 5
61 516 907:10:1 6 3
790 888:7:5 2
275 774:10:7 3
474 624:9:3 6
104 378 869:15:1 9 5
145 781 916:10:1 6 3
664 971 989:12:6 3 3
19 102:4:3 1
578 579 600:10:3 4 3
228 543:18:9 9
87 975:5:2 3
151 498 525:16:4 5 7
355 913:5:3 2
485 539:13:5 8
48 120 798:10:4 1 5
561 613:5:4 1
354 862:9:4 5
101 210 798:17:2 10 5
550 855:15:10 5
58 801:8:3 5
134 581:7:2 5
219 882:10:9 1
140 652 721:7:1 5 1
12 532:10:2 8
153 637:8:3 5
43 103 518:10:3 1 6
448 781:7:1 6
23 131 891:4:2 1 1
228 432:10:9 1
686 749:6:3 3
8 593:4:3 1
548 682:11:8 3
29 516:9:3 6
628 640:10:5 5
151 471 644:12:4 4 4
88 561:6:2 4
483 486 599:14:5 6 3
74 146 615:6:1 2 3
348 871:11:5 6
68 135 862:8:2 1 5
103 711:2:1 1
41 628 761:9:3 5 1
407 471 710:9:2 4 3
404 429 430:5:2 2 1
628 946 950:10:5 2 3
58 257:11:3 8
48 982:7:4 3
385 553 710:20:9 8 3
18 105 552:15:4 1 10
561 891:5:4 1
227 601 618:14:10 1 3
377 492 914:17:9 5 3
429 460 907:8:2 3 3
34 466:6:3 3
429 732:4:2 2
103 124 759:6:1 2 3
503 504:15:7 8
16 29 91:7:2 3 2
488 492:11:6 5
60 394 433:13:3 8 2
8 843:8:3 5
138 441 539:11:2 1 8
369 513 804:19:8 6 5
194 602:6:3 3
449 579 974:7:1 4 2
427 561 569:9:2 4 3
639 669:11:5 6
94 569 986:6:1 3 2
105 532:9:1 8
131 178:4:1 3
458 547:13:3 10
355 877:9:3 6
101 228:11:2 9
91 545:11:2 9
65 491:7:1 6
186 194 568:13:5 3 5
36 227 652:19:4 10 5
463 492 713:10:4 5 1
628 749:8:5 3
115 535 686:15:2 10 3
60 277 637:15:3 7 5
167 430:4:3 1
549 774 918:13:8 3 2
111 485 660:14:2 5 7
604 907:4:1 3
146 613:3:2 1
328 564:10:6 4
42 758:9:4 5
187 219 231:20:3 9 8
447 730:3:2 1
41 664:9:3 6
227 491 548:24:10 6 8
134 552 798:17:2 10 5
660 752:11:7 4
572 599:8:5 3
640 876 881:11:5 5 1
629 652 844:15:6 5 4
512 798 865:17:6 5 6
11 488:10:4 6
192 644 879:14:4 4 6
711 732:3:1 2
543 871:15:9 6
266 720 855:11:5 1 5
403 816:5:1 4
565 648:10:4 6
17 44 411:6:2 2 2
373 453 945:15:9 4 2
819 927:7:5 2
231 620 906:13:8 3 2
378 460:12:9 3
253 432 706:14:9 1 4
43 65 107:5:3 1 1
8 479:9:3 6
422 593:3:2 1
49 731 880:9:3 1 5
131 758:6:1 5
26 462:7:4 3
85 421 640:10:3 2 5
151 209 841:17:4 9 4
16 500 633:12:2 6 4
4 91 713:6:3 2 1
105 107 404:4:1 1 2
124 139:3:2 1
163 732:5:3 2
135 786:5:1 4
94 100 479:10:1 3 6
69 407 588:6:1 2 3
32 528:10:2 8
488 641:12:6 6
245 551 819:22:9 8 5
373 385:18:9 9
706 749:7:4 3
20 408:6:4 2
193 544 613:13:3 9 1
564 798:9:4 5
135 801:6:1 5
36 477:9:4 5
628 644 646:14:5 4 5
26 888:6:4 2
600 664:9:3 6
664 879:12:6 6
131 615 638:8:1 3 4
198 219 877:19:4 9 6
145 245 754:14:1 9 4
48 158 479:15:4 5 6
565 607 888:9:4 3 2
495 878:12:6 6
63 498 547:18:3 5 10
88 626 865:12:2 4 6
107 491 752:11:1 6 4
378 422 616:13:9 2 2
120 446 754:6:1 1 4
270 880:12:7 5
111 436:4:2 2
527 867:12:7 5
198 639:9:4 5
2 103 596:5:3 1 1
122 483 521:13:2 5 6
115 433 867:9:2 2 5
594 686:4:1 3
186 905:8:5 3
436 517:9:2 7
369 463:12:8 4
378 446 497:16:9 1 6
371 434:10:8 2
645 860:10:5 5
117 187:4:1 3
91 638 843:11:2 4 5
503 830 982:14:7 4 3
228 343 682:17:9 5 3
566 632:9:3 6
104 883:3:1 2
473 612 711:5:3 1 1
270 970:10:7 3
332 462 754:15:8 3 4
16 377 588:14:2 9 3
378 566 648:18:9 3 6
730 860 867:11:1 5 5
74 579 844:9:1 4 4
135 142:2:1 1
135 842:7:1 6
48 474:7:4 3
181 190:8:3 5
521 564:10:6 4
64 441 525:9:1 1 7
616 732:4:2 2
495 916:9:6 3
23 61 369:11:2 1 8
100 228 474:15:3 9 3
629 727:7:6 1
16 534:12:2 10
102 328 498:12:1 6 5
131 561 908:8:1 4 3
76 84 682:9:3 3 3
264 518:13:7 6
78 632:9:3 6
53 394 730:10:1 8 1
139 539:9:1 8
219 312:12:9 3
60 210 441:14:3 10 1
23 205 881:14:2 11 1
588 597:4:3 1
106 240:11:2 9
8 94:4:3 1
100 414:4:3 1
23 36 916:9:2 4 3
495 530:12:6 6
23 44:4:2 2
42 974:6:4 2
16 481 503:15:2 6 7
124 435 648:9:2 1 6
275 819 853:16:7 5 4
231 613 912:11:8 1 2
497 530 974:14:6 6 2
449 470 647:9:1 4 4
433 491 749:11:2 6 3
44 547:12:2 10
647 989:7:4 3
395 512 566:18:9 6 3
730 888:3:1 2
454 564 594:8:3 4 1
63 888:5:3 2
65 550 950:14:1 10 3
49 140:4:3 1
593 637:6:1 5
23 150:3:2 1
53 572 624:12:1 5 6
180 252 500:18:5 7 6
409 571 830:10:2 4 4
551 814:13:8 5
193 871:9:3 6
78 616 878:11:3 2 6
252 898:9:7 2
376 443 569:13:9 1 3
571 650:10:4 6
483 641:11:5 6
105 178 198:8:1 3 4
243 565:11:7 4
228 731:10:9 1
476 521 568:16:5 6 5
112 277 615:12:2 7 3
32 68 816:8:2 2 4
70 486:7:1 6
79 512:7:1 6
468 913 986:7:3 2 2
175 529:11:3 8
167 174 599:9:3 3 3
537 855:15:10 5
76 84:6:3 3
591 908:5:2 3
752 950:7:4 3
688 947:4:2 2
91 111:4:2 2
312 468 552:16:3 3 10
70 122 875:8:1 2 5
240 537 713:20:9 10 1
133 581:6:1 5
446 572 579:10:1 5 4
145 151:5:1 4
104 629 914:10:1 6 3
17 648 816:12:2 6 4
476 774 875:13:5 3 5
91 373 516:17:2 9 6
38 124 516:10:2 2 6
68 153 913:7:2 3 2
18 266 650:15:4 5 6
78 545 550:22:3 9 10
69 528 614:12:1 8 3
529 906:10:8 2
645 682:8:5 3
433 713 989:6:2 1 3
881 915:4:1 3
571 842:10:4 6
67 394 971:14:3 8 3
614 875:8:3 5
76 752:7:3 4
363 514 534:24:8 6 10
479 514:12:6 6
343 427 903:10:5 2 3
264 876:12:7 5
101 364 533:19:2 7 10
486 790:11:6 5
48 480:10:4 6
433 539 645:15:2 8 5
328 545:15:6 9
142 257 479:15:1 8 6
69 463 721:6:1 4 1
394 581 638:17:8 5 4
612 781:7:1 6
65 143:3:1 2
508 628:12:7 5
178 819:8:3 5
491 633 710:13:6 4 3
488 871:12:6 6
500 550:16:6 10
41 174 533:16:3 3 10
34 497 624:15:3 6 6
4 524:10:3 7
447 646 697:10:2 5 3
17 580:7:2 5
139 612 895:4:1 1 2
270 819 905:15:7 5 3
385 842:15:9 6
664 841 970:13:6 4 3
266 566 598:9:5 3 1
4 556 601:14:3 10 1
11 841 842:14:4 4 6
354 911:6:4 2
277 578 989:13:7 3 3
43 49 556:16:3 3 10
43 78 384:15:3 3 9
100 463 801:12:3 4 5
25 945:4:2 2
343 450 875:12:5 2 5
186 328:11:5 6
120 517:8:1 7
76 112 175:8:3 2 3
385 950:12:9 3
105 112 175:6:1 2 3
100 652:8:3 5
481 706 731:11:6 4 1
94 559 595:11:1 8 2
535 569 975:16:10 3 3
138 569 914:8:2 3 3
471 535:14:4 10
37 599 761:8:4 3 1
227 376 650:25:10 9 6
502 528 620:17:6 8 3
58 277 607:13:3 7 3
20 186 411:11:4 5 2
71 551 732:12:2 8 2
343 484:11:5 6
697 918:5:3 2
61 911 971:6:1 2 3
64 76:4:1 3
594 648 875:12:1 6 5
69 488 913:9:1 6 2
508 578:10:7 3
408 652:7:2 5
56 257 384:19:2 8 9
112 436 497:10:2 2 6
57 63 918:6:1 3 2
236 517:17:10 7
52 377 883:14:3 9 2
105 384 645:15:1 9 5
200 462:6:3 3
384 786:13:9 4
174 537 814:18:3 10 5
530 628 903:14:6 5 3
363 730 869:14:8 1 5
219 946:11:9 2
122 476 640:12:2 5 5
124 167:5:2 3
277 409:9:7 2
371 568:13:8 5
115 577 633:10:2 4 4
432 601 623:8:1 1 6
94 253 534:20:1 9 10
615 774:6:3 3
473 641:9:3 6
354 658 946:13:4 7 2
174 855:8:3 5
140 277 727:9:1 7 1
54 652 982:11:3 5 3
53 119 786:6:1 1 4
860 977:8:5 3
571 613:5:4 1
4 569:6:3 3
64 612 623:8:1 1 6
498 974:7:5 2
111 219:11:2 9
473 713:4:3 1
139 975:4:1 3
43 377 867:17:3 9 5
190 907:8:5 3
17 26 749:9:2 4 3
42 569 632:13:4 3 6
85 359:8:3 5
180 376:14:5 9
376 878:15:9 6
140 470 644:9:1 4 4
22 197 579:12:4 4 4
543 989:12:9 3
240 528 841:21:9 8 4
22 252:11:4 7
58 84:6:3 3
402 569:4:1 3
477 569:8:5 3
190 502:11:5 6
115 732 918:6:2 2 2
34 131 200:7:3 1 3
53 908:4:1 3
12 453 491:12:2 4 6
198 565 950:11:4 4 3
257 404:10:8 2
528 598:9:8 1
586 720:5:4 1
71 111:4:2 2
23 74 618:6:2 1 3
187 867:8:3 5
43 118 641:11:3 2 6
564 917:6:4 2
252 432 536:16:7 1 8
421 597 798:8:2 1 5
620 650 774:12:3 6 3
143 695:4:2 2
101 302 974:6:2 2 2
633 659 865:16:4 6 6
427 430 648:9:2 1 6
774 814:8:3 5
58 364 720:11:3 7 1
521 579:10:6 4
518 572:11:6 5
54 537 626:17:3 10 4
58 536:11:3 8
193 403 646:9:3 1 5
517 528:15:7 8
477 906:7:5 2
34 57 266:9:3 1 5
209 544 772:20:9 9 2
44 530 596:9:2 6 1
57 181:4:1 3
521 579:10:6 4
139 266 543:15:1 5 9
2 142:4:3 1
633 682:7:4 3
38 135 593:4:2 1 1
228 604:10:9 1
146 580:7:2 5
79 474 659:10:1 3 6
117 488 876:12:1 6 5
495 581:11:6 5
52 693:6:3 3
210 443:11:10 1
178 614 620:9:3 3 3
68 597 711:4:2 1 1
178 448 798:9:3 1 5
384 481 727:16:9 6 1
508 524 875:19:7 7 5
713 866:6:1 5
436 648:8:2 6
22 138 578:9:4 2 3
407 754:6:2 4
74 78 495:10:1 3 6
219 243 658:23:9 7 7
43 65 550:14:3 1 10
601 844:5:1 4
56 460 539:13:2 3 8
578 774:6:3 3
78 253:12:3 9
142 516 679:13:1 6 6
151 581:9:4 5
245 348:14:9 5
131 720:2:1 1
48 539 883:14:4 8 2
130 578 597:6:2 3 1
414 659:7:1 6
488 865:12:6 6
70 688:3:1 2
446 616 620:6:1 2 3
57 579 593:6:1 4 1
12 882 982:6:2 1 3
105 348:6:1 5
403 502 979:10:1 6 3
44 73 645:9:2 2 5
448 481 790:12:1 6 5
87 599:5:2 3
914 915:6:3 3
485 598 903:9:5 1 3
644 913:6:4 2
257 430 974:11:8 1 2
68 844:6:2 4
277 371:15:7 8
58 131 245:13:3 1 9
57 198 411:7:1 4 2
12 888:4:2 2
37 607 853:11:4 3 4
153 686 906:8:3 3 2
277 615 881:11:7 3 1
146 640:7:2 5
359 870:11:5 6
135 252:8:1 7
194 525:10:3 7
29 275:10:3 7
378 552 819:24:9 10 5
167 474:6:3 3
270 841:11:7 4
488 907:9:6 3
556 721:11:10 1
71 270 568:14:2 7 5
421 517:9:2 7
23 32:4:2 2
52 422 544:14:3 2 9
18 914:7:4 3
29 63 867:11:3 3 5
48 411:6:4 2
393 664:14:8 6
30 594 772:6:3 1 2
343 411 650:13:5 2 6
720 915:4:1 3
117 893:3:1 2
275 686:10:7 3
26 41:7:4 3
150 343 384:15:1 5 9
491 638:10:6 4
17 63 614:8:2 3 3
446 547 648:17:1 10 6
25 508 947:11:2 7 2
112 535 912:14:2 10 2
11 384 479:19:4 9 6
41 630 706:13:3 6 4
18 88:6:4 2
175 533:13:3 10
46 532 613:11:2 8 1
194 572 977:11:3 5 3
18 598 613:6:4 1 1
54 139 864:10:3 1 6
860 888 977:10:5 2 3
52 460 843:11:3 3 5
378 918 927:13:9 2 2
186 881:6:5 1
32 596:3:2 1
6 484:9:3 6
559 566 790:16:8 3 5
135 448 449:3:1 1 1
205 604 669:18:11 1 6
484 870:12:6 6
70 102:2:1 1
6 131 652:9:3 1 5
48 158 644:13:4 5 4
105 853:5:1 4
219 616 920:14:9 2 3
91 118 774:7:2 2 3
697 908 918:8:3 3 2
26 481:10:4 6
517 945:9:7 2
2 207 521:20:3 11 6
393 682 975:14:8 3 3
410 645:6:1 5
403 410:2:1 1
209 411:11:9 2
135 393 977:12:1 8 3
112 186 577:11:2 5 4
100 395 732:14:3 9 2
266 508 977:15:5 7 3
133 453 720:6:1 4 1
111 594:3:2 1
88 463:6:2 4
275 529 864:21:7 8 6
430 623:7:1 6
577 652 974:11:4 5 2
245 862 878:20:9 5 6
231 479 599:17:8 6 3
394 693:11:8 3
503 612:8:7 1
44 548 556:20:2 8 10
597 624:7:1 6
517 545 860:21:7 9 5
146 441 883:5:2 1 2
408 650 697:11:2 6 3
29 158:8:3 5
376 446 720:11:9 1 1
138 566 900:7:2 3 2
85 100 429:8:3 3 2
4 752:7:3 4
205 409 945:15:11 2 2
193 377:12:3 9
477 710:8:5 3
411 679:8:2 6
20 479:10:4 6
422 977:5:2 3
633 916:7:4 3
210 633:14:10 4
410 473:4:1 3
613 883:3:1 2
414 495 639:12:1 6 5
359 900:7:5 2
134 679:8:2 6
578 866 912:10:3 5 2
477 638 914:12:5 4 3
275 697 866:15:7 3 5
497 543:15:6 9
150 982:4:1 3
103 402:2:1 1
446 503 565:12:1 7 4
377 594 888:12:9 1 2
312 462 591:8:3 3 2
186 600:8:5 3
25 569:5:2 3
16 20 503:13:2 4 7
178 471 732:9:3 4 2
70 243 449:9:1 7 1
150 434:3:1 2
547 588:13:10 3
193 433 915:8:3 2 3
516 798:11:6 5
25 257:10:2 8
16 52:5:2 3
58 103 236:14:3 1 10
264 975:10:7 3
22 402 414:6:4 1 1
479 638 830:14:6 4 4
124 730 881:4:2 1 1
231 650:14:8 6
20 151 841:12:4 4 4
200 527:10:3 7
781 842:12:6 6
758 759:8:5 3
19 378 403:13:3 9 1
504 945:10:8 2
486 498 891:12:6 5 1
485 593:6:5 1
205 863:17:11 6
25 49 275:12:2 3 7
473 486 867:14:3 6 5
71 602:5:2 3
16 355:5:2 3
6 56 853:9:3 2 4
76 639 669:14:3 5 6
613 679:7:1 6
409 411 761:5:2 2 1
8 517:10:3 7
23 385 879:17:2 9 6
34 638 706:11:3 4 4
22 646:9:4 5
106 488 977:11:2 6 3
150 798:6:1 5
209 711 752:14:9 1 4
187 430 759:7:3 1 3
354 543 781:19:4 9 6
517 853:11:7 4
864 914:9:6 3
37 210 264:21:4 10 7
71 633:6:2 4
8 466:6:3 3
30 530 862:14:3 6 5
480 878:12:6 6
46 615:5:2 3
88 536:10:2 8
67 463 977:10:3 4 3
117 618 731:5:1 3 1
513 597 950:10:6 1 3
369 977:11:8 3
111 414:3:2 1
30 133:4:3 1
104 462:4:1 3
106 355:5:2 3
480 630:12:6 6
645 975:8:5 3
363 647 916:15:8 4 3
354 433:6:4 2
38 163:5:2 3
355 688:5:3 2
328 468 599:12:6 3 3
200 377 865:18:3 9 6
476 761:6:5 1
528 535 974:20:8 10 2
11 759 867:12:4 3 5
11 804:9:4 5
473 626:7:3 4
139 275 630:14:1 7 6
193 348 616:10:3 5 2
497 786 915:13:6 4 3
227 880:15:10 5
19 57 581:9:3 1 5
243 377:16:7 9
73 816:6:2 4
187 275:10:3 7
42 363 640:17:4 8 5
581 626:9:5 4
632 640:11:6 5
78 512 525:16:3 6 7
102 448 548:10:1 1 8
30 394:11:3 8
422 447:4:2 2
414 830:5:1 4
151 918 946:8:4 2 2
484 491:12:6 6
485 596:6:5 1
371 458:11:8 3
70 91:3:1 2
577 754:8:4 4
548 581 843:18:8 5 5
56 69:3:2 1
257 614:11:8 3
118 227 488:18:2 10 6
641 727:7:6 1
94 124:3:1 2
181 553:11:3 8
11 25 731:7:4 2 1
74 402:2:1 1
48 143 841:10:4 2 4
4 12:5:3 2
536 641 903:17:8 6 3
145 862:6:1 5
103 186 500:12:1 5 6
514 906:8:6 2
219 986:11:9 2
48 228 865:19:4 9 6
430 629 975:10:1 6 3
275 533:17:7 10
527 660:14:7 7
87 842:8:2 6
38 142 486:9:2 1 6
461 853:8:4 4
638 888:6:4 2
377 659:15:9 6
373 448 566:13:9 1 3
119 883 907:6:1 2 3
53 64 143:4:1 1 2
422 561 913:8:2 4 2
115 471 920:9:2 4 3
102 190 512:12:1 5 6
16 43 502:11:2 3 6
569 679:9:3 6
37 571 581:13:4 4 5
903 917:5:3 2
133 257 477:14:1 8 5
133 151 153:8:1 4 3
402 864 945:9:1 6 2
104 816:5:1 4
227 481 864:22:10 6 6
67 881:4:3 1
139 449 752:6:1 1 4
190 598 917:8:5 1 2
434 720:3:2 1
639 804 879:16:5 5 6
54 527 801:15:3 7 5
57 602 877:10:1 3 6
192 537 853:18:4 10 4
378 900:11:9 2
43 441 630:10:3 1 6
16 174 377:14:2 3 9
11 85 112:9:4 3 2
462 550 893:15:3 10 2
354 588:7:4 3
48 161 435:10:4 5 1
34 153 947:8:3 3 2
22 343 658:16:4 5 7
151 395 473:16:4 9 3
566 669:9:3 6
240 528 695:19:9 8 2
517 529 875:20:7 8 5
186 876:10:5 5
58 240:12:3 9
48 454 641:13:4 3 6
117 270 597:9:1 7 1
70 843:6:1 5
95 181 566:8:2 3 3
119 579 749:8:1 4 3
32 599 754:9:2 3 4
142 219:10:1 9
468 927:5:3 2
11 36 565:12:4 4 4
328 553 628:19:6 8 5
29 115 880:10:3 2 5
94 355 596:5:1 3 1
385 394:17:9 8
402 504:9:1 8
343 553 697:16:5 8 3
332 495:14:8 6
474 660:10:3 7
384 536:17:9 8
713 903 950:7:1 3 3
104 648:7:1 6
373 578:12:9 3
474 476 602:11:3 5 3
870 989:9:6 3
61 544:10:1 9
18 502 624:16:4 6 6
134 841:6:2 4
17 596:3:2 1
180 790:10:5 5
49 404 711:6:3 2 1
23 632 727:9:2 6 1
450 626:6:2 4
158 905:8:5 3
94 556 697:14:1 10 3
434 986:4:2 2
376 876:14:9 5
91 588:5:2 3
53 120 660:9:1 1 7
447 637 863:13:2 5 6
348 600 637:13:5 3 5
130 430:3:2 1
277 521 648:19:7 6 6
430 618 855:9:1 3 5
601 615:4:1 3
484 568 974:13:6 5 2
516 918:8:6 2
395 597:10:9 1
343 543 774:17:5 9 3
187 759 888:8:3 3 2
623 950:9:6 3
328 332 454:17:6 8 3
71 869:7:2 5
395 402:10:9 1
470 638:8:4 4
119 245 270:17:1 9 7
107 158 602:9:1 5 3
190 384 637:19:5 9 5
371 402 521:15:8 1 6
421 466:5:2 3
640 816:9:5 4
199 844 977:11:4 4 3
514 532 535:24:6 8 10
101 404 539:12:2 2 8
359 364 429:14:5 7 2
410 640 814:11:1 5 5
597 754:5:1 4
443 595:3:1 2
84 864:9:3 6
549 615 875:16:8 3 5
404 536:10:2 8
76 479:9:3 6
436 864 908:11:2 6 3
488 971:9:6 3
142 161 639:11:1 5 5
48 112 486:12:4 2 6
20 103 876:10:4 1 5
23 243 551:17:2 7 8
106 804:7:2 5
686 974:5:3 2
598 632:7:1 6
119 186:6:1 5
561 639:9:4 5
26 60 786:11:4 3 4
180 524:12:5 7
369 646:13:8 5
30 512:9:3 6
580 875:10:5 5
518 841:10:6 4
410 503 816:12:1 7 4
528 844 875:17:8 4 5
236 252 533:27:10 7 10
36 591:6:4 2
32 348 497:13:2 5 6
198 253 975:16:4 9 3
95 648:8:2 6
118 485:7:2 5
243 253 497:22:7 9 6
158 245:14:5 9
79 504:9:1 8
124 138:4:2 2
58 112 565:9:3 2 4
167 435 530:10:3 1 6
4 117 430:5:3 1 1
104 786:5:1 4
498 664:11:5 6
384 843 986:16:9 5 2
67 629:9:3 6
30 190 878:14:3 5 6
58 219:12:3 9
181 376:12:3 9
236 525:17:10 7
67 105:4:3 1
462 488:9:3 6
26 429:6:4 2
68 543 688:13:2 9 2
43 543:12:3 9
74 731 914:5:1 1 3
61 458:4:1 3
56 471 669:12:2 4 6
533 559:18:10 8
197 484:10:4 6
12 354 502:12:2 4 6
245 495 713:16:9 6 1
11 266 502:15:4 5 6
434 660 927:11:2 7 2
106 119 508:10:2 1 7
205 508:18:11 7
117 484:7:1 6
373 732:11:9 2
532 580 629:19:8 5 6
917 920:5:2 3
153 682 816:10:3 3 4
138 720 876:8:2 1 5
153 916:6:3 3
604 842:7:1 6
483 710:8:5 3
193 908:6:3 3
376 882:10:9 1
491 842:12:6 6
198 433 697:9:4 2 3
528 880:13:8 5
652 877:11:5 6
23 530:8:2 6
138 227 660:19:2 10 7
4 38 111:7:3 2 2
363 498:13:8 5
102 568:6:1 5
228 600:12:9 3
53 816 905:8:1 4 3
597 604 877:8:1 1 6
264 911:9:7 2
56 102 231:11:2 1 8
139 553 974:11:1 8 2
70 752:5:1 4
252 594 679:14:7 1 6
649 853:10:6 4
629 842 979:15:6 6 3
12 598:3:2 1
100 354:7:3 4
43 178 207:17:3 3 11
539 596:9:8 1
754 865:10:4 6
568 774 907:11:5 3 3
100 187 633:10:3 3 4
395 524 547:26:9 7 10
385 865:15:9 6
69 355:4:1 3
102 364 432:9:1 7 1
134 624 844:12:2 6 4
517 614:10:7 3
409 641 907:11:2 6 3
78 181:6:3 3
131 626 628:10:1 4 5
571 612 866:10:4 1 5
436 545 908:14:2 9 3
16 470 497:12:2 4 6
257 525:15:8 7
78 106 604:6:3 2 1
491 495 616:14:6 6 2
175 572:8:3 5
652 865:11:5 6
867 877:11:5 6
578 888:5:3 2
504 537:18:8 10
598 618:4:1 3
378 693:12:9 3
78 627:8:3 5
632 652 842:17:6 5 6
544 721:10:9 1
371 945 946:12:8 2 2
192 355 640:12:4 3 5
488 713:7:6 1
174 970:6:3 3
277 623 639:18:7 6 5
107 816 895:7:1 4 2
41 920:6:3 3
205 640:16:11 5
32 620:5:2 3
355 460 916:9:3 3 3
630 920:9:6 3
130 462:5:2 3
131 470 527:12:1 4 7
270 410 646:13:7 1 5
153 178 190:11:3 3 5
549 882:9:8 1
87 918:4:2 2
54 275:10:3 7
26 460 646:12:4 3 5
421 669 721:9:2 6 1
210 410:11:10 1
561 604 946:7:4 1 2
461 548 903:15:4 8 3
11 552 664:20:4 10 6
88 139:3:2 1
781 898:8:6 2
205 860:16:11 5
112 243 476:14:2 7 5
497 649:12:6 6
488 503:13:6 7
64 441 876:7:1 1 5
174 979:6:3 3
216 572:16:11 5
78 488:9:3 6
686 864:9:3 6
559 599 881:12:8 3 1
436 588:5:2 3
343 551 912:15:5 8 2
12 804 863:13:2 5 6
403 888:3:1 2
245 552:19:9 10
53 257:9:1 8
44 644 727:7:2 4 1
537 871:16:10 6
447 571:6:2 4
781 870:12:6 6
103 328 790:12:1 6 5
369 527:15:8 7
34 52 798:11:3 3 5
371 492:13:8 5
59 537 695:14:2 10 2
43 597 647:8:3 1 4
94 161 547:16:1 5 10
430 529:9:1 8
146 199 508:13:2 4 7
411 652:7:2 5
118 477:7:2 5
632 650:12:6 6
41 485 781:14:3 5 6
227 652 697:18:10 5 3
73 530 591:10:2 6 2
404 460 549:13:2 3 8
179 504 545:20:3 8 9
119 270 927:10:1 7 2
105 798 913:8:1 5 2
502 659 781:18:6 6 6
76 186 197:12:3 5 4
54 231 772:13:3 8 2
115 638:6:2 4
103 175 458:7:1 3 3
468 758 814:13:3 5 5
484 916:9:6 3
74 476 876:11:1 5 5
395 497 552:25:9 6 10
100 474 693:9:3 3 3
63 580 591:10:3 5 2
56 863:8:2 6
539 646:13:8 5
76 181 354:10:3 3 4
376 432 697:13:9 1 3
502 927:8:6 2
458 628:8:3 5
142 491 548:15:1 6 8
236 688 989:15:10 2 3
153 916:6:3 3
377 648:15:9 6
52 432:4:3 1
594 804:6:1 5
312 772:5:3 2
706 758:9:4 5
448 649 772:9:1 6 2
628 979:8:5 3
373 393:17:9 8
111 645 761:8:2 5 1
32 187 402:6:2 3 1
133 209 907:13:1 9 3
497 754:10:6 4
95 354:6:2 4
58 404 633:9:3 2 4
17 57:3:2 1
84 328 534:19:3 6 10
236 377 798:24:10 9 5
37 772 891:7:4 2 1
193 597:4:3 1
194 369 629:17:3 8 6
200 713:4:3 1
630 711:7:6 1
76 483 881:9:3 5 1
57 264:8:1 7
253 449:10:9 1
524 786 876:16:7 4 5
56 646 950:10:2 5 3
568 920:8:5 3
58 253 772:14:3 9 2
194 732 863:11:3 2 6
470 706:8:4 4
8 67:6:3 3
48 174 504:15:4 3 8
503 602 641:16:7 3 6
140 602 749:7:1 3 3
463 578 804:12:4 3 5
266 521 568:16:5 6 5
4 111:5:3 2
63 143:5:3 2
67 860:8:3 5
453 535 816:18:4 10 4
103 752 986:7:1 4 2
266 427 579:11:5 2 4
74 710:4:1 3
151 572 588:12:4 5 3
376 639 986:16:9 5 2
466 713:4:3 1
245 804:14:9 5
134 864:8:2 6
54 917:5:3 2
85 732:5:3 2
140 411 640:8:1 2 5
912 946:4:2 2
101 135 915:6:2 1 3
6 565 758:12:3 4 5
43 688:5:3 2
878 879 888:14:6 6 2
441 695 927:5:1 2 2
568 591:7:5 2
73 640:7:2 5
56 867:7:2 5
257 553 593:17:8 8 1
91 270:9:2 7
117 118 915:6:1 2 3
688 881 907:6:2 1 3
158 830:9:5 4
84 158:8:3 5
11 187 384:16:4 3 9
458 588 693:9:3 3 3
52 245 905:15:3 9 3
43 332 627:16:3 8 5
228 615:12:9 3
219 754:13:9 4
468 816 876:12:3 4 5
178 758:8:3 5
252 488 640:18:7 6 5
228 414 569:13:9 1 3
430 572 616:8:1 5 2
376 945:11:9 2
91 754 801:11:2 4 5
85 122 599:8:3 2 3
34 139 710:7:3 1 3
23 624:8:2 6
112 332 639:15:2 8 5
682 759:6:3 3
207 495 913:19:11 6 2
44 476:7:2 5
34 63 468:9:3 3 3
577 711:5:4 1
70 614:4:1 3
115 597:3:2 1
