328 650:12:6 6
419 447:4:2 2
789 832:9:5 4
548 578:11:8 3
255 468:10:7 3
353 445:4:3 1
445 775:3:1 2
253 452:13:9 4
713 744 847:9:1 3 5
179 548 641:17:3 8 6
317 816:8:4 4
647 741 775:10:4 4 2
297 650:10:4 6
486 901:8:6 2
467 916:7:4 3
383 405 690:15:10 1 4
20 486 917:12:4 6 2
255 507 775:17:7 8 2
205 787:16:11 5
283 437 780:9:5 2 2
649 798:11:6 5
201 775:11:9 2
811 847 901:10:3 5 2
307 614 887:9:4 3 2
369 826:13:8 5
413 838:7:2 5
199 385 598:14:4 9 1
266 297 621:13:5 4 4
467 649:10:4 6
272 385:16:7 9
246 554 817:20:7 9 4
445 504:9:1 8
50 778:6:4 2
253 383:19:9 10
632 650:12:6 6
532 800:14:8 6
507 554 649:23:8 9 6
69 580 647:10:1 5 4
283 372:13:5 8
134 741:6:2 4
297 610:6:4 2
260 632 887:16:8 6 2
224 511 647:22:10 8 4
329 480:12:6 6
20 252:11:4 7
204 798:14:9 5
255 317 601:12:7 4 1
369 817:12:8 4
20 574 812:11:4 3 4
207 481 636:22:11 6 5
219 405 577:14:9 1 4
629 761:7:6 1
80 209:12:3 9
713 784:6:1 5
564 677:10:4 6
677 761:7:6 1
353 500:9:3 6
218 764 801:15:9 1 5
468 804:8:3 5
447 851:7:2 5
218 768:11:9 2
395 477 537:24:9 5 10
531 623 849:20:10 6 4
250 427:10:8 2
104 709:3:1 2
383 459:14:10 4
523 778:10:8 2
539 805 916:15:8 4 3
80 800:9:3 6
244 353 801:17:9 3 5
339 353 421:13:8 3 2
258 745:11:8 3
38 537:12:2 10
253 420:11:9 2
666 812:10:6 4
446 498 650:12:1 5 6
632 937:8:6 2
62 104 245:11:1 1 9
527 826:12:7 5
250 408:10:8 2
179 437:5:3 2
447 588 616:7:2 3 2
369 410:9:8 1
486 500:12:6 6
785 849:9:5 4
623 645:11:6 5
507 623 690:18:8 6 4
250 281:12:8 4
224 577 784:19:10 4 5
832 901:6:4 2
467 805 812:12:4 4 4
330 452 751:15:8 4 3
592 600 745:8:2 3 3
20 537:14:4 10
588 647 767:10:3 4 3
250 493 645:18:8 5 5
369 750:11:8 3
325 632 767:16:7 6 3
491 577 592:12:6 4 2
426 572:7:2 5
511 614:11:8 3
260 804:13:8 5
437 624 784:13:2 6 5
331 749 816:13:6 3 4
331 677 749:15:6 6 3
490 577 578:13:6 4 3
523 577 909:14:8 4 2
267 280:12:7 5
260 490 626:18:8 6 4
493 574:8:5 3
330 511:16:8 8
255 578 917:12:7 3 2
280 459 641:15:5 4 6
260 459 626:16:8 4 4
205 539:19:11 8
490 749 887:11:6 3 2
255 386:17:7 10
281 624 755:15:4 6 5
201 554:18:9 9
179 228 245:21:3 9 9
459 666:10:4 6
372 767:11:8 3
80 614:6:3 3
179 272 426:12:3 7 2
252 629:13:7 6
189 205 764:16:4 11 1
258 537:18:8 10
452 751:7:4 3
419 805:6:2 4
179 617 816:10:3 3 4
134 218:11:2 9
537 640 643:19:10 5 4
245 468:12:9 3
314 339 638:14:2 8 4
215 496:15:9 6
134 266 800:13:2 5 6
237 383 800:25:9 10 6
179 328 578:12:3 6 3
253 408:11:9 2
386 916:13:10 3
260 643:12:8 4
491 745:9:6 3
204 255 260:24:9 7 8
280 386 601:16:5 10 1
513 886:8:6 2
237 260:17:9 8
221 610:10:8 2
426 764 789:8:2 1 5
245 496 690:19:9 6 4
38 311 486:11:2 3 6
498 838:10:5 5
539 565:12:8 4
244 245 513:24:9 9 6
209 331 513:21:9 6 6
329 807:9:6 3
20 104 323:12:4 1 7
386 477:15:10 5
413 564 847:11:2 4 5
431 623 645:13:2 6 5
104 468 565:8:1 3 4
199 623:10:4 6
577 666 805:14:4 6 4
244 650:15:9 6
227 595 812:16:10 2 4
215 459:13:9 4
244 629 881:16:9 6 1
311 491 777:10:3 6 1
219 881:10:9 1
38 283 789:12:2 5 5
253 329:15:9 6
252 426:9:7 2
38 365 496:15:2 7 6
246 297:11:7 4
272 408 610:11:7 2 2
577 595 643:10:4 2 4
365 493 800:18:7 5 6
56 641:8:2 6
201 677 764:16:9 6 1
331 405 531:17:6 1 10
323 798 807:15:7 5 3
290 750:8:5 3
385 588:12:9 3
493 649:11:5 6
221 246:15:8 7
62 800:7:1 6
395 588 624:18:9 3 6
38 385 886:13:2 9 2
134 480 592:10:2 6 2
250 283 649:19:8 5 6
272 767 777:11:7 3 1
218 252 280:21:9 7 5
104 558:10:1 9
207 323 328:24:11 7 6
812 886:6:4 2
410 532:9:1 8
199 443 761:6:4 1 1
445 690:5:1 4
405 427 847:8:1 2 5
253 775 812:15:9 2 4
192 565 600:11:4 4 3
431 789:7:2 5
421 616:4:2 2
290 493:10:5 5
267 690 826:16:7 4 5
227 480 565:20:10 6 4
280 467:9:5 4
267 832:11:7 4
496 778 917:10:6 2 2
477 511:13:5 8
56 504:10:2 8
179 224 260:21:3 10 8
244 280 621:18:9 5 4
443 767 817:8:1 3 4
331 431 554:17:6 2 9
480 777:7:6 1
215 359:14:9 5
353 539:11:3 8
237 328:15:9 6
224 330 572:23:10 8 5
437 801:7:2 5
253 395 552:28:9 9 10
104 777:2:1 1
372 565 617:15:8 4 3
283 645 917:12:5 5 2
253 307:13:9 4
199 838:9:4 5
252 592 878:15:7 2 6
252 446 838:13:7 1 5
572 817:9:5 4
20 192 219:17:4 4 9
365 500:13:7 6
32 290 421:9:2 5 2
421 632:8:2 6
511 592:10:8 2
290 446 807:9:5 1 3
359 641 750:14:5 6 3
185 523:11:3 8
20 204 550:23:4 9 10
426 901:4:2 2
222 385:17:8 9
224 329 632:22:10 6 6
491 531 592:18:6 10 2
224 775:12:10 2
62 224:11:1 10
104 244 750:13:1 9 3
386 745:13:10 3
250 408 647:14:8 2 4
500 780:8:6 2
192 297 845:14:4 4 6
445 643 886:7:1 4 2
80 481:9:3 6
224 751 761:14:10 3 1
246 447:9:7 2
32 325 592:11:2 7 2
383 420 784:17:10 2 5
445 552 805:15:1 10 4
224 623 709:18:10 6 2
410 751:4:1 3
209 420 677:17:9 2 6
328 626:10:6 4
582 909:5:3 2
56 383 395:21:2 10 9
467 595 785:11:4 2 5
447 787 845:13:2 5 6
311 761:4:3 1
329 804:11:6 5
527 826:12:7 5
558 751 901:14:9 3 2
260 467:12:8 4
224 272 804:22:10 7 5
260 616 690:14:8 2 4
32 550 798:17:2 10 5
498 629:11:5 6
227 317:14:10 4
104 369:9:1 8
258 523:16:8 8
317 812:8:4 4
775 826 917:9:2 5 2
486 807:9:6 3
427 431 580:9:2 2 5
179 640:8:3 5
369 511 787:21:8 8 5
32 459:6:2 4
32 218 496:17:2 9 6
281 365:11:4 7
244 574:12:9 3
23 886:4:2 2
192 650:10:4 6
446 917:3:1 2
413 452 480:12:2 4 6
290 498 643:14:5 5 4
255 426 916:12:7 2 3
204 626:13:9 4
527 574:10:7 3
80 459 690:11:3 4 4
189 595:6:4 2
527 626 807:14:7 4 3
69 761:2:1 1
427 937:4:2 2
467 500:10:4 6
437 578 764:6:2 3 1
496 629 801:17:6 6 5
447 578 709:7:2 3 2
554 626 909:15:9 4 2
32 767:5:2 3
777 780:3:1 2
408 777 817:7:2 1 4
468 598 767:7:3 1 3
564 650:10:4 6
317 838:9:4 5
62 832:5:1 4
386 459 468:17:10 4 3
189 199 917:10:4 4 2
459 807:7:4 3
179 580 588:11:3 5 3
222 527 917:17:8 7 2
104 244 826:15:1 9 5
498 886:7:5 2
253 481 490:21:9 6 6
571 749:7:4 3
56 323 385:18:2 7 9
486 764:7:6 1
246 447 629:15:7 2 6
56 690:6:2 4
787 805:9:5 4
23 369:10:2 8
50 290 768:11:4 5 2
325 832:11:7 4
317 331 595:12:4 6 2
237 601 917:12:9 1 2
410 523 649:15:1 8 6
598 805:5:1 4
365 582:10:7 3
258 610:10:8 2
260 690 749:15:8 4 3
297 595 801:11:4 2 5
640 741:9:5 4
209 408 447:13:9 2 2
365 395 636:21:7 9 5
611 643 744:9:2 4 3
260 420:10:8 2
317 490 784:15:4 6 5
32 500 767:11:2 6 3
20 185 452:11:4 3 4
179 266 832:12:3 5 4
250 565 804:17:8 4 5
237 617:12:9 3
225 764:10:9 1
500 616 623:14:6 2 6
179 937:5:3 2
314 677 917:10:2 6 2
339 372 709:18:8 8 2
227 548:18:10 8
267 523 709:17:7 8 2
582 610 621:9:3 2 4
307 511 909:14:4 8 2
179 369 550:21:3 8 10
595 647:6:2 4
565 614:7:4 3
369 632 751:17:8 6 3
237 258 507:25:9 8 8
405 523 878:15:1 8 6
255 577:11:7 4
209 237 881:19:9 9 1
577 598 851:10:4 1 5
439 595 881:4:1 2 1
80 420:5:3 2
222 280 426:15:8 5 2
554 592 805:15:9 2 4
32 218 571:15:2 9 4
385 504 845:23:9 8 6
647 744:7:4 3
246 467:11:7 4
110 426 807:6:1 2 3
281 419 421:8:4 2 2
110 311 768:6:1 3 2
532 650 847:19:8 6 5
297 577 610:10:4 4 2
281 636:9:4 5
225 649:15:9 6
215 237 650:24:9 9 6
272 431 496:15:7 2 6
179 222 767:14:3 8 3
330 572 817:17:8 5 4
272 601:8:7 1
629 878:12:6 6
260 311 385:20:8 3 9
741 838 851:14:4 5 5
255 317:11:7 4
531 610 751:15:10 2 3
314 532 804:15:2 8 5
297 621 804:13:4 4 5
258 280 645:18:8 5 5
38 598 801:8:2 1 5
439 558 616:12:1 9 2
80 445 600:7:3 1 3
677 764:7:6 1
218 246 645:21:9 7 5
56 750 849:9:2 3 4
490 531 807:19:6 10 3
446 632:7:1 6
80 199 777:8:3 4 1
205 600:14:11 3
207 493 690:20:11 5 4
493 601:6:5 1
588 677 755:14:3 6 5
325 437 511:17:7 2 8
548 713 845:15:8 1 6
385 532:17:9 8
222 490 650:20:8 6 6
252 666 709:15:7 6 2
224 330 677:24:10 8 6
690 811:7:4 3
185 443 580:9:3 1 5
744 775:5:3 2
447 847 917:9:2 5 2
504 610:10:8 2
339 787:13:8 5
245 548 592:19:9 8 2
280 532:13:5 8
587 749:7:4 3
280 413:7:5 2
134 227:12:2 10
386 751 886:15:10 3 2
38 205 329:19:2 11 6
330 477 624:19:8 5 6
244 500 887:17:9 6 2
272 527 750:17:7 7 3
189 281 845:14:4 4 6
201 383 552:29:9 10 10
201 588:12:9 3
537 749:13:10 3
50 413 550:16:4 2 10
221 252 616:17:8 7 2
222 804 807:16:8 5 3
245 431 750:14:9 2 3
624 811:9:6 3
359 804:10:5 5
439 511:9:1 8
80 252 477:15:3 7 5
201 395:18:9 9
574 901:5:3 2
410 490:7:1 6
491 592 798:13:6 2 5
459 617 636:12:4 3 5
527 643 801:16:7 4 5
307 571:8:4 4
572 574 787:13:5 3 5
281 365 446:12:4 7 1
353 420 598:6:3 2 1
353 359 649:14:3 5 6
224 383 647:24:10 10 4
283 636:10:5 5
317 331 847:15:4 6 5
80 459 649:13:3 4 6
228 709 785:16:9 2 5
408 745 787:10:2 3 5
365 600:10:7 3
369 496 849:18:8 6 4
228 817:13:9 4
467 768:6:4 2
253 369:17:9 8
297 741:8:4 4
280 531 713:16:5 10 1
280 744:8:5 3
222 532:16:8 8
531 629 749:19:10 6 3
290 649 816:15:5 6 4
311 507 640:16:3 8 5
228 405:10:9 1
550 775:12:10 2
359 481 500:17:5 6 6
110 207 250:20:1 11 8
224 616 787:17:10 2 5
185 246 572:15:3 7 5
134 849:6:2 4
204 290 539:22:9 5 8
777 812:5:1 4
317 385:13:4 9
325 395:16:7 9
395 638:13:9 4
32 614 811:8:2 3 3
787 832 845:15:5 4 6
20 916:7:4 3
179 709:5:3 2
317 323:11:4 7
626 768:6:4 2
224 443 750:14:10 1 3
369 413 847:15:8 2 5
207 552:21:11 10
218 307 431:15:9 4 2
439 511 623:15:1 8 6
222 255:15:8 7
219 386 647:23:9 10 4
616 677:8:2 6
245 777 937:12:9 1 2
199 798:9:4 5
311 764:4:3 1
580 632:11:5 6
437 500 626:12:2 6 4
280 365 554:21:5 7 9
426 713:3:2 1
419 647 886:8:2 4 2
571 592:6:4 2
328 582 916:12:6 3 3
290 383 504:23:5 10 8
408 577 580:11:2 4 5
437 588 785:10:2 3 5
56 571 800:12:2 4 6
192 513:10:4 6
486 554:15:6 9
446 645 761:7:1 5 1
314 446 780:5:2 1 2
218 640 851:19:9 5 5
420 623:8:2 6
201 768:11:9 2
110 468 741:8:1 3 4
317 426 811:9:4 2 3
801 886 917:9:5 2 2
330 507:16:8 8
491 650 887:14:6 6 2
228 916:12:9 3
467 565:8:4 4
558 617 764:13:9 3 1
500 558 851:20:6 9 5
500 614 713:10:6 3 1
386 801:15:10 5
431 800:8:2 6
496 787:11:6 5
267 537:17:7 10
246 611 784:14:7 2 5
552 649:16:10 6
205 219:20:11 9
56 189 804:11:2 4 5
246 558 616:18:7 9 2
283 496 588:14:5 6 3
331 513 764:13:6 6 1
386 443 595:13:10 1 2
426 548 624:16:2 8 6
601 817:5:1 4
246 582:10:7 3
23 339 881:11:2 8 1
201 431 784:16:9 2 5
565 886:6:4 2
804 838:10:5 5
419 491:8:2 6
244 548 755:22:9 8 5
513 778:8:6 2
185 490:9:3 6
330 493 582:16:8 5 3
385 801:14:9 5
199 537 751:17:4 10 3
189 847:9:4 5
205 490 614:20:11 6 3
477 649 798:16:5 6 5
323 645:12:7 5
297 331 849:14:4 6 4
427 601:3:2 1
209 491:15:9 6
513 523 614:17:6 8 3
587 617 817:11:4 3 4
386 713 807:14:10 1 3
56 420 587:8:2 2 4
69 219 610:12:1 9 2
201 578 745:15:9 3 3
23 219 849:15:2 9 4
250 383 408:20:8 10 2
527 677 805:17:7 6 4
290 353 550:18:5 3 10
778 847 917:9:2 5 2
32 255:9:2 7
587 650:10:4 6
491 937:8:6 2
50 104 798:10:4 1 5
395 481 493:20:9 6 5
477 574 621:12:5 3 4
445 838 916:9:1 5 3
244 325 420:18:9 7 2
104 886:3:1 2
445 548 780:11:1 8 2
580 611:7:5 2
258 775:10:8 2
179 330 647:15:3 8 4
134 427:4:2 2
224 816:14:10 4
439 780:3:1 2
80 787:8:3 5
491 798:11:6 5
185 611 775:7:3 2 2
410 650 832:11:1 6 4
307 851:9:4 5
307 744:7:4 3
110 751:4:1 3
486 592:8:6 2
601 804:6:1 5
437 548 832:14:2 8 4
245 886:11:9 2
386 614:13:10 3
330 816:12:8 4
800 838:11:6 5
513 838:11:6 5
192 761 901:7:4 1 2
467 477:9:4 5
511 741:12:8 4
280 832:9:5 4
134 601:3:2 1
611 709:4:2 2
252 811:10:7 3
219 709:11:9 2
611 629:8:2 6
201 800:15:9 6
437 486:8:2 6
550 751:13:10 3
491 493 539:19:6 5 8
56 886:4:2 2
491 645 647:15:6 5 4
592 878:8:2 6
353 592:5:3 2
237 511 610:19:9 8 2
209 486 787:20:9 6 5
110 804:6:1 5
80 134 580:10:3 2 5
548 878:14:8 6
640 744:8:5 3
244 331:15:9 6
323 426 552:19:7 2 10
537 784:15:10 5
252 446 577:12:7 1 4
281 395 532:21:4 9 8
32 134 531:14:2 2 10
513 572:11:6 5
272 881:8:7 1
339 452 493:17:8 4 5
267 511 775:17:7 8 2
69 218 369:18:1 9 8
56 812 937:8:2 4 2
185 600 881:7:3 3 1
244 325 446:17:9 7 1
577 849:8:4 4
431 443:3:2 1
246 611:9:7 2
201 817:13:9 4
445 572 916:9:1 5 3
266 554:14:5 9
339 413:10:8 2
245 650:15:9 6
572 629 851:16:5 6 5
328 807:9:6 3
395 780:11:9 2
253 807:12:9 3
110 775 887:5:1 2 2
572 749 787:13:5 3 5
20 775:6:4 2
20 325 468:14:4 7 3
325 838:12:7 5
258 427 789:15:8 2 5
307 426:6:4 2
209 592 713:12:9 2 1
205 266 513:22:11 5 6
408 480 578:11:2 6 3
80 410 598:5:3 1 1
244 493 598:15:9 5 1
331 785 886:13:6 5 2
523 611 650:16:8 2 6
237 272:16:9 7
493 745 798:13:5 3 5
38 588:5:2 3
395 550 812:23:9 10 4
280 447:7:5 2
218 491:15:9 6
477 764:6:5 1
410 481 741:11:1 6 4
189 443 486:11:4 1 6
246 307 419:13:7 4 2
314 789:7:2 5
431 598:3:2 1
255 626 632:17:7 4 6
353 624:9:3 6
20 611 847:11:4 2 5
626 849:8:4 4
80 314 901:7:3 2 2
325 826 901:14:7 5 2
565 645 767:12:4 5 3
205 283 851:21:11 5 5
574 745 878:12:3 3 6
311 777:4:3 1
500 784:11:6 5
23 258:10:2 8
331 847:11:6 5
314 917:4:2 2
222 537:18:8 10
677 775:8:6 2
283 611 623:13:5 2 6
199 311:7:4 3
225 331 571:19:9 6 4
437 491:8:2 6
221 245:17:8 9
280 616:7:5 2
38 219:11:2 9
531 621:14:10 4
281 311 617:10:4 3 3
134 582:5:2 3
420 629 713:9:2 6 1
199 221 443:13:4 8 1
179 325:10:3 7
331 647 838:15:6 4 5
446 800:7:1 6
314 801:7:2 5
789 851:10:5 5
437 443 493:8:2 1 5
650 709 778:10:6 2 2
204 225 812:22:9 9 4
237 255 539:24:9 7 8
227 245:19:10 9
225 909:11:9 2
260 616:10:8 2
266 280 410:11:5 5 1
185 250 410:12:3 8 1
56 218 395:20:2 9 9
426 629 777:9:2 6 1
395 741 800:19:9 4 6
23 290 477:12:2 5 5
237 611:11:9 2
218 785:14:9 5
323 611 785:14:7 2 5
447 755:7:2 5
204 539:17:9 8
330 713 751:12:8 1 3
480 578:9:6 3
617 787:8:3 5
32 260 816:14:2 8 4
621 887:6:4 2
610 647:6:2 4
104 179 916:7:1 3 3
62 260 780:11:1 8 2
185 539 780:13:3 8 2
280 480:11:5 6
647 801 901:11:4 5 2
372 610:10:8 2
258 805 807:15:8 4 3
383 565 574:17:10 4 3
617 881 937:6:3 1 2
447 452 511:14:2 4 8
323 531:17:7 10
749 838:8:3 5
250 614:11:8 3
38 359 768:9:2 5 2
767 784:8:3 5
317 574:7:4 3
408 775:4:2 2
339 359 690:17:8 5 4
507 595:10:8 2
369 500:14:8 6
267 629 887:15:7 6 2
255 887:9:7 2
490 611:8:6 2
587 787 812:13:4 5 4
419 564 801:11:2 4 5
179 446 480:10:3 1 6
498 805:9:5 4
383 713 751:14:10 1 3
23 258 595:12:2 8 2
209 224 531:29:9 10 10
255 339 452:19:7 8 4
32 339 439:11:2 8 1
666 832 847:15:6 4 5
280 410:6:5 1
641 650:12:6 6
385 713:10:9 1
56 643:6:2 4
511 587 600:15:8 4 3
189 595:6:4 2
80 587:7:3 4
290 554 832:18:5 9 4
201 215 649:24:9 9 6
221 222 507:24:8 8 8
511 548 641:22:8 8 6
215 643:13:9 4
110 558 817:14:1 9 4
56 447:4:2 2
307 632 937:12:4 6 2
307 817 886:10:4 4 2
548 751 798:16:8 3 5
690 916:7:4 3
330 614:11:8 3
201 801:14:9 5
225 666 881:16:9 6 1
421 636 812:11:2 5 4
468 749:6:3 3
250 801 909:15:8 5 2
496 643:10:6 4
523 587 851:17:8 4 5
647 764:5:4 1
179 490 832:13:3 6 4
641 937:8:6 2
199 481:10:4 6
20 365:11:4 7
134 421 617:7:2 2 3
50 751 845:13:4 3 6
325 513 558:22:7 6 9
447 800 849:12:2 6 4
185 614 812:10:3 3 4
452 832:8:4 4
245 490 571:19:9 6 4
245 592 650:17:9 2 6
110 405 507:10:1 1 8
611 805:6:2 4
666 778:8:6 2
582 917:5:3 2
359 369 649:19:5 8 6
255 480:13:7 6
204 246 690:20:9 7 4
260 445 778:11:8 1 2
280 323 496:18:5 7 6
477 513:11:5 6
201 419 595:13:9 2 2
777 886:3:1 2
395 784 807:17:9 5 3
372 383 447:20:8 10 2
413 749 751:8:2 3 3
218 496:15:9 6
558 629:15:9 6
369 775:10:8 2
222 297 886:14:8 4 2
272 353 917:12:7 3 2
419 690:6:2 4
205 647 789:20:11 4 5
491 592:8:6 2
768 917:4:2 2
439 623:7:1 6
267 290 550:22:7 5 10
283 588 816:12:5 3 4
311 552 826:18:3 10 5
222 532:16:8 8
297 328:10:4 6
297 621 811:11:4 4 3
386 421 447:14:10 2 2
219 245 246:25:9 9 7
204 372 468:20:9 8 3
764 767:4:1 3
493 909:7:5 2
179 439 713:5:3 1 1
185 500:9:3 6
258 443:9:8 1
258 339:16:8 8
205 225 498:25:11 9 5
328 331:12:6 6
468 638:7:3 4
539 558:17:8 9
369 523 741:20:8 8 4
290 507:13:5 8
751 817:7:3 4
431 554 826:16:2 9 5
267 641 887:15:7 6 2
134 437 838:9:2 2 5
491 812:10:6 4
253 636:14:9 5
225 787:14:9 5
531 554 785:24:10 9 5
104 616:3:1 2
199 209 587:17:4 9 4
258 359:13:8 5
787 881 901:8:5 1 2
215 317 787:18:9 4 5
323 574 749:13:7 3 3
564 666 917:12:4 6 2
185 329 413:11:3 6 2
532 537:18:8 10
258 851:13:8 5
20 468 881:8:4 3 1
80 218:12:3 9
104 527 614:11:1 7 3
617 750 826:11:3 3 5
385 420:11:9 2
201 804:14:9 5
477 745 887:10:5 3 2
413 459 755:11:2 4 5
452 592 614:9:4 2 3
222 467 777:13:8 4 1
20 104 751:8:4 1 3
558 768:11:9 2
383 621:14:10 4
283 329:11:5 6
228 649 937:17:9 6 2
601 636 677:12:1 5 6
32 610 629:10:2 2 6
353 577 641:13:3 4 6
209 447:11:9 2
222 623:14:8 6
185 513 587:13:3 6 4
564 629:10:4 6
632 901:8:6 2
110 582 804:9:1 3 5
20 437 826:11:4 2 5
741 917:6:4 2
219 325:16:9 7
267 280 784:17:7 5 5
558 614 845:18:9 3 6
280 297 626:13:5 4 4
38 749 807:8:2 3 3
601 638 761:6:1 4 1
552 577 937:16:10 4 2
192 816:8:4 4
419 539:10:2 8
353 751 798:11:3 3 5
192 419 532:14:4 2 8
353 645:8:3 5
23 801 909:9:2 5 2
207 246:18:11 7
548 775:10:8 2
221 537 887:20:8 10 2
246 744:10:7 3
134 647 750:9:2 4 3
369 552 666:24:8 10 6
281 614 645:12:4 3 5
266 467 784:14:5 4 5
431 677 801:13:2 6 5
486 801:11:6 5
219 537 713:20:9 10 1
437 744:5:2 3
523 539:16:8 8
69 490 789:12:1 6 5
481 638:10:6 4
245 490:15:9 6
666 851:11:6 5
638 778:6:4 2
266 550 616:17:5 10 2
477 580:10:5 5
245 775 937:13:9 2 2
626 805:8:4 4
32 329:8:2 6
588 849:7:3 4
359 811 826:13:5 3 5
281 317 339:16:4 4 8
192 554 838:18:4 9 5
498 531 800:21:5 10 6
564 768:6:4 2
426 798 845:13:2 5 6
413 511 632:16:2 8 6
185 204 420:14:3 9 2
372 395 690:21:8 9 4
281 329 789:15:4 6 5
62 498 539:14:1 5 8
224 383 838:25:10 10 5
253 317 804:18:9 4 5
267 493 632:18:7 5 6
626 787 851:14:4 5 5
523 629 775:16:8 6 2
550 768 847:17:10 2 5
189 677:10:4 6
445 617 805:8:1 3 4
640 838:10:5 5
446 851 916:9:1 5 3
616 778 878:10:2 2 6
246 554:16:7 9
228 564:13:9 4
258 493 578:16:8 5 3
325 523:15:7 8
260 437:10:8 2
69 629:7:1 6
69 317 626:9:1 4 4
311 641:9:3 6
221 330 408:18:8 8 2
110 709:3:1 2
314 410:3:2 1
221 365:15:8 7
439 491 554:16:1 6 9
385 626 909:15:9 4 2
20 314:6:4 2
369 386 647:22:8 10 4
260 623 784:19:8 6 5
267 329 647:17:7 6 4
405 580 690:10:1 5 4
297 592 800:12:4 2 6
179 201 328:18:3 9 6
69 227 353:14:1 10 3
56 383 385:21:2 10 9
623 767:9:6 3
204 225 383:28:9 9 10
439 851:6:1 5
443 901:3:1 2
410 650:7:1 6
532 886:10:8 2
23 500:8:2 6
192 246 467:15:4 7 4
410 511 614:12:1 8 3
219 439 577:14:9 1 4
789 807:8:5 3
221 244 504:25:8 9 8
413 574 805:9:2 3 4
493 564:9:5 4
709 750:5:2 3
225 307:13:9 4
246 359:12:7 5
244 787:14:9 5
104 225:10:1 9
80 578:6:3 3
572 650:11:5 6
283 595:7:5 2
185 258 577:15:3 8 4
