194 195 314:8:3 3 2
117 134 224 420:15:1 2 10 2
140 384 866:15:1 9 5
63 159 316:10:3 5 2
13 182:8:4 4
29 346 454 888:12:3 4 3 2
13 351:8:4 4
295 754 897:12:6 4 2
87 283 354 472:15:2 5 4 4
29 328 420 888:13:3 6 2 2
379 472 870:18:8 4 6
287 716:7:6 1
34 56 320:9:3 2 4
86 282 895 981:14:3 6 2 3
206 498 966:17:9 5 3
134 354 726:7:2 4 1
656 679 868:18:7 6 5
195 273 391 499:22:3 5 9 5
356 876:10:5 5
360 557 876 924:19:4 9 5 1
298 334 360:17:5 8 4
314 360 489 725:13:2 4 6 1
194 291 878:15:3 6 6
569 869 917 981:13:3 5 2 3
18 194:7:4 3
214 291 868:22:11 6 5
214 243 744:21:11 7 3
314 479 868 908:16:2 6 5 3
224 316:12:10 2
216 354 374:22:11 4 7
68 358:7:2 5
56 298:7:2 5
403 913 924:4:1 2 1
116 372:10:2 8
287 346 924:11:6 4 1
344 458:6:3 3
87 295 298 344:16:2 6 5 3
115 243 384:18:2 7 9
286 287 486 864:24:6 6 6 6
13 310:7:4 3
437 489 624:14:2 6 6
343 391 569:17:5 9 3
87 287:8:2 6
125 134 498:8:1 2 5
167 440 911:7:3 2 2
454 725:4:3 1
253 272 324:24:9 7 8
167 317:7:3 4
101 344 364:12:2 3 7
229 402 438 545:21:10 1 1 9
18 422:6:4 2
245 249 358 869:26:9 7 5 5
167 370 866 867:22:3 9 5 5
379 429:10:8 2
354 640 868 913:16:4 5 5 2
167 272 370 968:23:3 7 9 4
218 274 377 925:24:9 5 9 1
125 609 679:8:1 1 6
357 360 557 704:22:5 4 9 4
243 472:11:7 4
188 351 833:15:5 4 6
30 255 334:18:3 7 8
243 716 726 888:11:7 1 1 2
96 104:2:1 1
30 125 222:12:3 1 8
195 471 862:12:3 4 5
291 485 715:12:6 5 1
167 476 486:14:3 5 6
29 274 908:11:3 5 3
497 883:8:6 2
165 313 497:12:3 3 6
93 370 924 925:14:3 9 1 1
104 155 715 881:8:1 5 1 1
245 334 421 919:21:9 8 2 2
116 458 471:9:2 3 4
3 218:11:2 9
104 155 340 482:17:1 5 6 5
295 403 406:8:6 1 1
115 422 966:7:2 2 3
97 275 314 429:12:1 7 2 2
222 420 454:13:8 2 3
282 358 485 490:22:6 5 5 6
67 744:6:3 3
374 494 609:13:7 5 1
313 406 497:10:3 1 6
346 377 557 896:23:4 9 9 1
454 968:7:3 4
864 977:9:6 3
489 900:8:6 2
197 977:7:4 3
182 465:7:4 3
11 255 471:15:4 7 4
245 656:16:9 7
280 679:11:5 6
343 812 866 876:19:5 4 5 5
37 358 383:19:4 5 10
282 458 754 862:18:6 3 4 5
243 298 866 896:18:7 5 5 1
159 438:6:5 1
354 422 497 725:13:4 2 6 1
63 881:4:3 1
63 639 754 917:14:3 5 4 2
324 744 936:13:8 3 2
134 360 917 966:11:2 4 2 3
253 370 498 936:25:9 9 5 2
230 364 900:17:8 7 2
287 454:9:6 3
292 379 383 919:26:6 8 10 2
146 177 270:12:2 3 7
64 155 472 924:11:1 5 4 1
287 411 864 936:16:6 2 6 2
13 41 218 422:18:4 3 9 2
41 86 640 866:16:3 3 5 5
8 320 351:11:3 4 4
34 317 411 983:11:3 4 2 2
334 438 583 726:15:8 1 5 1
97 357 374 489:19:1 5 7 6
28 86 497:13:4 3 6
29 67:6:3 3
188 870:11:5 6
249 304 619 679:19:7 4 2 6
30 206 864:18:3 9 6
196 895 981 983:12:5 2 3 2
357 403 499 895:13:5 1 5 2
95 283 497:13:2 5 6
155 165 170:11:5 3 3
275 471:11:7 4
116 557 715 864:18:2 9 1 6
545 623 883:17:9 6 2
3 291 421:10:2 6 2
58 314 411 463:11:3 2 2 4
8 68 377:14:3 2 9
177 344 498 908:14:3 3 5 3
287 609 870:13:6 1 6
64 177 312 356:12:1 3 3 5
50 126 310 425:9:4 1 3 1
356 370:14:5 9
188 304 351 908:16:5 4 4 3
64 140 869 876:12:1 1 5 5
317 465:7:4 3
92 95 312:7:2 2 3
421 547 726 897:15:2 10 1 2
165 374 420 490:18:3 7 2 6
354 866 876:14:4 5 5
64 320 383:15:1 4 10
197 218 968:17:4 9 4
225 313 394:20:9 3 8
41 609:4:3 1
230 379 878:22:8 8 6
140 499 883:8:1 5 2
93 286 366:16:3 6 7
295 437 623:14:6 2 6
351 881:5:4 1
18 56:6:4 2
194 744 876:11:3 3 5
37 374 869:16:4 7 5
188 225 346 351:22:5 9 4 4
115 744 862 896:11:2 3 5 1
273 354 896 985:12:5 4 1 2
182 197 253:17:4 4 9
117 357:6:1 5
85 679 878:15:3 6 6
56 314 494 609:10:2 2 5 1
360 983:6:4 2
285 411 624:14:6 2 6
104 142 372 384:19:1 1 8 9
63 619 924:6:3 2 1
334 406:9:8 1
358 833 908:14:5 6 3
196 867:10:5 5
411 422:4:2 2
86 142 919:6:3 1 2
343 897:7:5 2
29 245 255 833:25:3 9 7 6
272 372 374:22:7 8 7
867 870:11:5 6
272 394:15:7 8
56 545 876 925:17:2 9 5 1
286 291 487:18:6 6 6
438 862 968:10:1 5 4
833 917:8:6 2
101 275 422 744:14:2 7 2 3
317 454:7:4 3
218 908:12:9 3
346 833:10:4 6
476 583 983:12:5 5 2
11 170 704 869:16:4 3 4 5
92 354 364 917:15:2 4 7 2
356 744 896:9:5 3 1
358 489 908:14:5 6 3
225 324 374 476:29:9 8 7 5
159 196 351 465:17:5 5 4 3
134 194 716:6:2 3 1
140 489 744:10:1 6 3
64 125 619:4:1 1 2
101 320 498 867:16:2 4 5 5
394 679:14:8 6
50 379 619 866:19:4 8 2 5
377 472 869 917:20:9 4 5 2
92 273 312:10:2 5 3
177 225 370:21:3 9 9
366 499:12:7 5
29 320 391:16:3 4 9
482 569 866 876:18:5 3 5 5
195 196 274 486:19:3 5 5 6
402 924:2:1 1
97 115 230 304:15:1 2 8 4
255 440:9:7 2
3 67 569:8:2 3 3
37 318:8:4 4
56 194:5:2 3
366 379 411:17:7 8 2
29 182 364 908:17:3 4 7 3
126 255:8:1 7
11 64:5:4 1
360 498 869:14:4 5 5
222 243 547 704:29:8 7 10 4
316 320 583 911:13:2 4 5 2
218 273 458 609:18:9 5 3 1
253 316 833:17:9 2 6
8 499 888 911:12:3 5 2 2
313 406 623 985:12:3 1 6 2
8 340 609 919:12:3 6 1 2
11 170 465 983:12:4 3 3 2
295 454:9:6 3
188 487:11:5 6
11 286 313:13:4 6 3
420 897:4:2 2
134 911:4:2 2
298 344 557 639:22:5 3 9 5
272 864:13:7 6
13 216 218 547:34:4 11 9 10
394 715:9:8 1
146 229 287 314:20:2 10 6 2
30 117 155 360:13:3 1 5 4
146 182 370 924:16:2 4 9 1
97 402 624:8:1 1 6
63 280 313:11:3 5 3
37 134 272:13:4 2 7
8 165 312 908:12:3 3 3 3
214 486 966:20:11 6 3
63 324 343 420:18:3 8 5 2
310 377 908:15:3 9 3
146 888:4:2 2
182 270 310 406:15:4 7 3 1
230 487:14:8 6
30 295 316 358:16:3 6 2 5
358 482 716:11:5 5 1
569 619 981:8:3 2 3
343 656:12:5 7
225 275 425 866:22:9 7 1 5
292 364 476:18:6 7 5
489 545 623:21:6 9 6
29 275 313:13:3 7 3
364 917:9:7 2
104 609:2:1 1
50 146 275 881:14:4 2 7 1
140 295 310 465:13:1 6 3 3
328 383 471 486:26:6 10 4 6
87 312 498 917:12:2 3 5 2
273 624 679 867:22:5 6 6 5
403 439:2:1 1
13 206 270 866:25:4 9 7 5
454 465 924:7:3 3 1
357 406 925:7:5 1 1
425 545:10:1 9
13 28 125 908:12:4 4 1 3
225 292 312 983:20:9 6 3 2
37 170 286 881:14:4 3 6 1
50 754 968:12:4 4 4
374 479 623 754:23:7 6 6 4
28 463:8:4 4
351 494 868:14:4 5 5
50 394:12:4 8
177 310 334 966:17:3 3 8 3
95 490 966:11:2 6 3
50 364 458 869:19:4 7 3 5
222 754 869:17:8 4 5
458 925 966:7:3 1 3
182 298:9:4 5
87 499:7:2 5
316 384 487 981:20:2 9 6 3
245 273 364 917:23:9 5 7 2
104 897:3:1 2
29 340:9:3 6
273 494 924:11:5 5 1
134 229 283:17:2 10 5
249 282 487 490:25:7 6 6 6
125 812:5:1 4
222 486 498 704:23:8 6 5 4
126 255 354 881:13:1 7 4 1
8 13 214 422:20:3 4 11 2
320 704 978:11:4 4 3
167 216 217 869:30:3 11 11 5
218 312 379:20:9 3 8
43 97 374 716:12:3 1 7 1
182 966:7:4 3
28 34 314 463:13:4 3 2 4
30 86:6:3 3
126 833:7:1 6
34 876 908 978:14:3 5 3 3
364 485 869:17:7 5 5
411 812 917:8:2 4 2
30 217 656 869:26:3 11 7 5
87 583 744 900:12:2 5 3 2
29 115 490 924:12:3 2 6 1
56 101 936:6:2 2 2
43 583:8:3 5
92 96 656 725:11:2 1 7 1
864 883:8:6 2
479 715 862 911:14:6 1 5 2
8 384:12:3 9
41 142 292:10:3 1 6
583 704 833 881:16:5 4 6 1
377 454 640:17:9 3 5
167 287 838:14:3 6 5
334 895:10:8 2
18 87 411:8:4 2 2
13 188 273 981:17:4 5 5 3
116 125:3:2 1
95 838:7:2 5
140 356 486:12:1 5 6
304 421 486 624:18:4 2 6 6
243 285:13:7 6
63 384:12:3 9
117 328:7:1 6
366 896 924:9:7 1 1
343 619 862 895:14:5 2 5 2
50 439 458 744:11:4 1 3 3
68 216:13:2 11
313 489 896:10:3 6 1
340 411 896:9:6 2 1
206 919:11:9 2
93 318:7:3 4
275 295 913:15:7 6 2
272 812 985:13:7 4 2
195 429:5:3 2
56 438 454:6:2 1 3
43 312 379 391:23:3 3 8 9
125 273:6:1 5
344 895:5:3 2
86 230 358:16:3 8 5
188 487 978:14:5 6 3
291 569 624:15:6 3 6
97 340 439 704:12:1 6 1 4
56 93 977:8:2 3 3
28 96 155 744:13:4 1 5 3
216 486 867:22:11 6 5
197 498 864 917:17:4 5 6 2
354 383:14:4 10
217 868:16:11 5
497 833:12:6 6
866 981:8:5 3
197 206 304 624:23:4 9 4 6
318 340 370:19:4 6 9
402 583 704:10:1 5 4
43 230 344:14:3 8 3
328 458:9:6 3
92 93 170:8:2 3 3
224 295 490 616:24:10 6 6 2
86 218 471 624:22:3 9 4 6
292 364 438:14:6 7 1
8 243 282:16:3 7 6
272 283 609 866:18:7 5 1 5
28 878:10:4 6
63 101 429 439:8:3 2 2 1
170 310 639:11:3 3 5
354 438 472:9:4 1 4
126 140 334 485:15:1 1 8 5
224 429:12:10 2
479 616:8:6 2
101 545:11:2 9
13 272 356:16:4 7 5
43 356 406 881:10:3 5 1 1
245 486 868:20:9 6 5
314 340:8:2 6
206 394 498:22:9 8 5
13 58 270 900:16:4 3 7 2
37 273 343:14:4 5 5
56 499 978:10:2 5 3
165 245 557:21:3 9 9
104 291 913:9:1 6 2
30 159 298 486:19:3 5 5 6
287 328 364 838:24:6 6 7 5
85 324:11:3 8
97 346 640:10:1 4 5
243 314 479 487:21:7 2 6 6
96 485 624:12:1 5 6
282 403 487:13:6 1 6
92 364 900 917:13:2 7 2 2
86 285 314 458:14:3 6 2 3
142 282 498 966:15:1 6 5 3
125 881:2:1 1
34 116 429 936:9:3 2 2 2
437 838:7:2 5
206 317 838 866:23:9 4 5 5
8 439 490:10:3 1 6
383 486:16:10 6
29 165 273 968:15:3 3 5 4
86 230 384:20:3 8 9
115 197:6:2 4
64 170 182:8:1 3 4
640 866 888:12:5 5 2
287 499 833 966:20:6 5 6 3
583 867:10:5 5
18 216:15:4 11
68 167 188:10:2 3 5
229 421:12:10 2
343 372 485 913:20:5 8 5 2
97 377 489:16:1 9 6
425 490 716 862:13:1 6 1 5
243 411:9:7 2
117 282:7:1 6
230 384 978:20:8 9 3
11 86 286 364:20:4 3 6 7
64 93:4:1 3
498 619 917:9:5 2 2
142 197 291 895:13:1 4 6 2
140 966:4:1 3
165 253 344 438:16:3 9 3 1
287 422:8:6 2
115 230 370 411:21:2 8 9 2
421 499 917:9:2 5 2
545 878:15:9 6
56 216 425 679:20:2 11 1 6
229 255 292 911:25:10 7 6 2
275 913 983:11:7 2 2
117 547 917:13:1 10 2
67 295 356:14:3 6 5
93 304 583 866:17:3 4 5 5
18 895:6:4 2
285 377 623:21:6 9 6
87 374 966:12:2 7 3
85 334 366 640:23:3 8 7 5
159 439:6:5 1
43 64 609 624:11:3 1 1 6
85 104 194:7:3 1 3
317 318 868:13:4 4 5
275 726 897:10:7 1 2
30 310 351 364:17:3 3 4 7
126 356 372 383:24:1 5 8 10
142 155 197 217:21:1 5 4 11
85 384:12:3 9
274 304:9:5 4
479 704 744 924:14:6 4 3 1
243 245 439:17:7 9 1
97 104 295 913:10:1 1 6 2
3 253 356 429:18:2 9 5 2
116 155 411 624:15:2 5 2 6
177 320:7:3 4
167 925:4:3 1
292 545 583:20:6 9 5
218 557:18:9 9
640 812:9:5 4
86 283 911:10:3 5 2
96 126 224 919:14:1 1 10 2
104 291 867 881:13:1 6 5 1
286 328 465:15:6 6 3
351 704:8:4 4
159 270 272:19:5 7 7
270 282 346 351:21:7 6 4 4
68 358 471 985:13:2 5 4 2
616 679:8:2 6
101 253 364 609:19:2 9 7 1
273 379 833:19:5 8 6
291 439 547 624:23:6 1 10 6
324 334 897:18:8 8 2
63 126 142:5:3 1 1
177 864:9:3 6
58 656:10:3 7
222 370 812 978:24:8 9 4 3
328 924:7:6 1
838 919:7:5 2
195 283 867 870:19:3 5 5 6
159 253:14:5 9
13 253 343:18:4 9 5
320 656:11:4 7
93 351 471 868:16:3 4 4 5
245 420:11:9 2
95 214 881:14:2 11 1
285 569:9:6 3
420 896:3:2 1
41 911 968:9:3 2 4
68 188 487 900:15:2 5 6 2
351 908:7:4 3
273 360 870:15:5 4 6
13 253 754:17:4 9 4
104 366 868:13:1 7 5
490 925:7:6 1
624 868:11:6 5
285 286 291 465:21:6 6 6 3
372 862:13:8 5
116 324 391 917:21:2 8 9 2
310 318:7:3 4
344 888:5:3 2
295 374 908:16:6 7 3
86 140 229 429:16:3 1 10 2
225 314 485 878:22:9 2 5 6
177 229 876:18:3 10 5
11 87:6:4 2
