143 174:5:2 3
73 266:7:2 5
332 347 506:20:8 4 8
32 207 534:23:2 11 10
207 326:18:11 7
203 964:14:10 4
269 285:12:6 6
271 282 312:15:6 6 3
154 200:6:3 3
189 266 768:11:4 5 2
343 817:9:5 4
886 887:4:2 2
67 118 246:12:3 2 7
58 239 449:13:3 9 1
334 667:13:8 5
250 768:10:8 2
281 358 891:10:4 5 1
180 845 897:13:5 6 2
245 347 570:16:9 4 3
186 627:10:5 5
9 38 890:6:3 2 1
191 780 849:9:3 2 4
185 254:11:3 8
433 680 718:8:2 5 1
86 247 377:20:3 8 9
46 63 282:11:2 3 6
81 946:4:2 2
38 769 791:9:2 3 4
381 507:18:10 8
13 368 868:18:4 9 5
126 683:5:1 4
342 430:5:4 1
548 706:12:8 4
60 161 209:17:3 5 9
22 65 863:11:4 1 6
28 286 339:18:4 6 8
54 672:9:3 6
192 260 917:14:4 8 2
288 458:8:5 3
124 967:5:2 3
90 739 861:11:3 2 6
240 241 698:20:9 9 2
108 904:4:1 3
6 328 382:18:3 6 9
81 550 997:15:2 10 3
3 350 699:9:2 3 4
217 218:20:11 9
284 534 654:20:5 10 5
223 526 720:18:9 8 1
1 250 343:16:3 8 5
137 261 276:14:2 7 5
382 551:17:9 8
125 917 946:5:1 2 2
358 741:9:5 4
428 780 966:7:2 2 3
109 534 800:17:1 10 6
196 570 904:11:5 3 3
211 296 920:17:10 4 3
654 964:9:5 4
125 224 465:14:1 10 3
309 342 364:13:2 4 7
558 868:14:9 5
31 258 389:21:4 8 9
115 317:6:2 4
158 235:15:5 10
693 708:7:3 4
90 271 299:13:3 6 4
276 283 672:16:5 5 6
364 739:9:7 2
167 769 779:9:3 3 3
170 250 803:14:3 8 3
284 318:9:5 4
164 258:11:3 8
66 654:6:1 5
125 267 747:12:1 7 4
147 206:10:1 9
338 542:18:8 10
381 705:14:10 4
197 252:11:4 7
73 472 974:8:2 4 2
86 90 495:12:3 3 6
159 185:8:5 3
199 765 896:7:4 2 1
501 716:9:8 1
13 302 830:10:4 2 4
125 148 430:3:1 1 1
27 979:5:2 3
192 203 238:24:4 10 10
54 67 878:12:3 3 6
95 200 298:10:2 3 5
89 891 933:4:1 1 2
238 307:14:10 4
189 365:11:4 7
96 142 682:5:1 1 3
45 365 693:14:4 7 3
309 507:10:2 8
6 277:10:3 7
111 354 663:11:2 4 5
600 901:5:3 2
217 286:17:11 6
292 699:10:6 4
45 277 281:15:4 7 4
171 353 433:9:4 3 2
250 800 810:17:8 6 3
173 701 707:8:4 2 2
161 703 887:9:5 2 2
101 113 600:7:2 2 3
88 368:11:2 9
192 202 862:20:4 11 5
148 378 707:12:1 9 2
269 522:12:6 6
199 522 720:11:4 6 1
37 316 561:10:4 2 4
696 697:5:2 3
89 288:6:1 5
693 732 901:7:3 2 2
174 356 761:9:3 5 1
169 218:14:5 9
318 353:7:4 3
173 312 883:9:4 3 2
241 350:12:9 3
203 960:13:10 3
624 700:8:6 2
38 371 713:11:2 8 1
495 739 862:13:6 2 5
368 629:15:9 6
88 192 292:12:2 4 6
211 375 897:21:10 9 2
191 876:8:3 5
272 439:8:7 1
150 207:12:1 11
516 714 881:9:6 2 1
428 902:5:2 3
140 257 884:11:1 8 2
287 558 884:17:6 9 2
358 817:9:5 4
493 803:8:5 3
32 458:5:2 3
63 458 603:8:3 3 2
164 398 501:20:3 9 8
230 891:9:8 1
461 914:7:4 3
157 791:7:3 4
356 439:6:5 1
662 830:9:5 4
353 449:4:3 1
302 899:4:2 2
158 913 933:9:5 2 2
101 230 501:18:2 8 8
261 392:15:7 8
96 126 672:8:1 1 6
169 305:8:5 3
720 876:6:1 5
46 542 681:15:2 10 3
111 695:4:2 2
196 918:7:5 2
107 830:5:1 4
257 263 919:17:8 7 2
302 326 728:10:2 7 1
89 270 959:12:1 7 4
223 672 747:19:9 6 4
272 344 347:14:7 3 4
96 196:6:1 5
191 342 810:10:3 4 3
128 945:4:2 2
192 237 893:15:4 9 2
326 881:8:7 1
86 472 784:12:3 4 5
29 167:6:3 3
507 878:14:8 6
330 368 800:23:8 9 6
581 692 698:10:5 3 2
240 388:17:9 8
7 247 312:14:3 8 3
110 667 719:7:1 5 1
54 784:8:3 5
62 251 439:11:1 9 1
142 171 317:9:1 4 4
46 217 603:15:2 11 2
153 245 345:15:3 9 3
1 282 918:11:3 6 2
184 961 967:11:5 3 3
322 332 896:15:6 8 1
164 702:5:3 2
148 196 933:8:1 5 2
309 803:5:2 3
21 917:6:4 2
45 169 849:13:4 5 4
672 799:10:6 4
239 274:14:9 5
23 185:5:2 3
172 246 941:12:3 7 2
63 830 876:12:3 4 5
202 263 699:22:11 7 4
240 667:14:9 5
241 256:16:9 7
239 501:17:9 8
185 551 666:17:3 8 6
93 983 997:8:3 2 3
206 695:11:9 2
111 148 231:11:2 1 8
311 765:5:3 2
309 313 321:11:2 3 6
522 830:10:6 4
354 695 983:8:4 2 2
365 369 651:22:7 8 7
6 126 319:6:3 1 2
421 806 845:12:2 4 6
28 715 741:9:4 1 4
22 123 930:7:4 1 2
287 984:8:6 2
168 177 800:14:5 3 6
186 433 880:12:5 2 5
150 168 295:12:1 5 6
526 719:9:8 1
217 683 849:19:11 4 4
122 288 706:11:2 5 4
285 899 917:10:6 2 2
1 707:5:3 2
62 810 901:6:1 3 2
313 542 961:16:3 10 3
16 433 526:12:2 2 8
347 779:7:4 3
73 352 891:7:2 4 1
81 501 997:13:2 8 3
177 269 284:14:3 6 5
342 682:7:4 3
272 581 682:15:7 5 3
39 899:6:4 2
309 357 558:16:2 5 9
174 383 978:16:3 10 3
240 393:17:9 8
526 718 876:14:8 1 5
110 285 352:11:1 6 4
672 694 719:9:6 2 1
199 863:10:4 6
93 286 428:11:3 6 2
206 264 421:18:9 7 2
10 701 917:7:3 2 2
113 747:6:2 4
58 652:8:3 5
153 332:11:3 8
70 705 967:8:1 4 3
339 522 591:16:8 6 2
162 277 693:15:5 7 3
666 791:10:6 4
165 694 883:7:3 2 2
665 868 945:14:7 5 2
174 278 791:13:3 6 4
389 728:10:9 1
137 591:4:2 2
386 928:11:10 1
5 978:7:4 3
141 826 862:11:1 5 5
358 652:10:5 5
328 780:8:6 2
230 377:17:8 9
18 126 371:13:4 1 8
48 274 358:14:4 5 5
164 716:4:3 1
247 881 946:11:8 1 2
164 258 890:12:3 8 1
821 918:7:5 2
681 830:7:3 4
263 913:9:7 2
169 350 570:11:5 3 3
153 845:9:3 6
13 45 165:11:4 4 3
192 350 707:9:4 3 2
493 967:8:5 3
67 398 680:17:3 9 5
62 206 477:15:1 9 5
123 339 495:15:1 8 6
137 221:10:2 8
60 125 263:11:3 1 7
221 501 978:19:8 8 3
96 392 979:12:1 8 3
328 360 906:12:6 4 2
371 438 784:14:8 1 5
221 284 697:16:8 5 3
31 327 928:11:4 6 1
695 800:8:2 6
264 381 830:21:7 10 4
57 666 830:11:1 6 4
283 695:7:5 2
380 600:12:9 3
363 662:13:8 5
269 654 863:17:6 5 6
299 878:10:4 6
223 624:15:9 6
67 271 706:13:3 6 4
7 449 477:9:3 1 5
31 150 880:10:4 1 5
27 266 887:9:2 5 2
20 908:7:4 3
7 211:13:3 10
125 186 390:16:1 5 10
165 706:7:3 4
267 321:13:7 6
95 779 868:10:2 3 5
14 115:4:2 2
37 272 548:19:4 7 8
241 265 878:22:9 7 6
52 135:4:3 1
113 699 945:8:2 4 2
271 379:14:6 8
62 600 901:6:1 3 2
169 784 876:15:5 5 5
548 941:10:8 2
66 422:3:1 2
86 137 665:12:3 2 7
697 914:6:3 3
310 358 380:17:3 5 9
154 174 983:8:3 3 2
263 983:9:7 2
96 983:3:1 2
158 282 886:13:5 6 2
651 930:9:7 2
477 964:9:5 4
177 321 693:12:3 6 3
177 328 941:11:3 6 2
718 890:2:1 1
13 143 718:7:4 2 1
180 386:15:5 10
157 961:6:3 3
39 309 915:9:4 2 3
222 311:11:8 3
239 247 689:20:9 8 3
439 799:5:1 4
305 474:6:3 3
7 868:8:3 5
197 267 390:21:4 7 10
67 72:6:3 3
345 629 768:11:3 6 2
223 458 741:16:9 3 4
693 817:7:3 4
124 152:5:2 3
101 125 439:4:2 1 1
162 216 906:18:5 11 2
542 708:14:10 4
113 689 903:8:2 3 3
29 327:9:3 6
140 354:5:1 4
274 339 493:18:5 8 5
29 288 983:10:3 5 2
67 695 810:8:3 2 3
167 274 920:11:3 5 3
22 177:7:4 3
5 240:13:4 9
29 689 800:12:3 3 6
221 266:13:8 5
3 389 806:15:2 9 4
652 784:10:5 5
261 422 698:11:7 2 2
113 735 861:9:2 1 6
433 683:6:2 4
28 868:9:4 5
106 978:5:2 3
224 421 666:18:10 2 6
516 682 741:13:6 3 4
38 264 705:13:2 7 4
882 916:4:1 3
207 706 887:17:11 4 2
27 61 256:10:2 1 7
54 433:5:3 2
89 882 917:4:1 1 2
332 696:10:8 2
886 890:3:2 1
183 250:11:3 8
147 339 886:11:1 8 2
37 328 967:13:4 6 3
211 458:13:10 3
62 667:6:1 5
180 548 570:16:5 8 3
516 964:10:6 4
203 878:16:10 6
159 629:11:5 6
310 941 967:8:3 2 3
86 113 247:13:3 2 8
316 629 654:13:2 6 5
111 309:4:2 2
170 700:5:3 2
107 761:2:1 1
682 718:4:3 1
221 360:12:8 4
32 218:11:2 9
249 603 863:15:7 2 6
122 125 332:11:2 1 8
238 333:18:10 8
184 331 698:13:5 6 2
189 703 830:10:4 2 4
369 893:10:8 2
81 192 493:11:2 4 5
526 732:10:8 2
506 672:14:8 6
142 332:9:1 8
22 45 680:13:4 4 5
522 946:8:6 2
380 461:13:9 4
115 153 390:15:2 3 10
81 378:11:2 9
126 694:3:1 2
107 230 449:10:1 8 1
18 526 902:15:4 8 3
189 199 919:10:4 4 2
257 893:10:8 2
185 277:10:3 7
439 983:3:1 2
72 219:12:3 9
266 286:11:5 6
231 331 389:23:8 6 9
237 591:11:9 2
332 708:12:8 4
382 563 920:16:9 4 3
6 58 185:9:3 3 3
393 439 915:12:8 1 3
54 708:7:3 4
23 945:4:2 2
230 298:13:8 5
274 285 698:13:5 6 2
13 246 526:19:4 7 8
239 281 941:15:9 4 2
200 203 221:21:3 10 8
388 689:11:8 3
307 334:12:4 8
146 150:3:2 1
95 154 558:14:2 3 9
231 347:12:8 4
54 603:5:3 2
347 534 862:19:4 10 5
13 389 930:15:4 9 2
255 368 863:22:7 9 6
7 45:7:3 4
230 258 694:18:8 8 2
671 881 906:8:5 1 2
247 548 953:20:8 8 4
522 683:10:6 4
344 692 918:8:3 3 2
63 277 345:13:3 7 3
150 152 200:7:1 3 3
769 881:4:3 1
299 946 959:10:4 2 4
1 125 357:9:3 1 5
86 245 800:18:3 9 6
247 857 978:17:8 6 3
671 699:9:5 4
350 769:6:3 3
22 126 941:7:4 1 2
389 849:13:9 4
18 96 292:11:4 1 6
31 706:8:4 4
681 979:6:3 3
356 558:14:5 9
264 501:15:7 8
715 735 913:4:1 1 2
189 286 328:16:4 6 6
162 477 768:12:5 5 2
237 255 930:18:9 7 2
250 374 769:18:8 7 3
166 697 880:13:5 3 5
461 689:7:4 3
31 345:7:4 3
313 689 741:10:3 3 4
240 269 534:25:9 6 10
20 196 230:17:4 5 8
88 135 779:6:2 1 3
124 919:4:2 2
14 73 255:11:2 2 7
96 172:4:1 3
551 821 997:16:8 5 3
365 897:9:7 2
46 390:12:2 10
70 681:4:1 3
6 918:5:3 2
192 258:12:4 8
439 784:6:1 5
224 430 849:15:10 1 4
89 219 288:15:1 9 5
258 383 563:22:8 10 4
230 707:10:8 2
146 224 830:16:2 10 4
251 558:18:9 9
218 984:11:9 2
123 698:3:1 2
353 390 919:15:3 10 2
326 371:15:7 8
189 358 495:15:4 5 6
241 380:18:9 9
140 321 561:11:1 6 4
39 158 896:10:4 5 1
202 239:20:11 9
90 108:4:3 1
342 696 768:8:4 2 2
14 231:10:2 8
327 997:9:6 3
63 180 563:12:3 5 4
203 769:13:10 3
318 396:13:4 9
137 887:4:2 2
165 231 629:17:3 8 6
250 961:11:8 3
251 386:19:9 10
231 765 878:16:8 2 6
126 903:4:1 3
22 158:9:4 5
439 654 896:7:1 5 1
461 878:10:4 6
274 282:11:5 6
30 264:10:3 7
73 106 240:13:2 2 9
196 428:7:5 2
41 273 377:17:3 5 9
383 768:12:10 2
267 881:8:7 1
73 122 836:10:2 2 6
184 741:9:5 4
389 654 806:18:9 5 4
95 342 890:7:2 4 1
421 422 433:6:2 2 2
142 871:7:1 6
32 115 256:11:2 2 7
14 368 768:13:2 9 2
29 58 147:7:3 3 1
53 70 821:7:1 1 5
1 389 881:13:3 9 1
154 266 868:13:3 5 5
31 321:10:4 6
277 495:13:7 6
177 880:8:3 5
302 945 967:7:2 2 3
150 624:7:1 6
88 665 961:12:2 7 3
15 90:6:3 3
53 161 221:14:1 5 8
18 111 919:8:4 2 2
39 162:9:4 5
113 313 916:8:2 3 3
23 28 374:13:2 4 7
5 274 382:18:4 5 9
197 739:6:4 2
111 465 551:13:2 3 8
73 150:3:2 1
67 72:6:3 3
272 339 365:22:7 8 7
108 379 979:12:1 8 3
170 326 472:14:3 7 4
14 310 830:9:2 3 4
313 458:6:3 3
266 276 311:13:5 5 3
31 883 979:9:4 2 3
5 272 933:13:4 7 2
249 868:12:7 5
705 941:6:4 2
159 920 974:10:5 3 2
272 344 741:14:7 3 4
277 507:15:7 8
284 398:14:5 9
196 284:10:5 5
273 507:13:5 8
57 257:9:1 8
223 388 720:18:9 8 1
72 439 701:6:3 1 2
86 292 917:11:3 6 2
73 265:9:2 7
3 13 54:9:2 4 3
223 303 830:16:9 3 4
277 342:11:7 4
88 167:5:2 3
109 876:6:1 5
63 881:4:3 1
125 343 918:8:1 5 2
7 95 920:8:3 2 3
146 380 883:13:2 9 2
845 899:8:6 2
270 353:10:7 3
45 305 693:10:4 3 3
495 600 871:15:6 3 6
36 135 506:13:4 1 8
356 534:15:5 10
46 135 706:7:2 1 4
14 765 845:10:2 2 6
52 307 702:9:3 4 2
345 953:7:3 4
472 765 803:9:4 2 3
269 321:12:6 6
157 184:8:3 5
256 708 871:17:7 4 6
30 211 548:21:3 10 8
173 223 230:21:4 9 8
257 984:10:8 2
216 953:15:11 4
27 200 292:11:2 3 6
29 902 960:9:3 3 3
493 718 768:8:5 1 2
167 715 891:5:3 1 1
146 159:7:2 5
167 716:4:3 1
322 876 945:13:6 5 2
137 465 918:7:2 3 2
277 887:9:7 2
61 107 158:7:1 1 5
700 884:4:2 2
283 461:9:5 4
287 371:14:6 8
697 862:8:3 5
37 388:12:4 8
125 174 895:6:1 3 2
169 260:13:5 8
849 902:7:4 3
661 663:11:6 5
245 311 347:16:9 3 4
166 887 901:9:5 2 2
20 256 714:13:4 7 2
386 390 526:28:10 10 8
266 334:13:5 8
37 570 893:9:4 3 2
29 305:6:3 3
28 913:6:4 2
67 168 216:19:3 5 11
317 868:9:4 5
86 313 713:7:3 3 1
54 393 979:14:3 8 3
203 381 493:25:10 10 5
265 428:9:7 2
152 799 920:10:3 4 3
507 551 978:19:8 8 3
379 719:9:8 1
73 665 918:11:2 7 2
153 917:5:3 2
600 769 865:12:3 3 6
95 239 342:15:2 9 4
398 705 830:17:9 4 4
126 174 339:12:1 3 8
501 507 830:20:8 8 4
197 219 258:21:4 9 8
421 857:8:2 6
735 928:2:1 1
21 143 561:10:4 2 4
265 388 701:17:7 8 2
115 154 713:6:2 3 1
439 918:3:1 2
37 197:8:4 4
216 258 899:21:11 8 2
309 732:4:2 2
15 45 72:10:3 4 3
57 398:10:1 9
32 913:4:2 2
299 477 600:12:4 5 3
493 961:8:5 3
147 654 953:10:1 5 4
66 863 881:8:1 6 1
201 960:12:9 3
221 364 908:18:8 7 3
196 276:10:5 5
256 316 739:11:7 2 2
122 472:6:2 4
239 254 458:20:9 8 3
9 126 235:14:3 1 10
106 180 836:13:2 5 6
196 352 697:12:5 4 3
15 70:4:3 1
728 861:7:1 6
106 318:6:2 4
126 272 386:18:1 7 10
18 216:15:4 11
591 629:8:2 6
322 791:10:6 4
237 332 365:24:9 8 7
165 817:7:3 4
206 282:15:9 6
240 974:11:9 2
321 396 701:17:6 9 2
318 548 693:15:4 8 3
276 311 901:10:5 3 2
765 769 917:7:2 3 2
184 342 718:10:5 4 1
162 354:9:5 4
252 392 697:18:7 8 3
284 495:11:5 6
465 707:5:3 2
1 600:6:3 3
465 603 920:8:3 2 3
27 46:4:2 2
189 327 882:11:4 6 1
57 548:9:1 8
29 73 761:6:3 2 1
374 550 683:21:7 10 4
57 126 997:5:1 1 3
107 123:2:1 1
862 882:6:5 1
180 249 810:15:5 7 3
107 904:4:1 3
353 522:9:3 6
396 652:14:9 5
184 344 347:12:5 3 4
375 884:11:9 2
363 458:11:8 3
893 997:5:2 3
330 671:13:8 5
836 896:7:6 1
103 563 581:10:1 4 5
255 663:12:7 5
96 700 803:6:1 2 3
47 141 472:7:2 1 4
108 857:7:1 6
206 880 920:17:9 5 3
189 702 761:7:4 2 1
118 247:10:2 8
6 769 909:8:3 3 2
211 347 883:16:10 4 2
189 697 702:9:4 3 2
332 378 806:21:8 9 4
216 295:17:11 6
125 240 915:13:1 9 3
303 806:7:3 4
107 124 703:5:1 2 2
1 303:6:3 3
7 20:7:3 4
343 353:8:5 3
206 287 961:18:9 6 3
27 147 374:10:2 1 7
953 964:8:4 4
162 806:9:5 4
439 928:2:1 1
20 769:7:4 3
240 495 876:20:9 6 5
223 368:18:9 9
251 378:18:9 9
196 269 667:16:5 6 5
274 920:8:5 3
461 495 693:13:4 6 3
88 110 474:6:2 1 3
211 284:15:10 5
171 522:10:4 6
7 217 342:18:3 11 4
354 496 501:18:4 6 8
58 249 680:15:3 7 5
89 322 953:11:1 6 4
364 570 961:13:7 3 3
230 707:10:8 2
458 570:6:3 3
328 363 803:17:6 8 3
62 422:3:1 2
260 984:10:8 2
258 273 364:20:8 5 7
439 739:3:1 2
28 380 893:15:4 9 2
277 561 570:14:7 4 3
295 871:12:6 6
286 342:10:6 4
37 177 695:9:4 3 2
164 199 342:11:3 4 4
563 964:8:4 4
135 141 817:6:1 1 4
201 896 915:13:9 1 3
90 152 887:8:3 3 2
285 692 703:11:6 3 2
122 180 689:10:2 5 3
319 563:6:2 4
109 761 906:4:1 1 2
153 428 902:8:3 2 3
522 914:9:6 3
31 702 830:10:4 2 4
14 902:5:2 3
428 849 886:8:2 4 2
147 246 350:11:1 7 3
171 196 581:14:4 5 5
345 563 803:10:3 4 3
90 313 913:8:3 3 2
398 901:11:9 2
128 164 629:11:2 3 6
714 741 863:12:2 4 6
146 665 800:15:2 7 6
252 501 959:19:7 8 4
13 433 548:14:4 2 8
266 667:10:5 5
383 548:18:10 8
216 283:16:11 5
257 983:10:8 2
189 591 784:11:4 2 5
30 154 250:14:3 3 8
209 695 890:12:9 2 1
45 154 339:15:4 3 8
150 389:10:1 9
501 845:14:8 6
81 371:10:2 8
591 821:7:2 5
169 273:10:5 5
166 321 928:12:5 6 1
171 526:12:4 8
3 221 984:12:2 8 2
165 501:11:3 8
422 428 667:9:2 2 5
173 269 380:19:4 6 9
695 857 997:11:2 6 3
96 162:6:1 5
147 570 703:6:1 3 2
141 172 202:15:1 3 11
31 959:8:4 4
46 298 501:15:2 5 8
5 296:8:4 4
57 651:8:1 7
184 377:14:5 9
211 871 881:17:10 6 1
81 157 896:6:2 3 1
38 941:4:2 2
318 319:6:4 2
5 206:13:4 9
20 714:6:4 2
13 111:6:4 2
321 966:9:6 3
170 235 891:14:3 10 1
67 96 360:8:3 1 4
548 700:10:8 2
265 666 836:19:7 6 6
29 914:6:3 3
550 735 902:14:10 1 3
307 718:5:4 1
211 350 603:15:10 3 2
371 930:10:8 2
14 37 671:11:2 4 5
183 250:11:3 8
37 356 899:11:4 5 2
241 516:15:9 6
251 906:11:9 2
170 292 661:15:3 6 6
60 172:6:3 3
303 581 913:10:3 5 2
252 255 365:21:7 7 7
310 506 666:17:3 8 6
388 747 779:15:8 4 3
67 695 909:7:3 2 2
108 548 680:14:1 8 5
197 257 287:18:4 8 6
152 222:11:3 8
95 201:11:2 9
255 629 681:16:7 6 3
321 333 438:15:6 8 1
177 702 845:11:3 2 6
167 780:5:3 2
330 769:11:8 3
299 702 964:10:4 2 4
375 380:18:9 9
95 309 682:7:2 2 3
342 496:10:4 6
388 913:10:8 2
45 298 901:11:4 5 2
230 365 561:19:8 7 4
286 654:11:6 5
22 344 345:10:4 3 3
27 254 332:18:2 8 8
101 180:7:2 5
269 364 946:15:6 7 2
200 915:6:3 3
172 428 430:6:3 2 1
141 421:3:1 2
146 313 705:9:2 3 4
207 493:16:11 5
46 60:5:2 3
141 396 496:16:1 9 6
283 600:8:5 3
312 784 826:13:3 5 5
128 158 918:9:2 5 2
57 439:2:1 1
862 886:7:5 2
52 343:8:3 5
292 534:16:6 10
246 374:14:7 7
89 143 369:11:1 2 8
255 906:9:7 2
231 886 919:12:8 2 2
581 799:9:5 4
654 914:8:5 3
115 169 702:9:2 5 2
110 978:4:1 3
272 305:10:7 3
143 652:7:2 5
67 172 930:8:3 3 2
281 317 895:10:4 4 2
439 662:6:1 5
58 600 906:8:3 3 2
272 665 886:16:7 7 2
36 392 887:14:4 8 2
153 433 845:11:3 2 6
21 124 307:10:4 2 4
13 707:6:4 2
103 162 747:10:1 5 4
365 830:11:7 4
422 880:7:2 5
338 902 941:13:8 3 2
906 913:4:2 2
157 465 883:8:3 3 2
150 152:4:1 3
147 693 974:6:1 3 2
154 779 810:9:3 3 3
252 333 629:21:7 8 6
438 930:3:1 2
292 461 941:12:6 4 2
103 319:3:1 2
109 203 358:16:1 10 5
222 506:16:8 8
223 506 651:24:9 8 7
495 516 882:13:6 6 1
81 164 629:11:2 3 6
18 803:7:4 3
70 857:7:1 6
207 703:13:11 2
317 354:8:4 4
322 945:8:6 2
41 893:5:3 2
203 501 964:22:10 8 4
52 199 845:13:3 4 6
274 371 799:17:5 8 4
237 563 904:16:9 4 3
135 201 953:14:1 9 4
107 202:12:1 11
380 904:12:9 3
219 250:17:9 8
6 953:7:3 4
157 161 830:12:3 5 4
157 716 765:6:3 1 2
52 654:8:3 5
118 328 878:14:2 6 6
728 979 983:6:1 3 2
46 65 260:11:2 1 8
41 365 868:15:3 7 5
103 247 363:17:1 8 8
357 765:7:5 2
27 63:5:2 3
28 70 979:8:4 1 3
57 392 672:15:1 8 6
286 558 928:16:6 9 1
16 23 30:7:2 2 3
103 278:7:1 6
271 904:9:6 3
241 277 928:17:9 7 1
41 319 817:9:3 2 4
6 37:7:3 4
148 338 883:11:1 8 2
16 29:5:2 3
63 516 629:15:3 6 6
47 57 662:8:2 1 5
38 284 702:9:2 5 2
39 66 206:14:4 1 9
428 438:3:2 1
310 389 465:15:3 9 3
38 183:5:2 3
29 145:4:3 1
95 223 967:14:2 9 3
364 379 997:18:7 8 3
58 245 393:20:3 9 8
272 501:15:7 8
189 501 661:18:4 8 6
158 269:11:5 6
261 728 817:12:7 1 4
146 159 328:13:2 5 6
96 392:9:1 8
38 715:3:2 1
671 720:6:5 1
90 201:12:3 9
168 326 966:15:5 7 3
218 378 581:23:9 9 5
263 836 919:15:7 6 2
201 495:15:9 6
264 283 919:14:7 5 2
23 378:11:2 9
183 458 903:9:3 3 3
38 162:7:2 5
39 334:12:4 8
247 465:11:8 3
29 382:12:3 9
154 345 978:9:3 3 3
258 371:16:8 8
219 327:15:9 6
13 284 946:11:4 5 2
211 689:13:10 3
137 202 701:15:2 11 2
103 169:6:1 5
39 90 861:13:4 3 6
20 321 345:13:4 6 3
39 108 263:12:4 1 7
239 303 334:20:9 3 8
7 728:4:3 1
222 368 890:18:8 9 1
62 295 919:9:1 6 2
148 255 629:14:1 7 6
439 654 716:7:1 5 1
345 358 526:16:3 5 8
378 386 506:27:9 10 8
267 821:12:7 5
255 526 915:18:7 8 3
217 600 629:20:11 3 6
255 369:15:7 8
364 983:9:7 2
137 251 886:13:2 9 2
296 305 692:10:4 3 3
173 495 803:13:4 6 3
271 563:10:6 4
292 629:12:6 6
235 933 946:14:10 2 2
167 390:13:3 10
15 31:7:3 4
438 581 661:12:1 5 6
316 857:8:2 6
338 477:13:8 5
110 216:12:1 11
516 682:9:6 3
65 358 714:8:1 5 2
38 81 235:14:2 2 10
128 421 836:10:2 2 6
150 392 906:11:1 8 2
18 126:5:4 1
316 430:3:2 1
267 836:13:7 6
147 267 507:16:1 7 8
128 353 896:6:2 3 1
18 292 901:12:4 6 2
65 189 303:8:1 4 3
7 997:6:3 3
30 209 506:20:3 9 8
189 784:9:4 5
692 713 904:7:3 1 3
39 247 388:20:4 8 8
241 421 967:14:9 2 3
265 322 383:23:7 6 10
207 880 908:19:11 5 3
202 292:17:11 6
285 896 919:9:6 1 2
9 196:8:3 5
255 861:13:7 6
353 708 728:8:3 4 1
224 526:18:10 8
671 806 865:15:5 4 6
365 369:15:7 8
111 241 966:14:2 9 3
386 706 871:20:10 4 6
682 946:5:3 2
282 883 895:10:6 2 2
251 791 800:19:9 4 6
311 354:7:3 4
168 250 716:14:5 8 1
217 285 380:26:11 6 9
252 946:9:7 2
283 386:15:5 10
680 979:8:5 3
16 192:6:2 4
15 47 81:7:3 2 2
10 135 496:10:3 1 6
200 600 810:9:3 3 3
143 845:8:2 6
177 331:9:3 6
219 377 472:22:9 9 4
154 270 458:13:3 7 3
206 265:16:9 7
31 46 883:8:4 2 2
158 265:12:5 7
125 428 558:12:1 2 9
222 581:13:8 5
681 909:5:3 2
472 904:7:4 3
332 886:10:8 2
15 143 671:10:3 2 5
271 901:8:6 2
261 266 313:15:7 5 3
29 106 693:8:3 2 3
287 322 876:17:6 6 5
109 548:9:1 8
72 261 326:17:3 7 7
282 305 701:11:6 3 2
389 780:11:9 2
696 703 779:7:2 2 3
211 245 260:27:10 9 8
38 166:7:2 5
283 651 863:18:5 7 6
506 662:13:8 5
152 903:6:3 3
250 662 896:14:8 5 1
719 817:5:1 4
651 791:11:7 4
217 316 322:19:11 2 6
219 339 390:27:9 8 10
313 393 881:12:3 8 1
265 600:10:7 3
239 550 876:24:9 10 5
883 933:4:2 2
354 652:9:4 5
89 211:11:1 10
124 681:5:2 3
27 964:6:2 4
260 439 861:15:8 1 6
54 961:6:3 3
9 398:12:3 9
542 720 780:13:10 1 2
106 135 836:9:2 1 6
223 319:11:9 2
903 979 983:8:3 3 2
45 147:5:4 1
250 714:10:8 2
272 765:9:7 2
5 185:7:4 3
347 563:8:4 4
896 909:3:1 2
106 250 375:19:2 8 9
54 140 917:6:3 1 2
52 882 946:6:3 1 2
209 235 720:20:9 10 1
46 183 383:15:2 3 10
180 286:11:5 6
222 803:11:8 3
207 230 917:21:11 8 2
274 715:6:5 1
216 326:18:11 7
316 661 909:10:2 6 2
202 715:12:11 1
45 108:5:4 1
186 284:10:5 5
125 162 501:14:1 5 8
375 930:11:9 2
274 322 333:19:5 6 8
551 689 916:14:8 3 3
126 142 241:11:1 1 9
13 667:9:4 5
46 347 696:8:2 4 2
70 286:7:1 6
522 780 862:13:6 2 5
81 237 920:14:2 9 3
53 299:5:1 4
278 522:12:6 6
266 356 917:12:5 5 2
165 908:6:3 3
66 496 693:10:1 6 3
29 369:11:3 8
196 379:13:5 8
263 266 953:16:7 5 4
45 964:8:4 4
332 890 908:12:8 1 3
202 276 884:18:11 5 2
201 703:11:9 2
47 339 933:12:2 8 2
285 652 863:17:6 5 6
9 261 739:12:3 7 2
682 913:5:3 2
184 263 769:15:5 7 3
317 379 917:14:4 8 2
189 363 371:20:4 8 8
16 238 961:15:2 10 3
353 979:6:3 3
173 714 728:7:4 2 1
39 81 106:8:4 2 2
65 257 591:11:1 8 2
53 128 974:5:1 2 2
31 327 681:13:4 6 3
29 347:7:3 4
38 184 899:9:2 5 2
218 979:12:9 3
201 288 917:16:9 5 2
3 62 154:6:2 1 3
41 62 113:6:3 1 2
95 908:5:2 3
219 959:13:9 4
27 334 979:13:2 8 3
534 672 697:19:10 6 3
216 221 672:25:11 8 6
157 172 563:10:3 3 4
347 665:11:4 7
88 313:5:2 3
271 703:8:6 2
180 332:13:5 8
353 800 908:12:3 6 3
89 166 345:9:1 5 3
196 600 916:11:5 3 3
90 919:5:3 2
250 719 769:12:8 1 3
158 702 728:8:5 2 1
249 849:11:7 4
140 142 826:7:1 1 5
239 260:17:9 8
550 747:14:10 4
237 449 696:12:9 1 2
353 914:6:3 3
32 542 810:15:2 10 3
174 600:6:3 3
313 365 902:13:3 7 3
1 192:7:3 4
52 930:5:3 2
10 110 857:10:3 1 6
307 941:6:4 2
396 551 700:19:9 8 2
23 252 581:14:2 7 5
326 671:12:7 5
223 581:14:9 5
168 979:8:5 3
170 665 960:13:3 7 3
5 183 327:13:4 3 6
311 331 959:13:3 6 4
110 603 961:6:1 2 3
47 157 240:14:2 3 9
331 953:10:6 4
5 166 506:17:4 5 8
379 396:17:8 9
36 591 697:9:4 2 3
45 115 895:8:4 2 2
332 708:12:8 4
369 918:10:8 2
143 496:8:2 6
15 430 671:9:3 1 5
183 522:9:3 6
328 882 966:10:6 1 3
493 817:9:5 4
96 382 720:11:1 9 1
9 41 170:9:3 3 3
396 696:11:9 2
65 693 878:10:1 3 6
6 365:10:3 7
171 561 861:14:4 4 6
534 624:16:10 6
305 899:5:3 2
199 241 817:17:4 9 4
255 272 374:21:7 7 7
876 930:7:5 2
30 296 438:8:3 4 1
177 360 909:9:3 4 2
296 307 902:11:4 4 3
845 863:12:6 6
495 522:12:6 6
93 223 806:16:3 9 4
235 919:12:10 2
31 45 522:14:4 4 6
354 698 919:8:4 2 2
223 966:12:9 3
507 624:14:8 6
338 389 883:19:8 9 2
111 705:6:2 4
30 207 665:21:3 11 7
6 70 110:5:3 1 1
93 651:10:3 7
16 231:10:2 8
152 542:13:3 10
30 421:5:3 2
265 913:9:7 2
7 93 438:7:3 3 1
186 231 624:19:5 8 6
154 780:5:3 2
328 806:10:6 4
70 235 878:17:1 10 6
269 312:9:6 3
111 321:8:2 6
265 272 526:22:7 7 8
88 107 821:8:2 1 5
168 627 716:11:5 5 1
246 396 917:18:7 9 2
342 780 913:8:4 2 2
48 311 904:10:4 3 3
369 439 821:14:8 1 5
238 303 360:17:10 3 4
14 378 887:13:2 9 2
265 269:13:7 6
15 699 953:11:3 4 4
115 140 671:8:2 1 5
784 961:8:5 3
18 706:8:4 4
202 254:19:11 8
147 886:3:1 2
255 316 891:10:7 2 1
162 883:7:5 2
27 282 857:14:2 6 6
23 216 928:14:2 11 1
10 180 339:16:3 5 8
274 360:9:5 4
62 107 978:5:1 1 3
31 37 269:14:4 4 6
281 357 928:10:4 5 1
60 603 666:11:3 2 6
278 307 849:14:6 4 4
269 652:11:6 5
123 271:7:1 6
360 671:9:4 5
10 47:5:3 2
10 166:8:3 5
257 326 884:17:8 7 2
63 974:5:3 2
237 364 882:17:9 7 1
47 728:3:2 1
142 495 696:9:1 6 2
246 930 974:11:7 2 2
779 966:6:3 3
269 708:10:6 4
203 311 714:15:10 3 2
197 250 784:17:4 8 5
270 683:11:7 4
239 826 861:20:9 5 6
169 201 380:23:5 9 9
241 695:11:9 2
46 369 836:16:2 8 6
224 845 919:18:10 6 2
126 761:2:1 1
174 307:7:3 4
863 953:10:6 4
222 237 681:20:8 9 3
1 694:5:3 2
111 516:8:2 6
125 671:6:1 5
115 978:5:2 3
162 184 185:13:5 5 3
270 682 791:14:7 3 4
159 715:6:5 1
380 388:17:9 8
257 278 979:17:8 6 3
101 326 701:11:2 7 2
159 332:13:5 8
231 377 534:27:8 9 10
103 472 933:7:1 4 2
364 966:10:7 3
265 507 550:25:7 8 10
111 145:3:2 1
191 696:5:3 2
86 266 421:10:3 5 2
428 715:3:2 1
20 328:10:4 6
161 629:11:5 6
695 902:5:2 3
365 966:10:7 3
170 695 780:7:3 2 2
223 255 271:22:9 7 6
299 732 896:7:4 2 1
88 286:8:2 6
716 997:4:1 3
123 203 821:16:1 10 5
388 665:15:8 7
30 342:7:3 4
273 398 868:19:5 9 5
216 383:21:11 10
338 550 897:20:8 10 2
72 979:6:3 3
389 716 997:13:9 1 3
29 271 702:11:3 6 2
319 526 671:15:2 8 5
32 264 768:11:2 7 2
126 928:2:1 1
302 705:6:2 4
189 287 667:15:4 6 5
247 317 715:13:8 4 1
22 365 707:13:4 7 2
48 271:10:4 6
88 352:6:2 4
201 663 708:18:9 5 4
37 322 342:14:4 6 4
20 862 997:12:4 5 3
240 713:10:9 1
152 806 917:9:3 4 2
52 309 953:9:3 2 4
123 389:10:1 9
235 398 876:24:10 9 5
111 267 334:17:2 7 8
15 128 247:13:3 2 8
10 769 904:9:3 3 3
186 332:13:5 8
57 303 741:8:1 3 4
380 705:13:9 4
140 363 672:15:1 8 6
162 663 868:15:5 5 5
9 22 66:8:3 4 1
281 328:10:4 6
284 886:7:5 2
162 716:6:5 1
350 386 629:19:3 10 6
430 703 865:9:1 2 6
700 806 895:8:2 4 2
143 265:9:2 7
128 191 422:7:2 3 2
21 661:10:4 6
146 152 883:7:2 3 2
563 902:7:4 3
118 920:5:2 3
191 269:9:3 6
14 16 147:5:2 2 1
364 378 784:21:7 9 5
27 45 534:16:2 4 10
216 477 941:18:11 5 2
328 377 496:21:6 9 6
111 152 303:8:2 3 3
241 696:11:9 2
347 800:10:4 6
319 603 933:6:2 2 2
803 817:7:3 4
125 167 591:6:1 3 2
10 305:6:3 3
316 930:4:2 2
167 857 903:12:3 6 3
1 230 260:19:3 8 8
379 495:14:8 6
465 871 903:12:3 6 3
563 800 959:14:4 6 4
45 522:10:4 6
72 186 826:13:3 5 5
203 695:12:10 2
328 821:11:6 5
461 693:7:4 3
662 974:7:5 2
110 157 826:9:1 3 5
28 118 880:11:4 2 5
70 165 735:5:1 3 1
191 422 705:9:3 2 4
761 836 849:11:1 6 4
123 680 692:9:1 5 3
285 739:8:6 2
58 887 928:6:3 2 1
141 231 388:17:1 8 8
57 70:2:1 1
46 390 826:17:2 10 5
22 258 701:14:4 8 2
53 88 667:8:1 2 5
86 202 374:21:3 11 7
371 379:16:8 8
369 967:11:8 3
281 285 903:13:4 6 3
109 168 358:11:1 5 5
274 713:6:5 1
81 765:4:2 2
21 61 183:8:4 1 3
224 375 810:22:10 9 3
170 465 904:9:3 3 3
48 309:6:4 2
46 128 157:7:2 2 3
477 902 920:11:5 3 3
699 919:6:4 2
106 817:6:2 4
46 928:3:2 1
123 358:6:1 5
331 506:14:6 8
392 845 881:15:8 6 1
140 363 563:13:1 8 4
30 342:7:3 4
36 378 978:16:4 9 3
5 22 201:17:4 4 9
142 238 663:16:1 10 5
96 716:2:1 1
352 516:10:4 6
22 211 983:16:4 10 2
267 561:11:7 4
15 339:11:3 8
93 245 933:14:3 9 2
201 292 700:17:9 6 2
31 671:9:4 5
287 378 388:23:6 9 8
269 273:11:6 5
81 393 477:15:2 8 5
53 449 878:8:1 1 6
66 672 698:9:1 6 2
239 264:16:9 7
47 265 317:13:2 7 4
140 282:7:1 6
152 906:5:3 2
218 342 696:15:9 4 2
312 914:6:3 3
20 108:5:4 1
170 343 784:13:3 5 5
13 126 230:13:4 1 8
223 806 953:17:9 4 4
238 570:13:10 3
142 465 945:6:1 3 2
7 343:8:3 5
241 398 698:20:9 9 2
167 667 915:11:3 5 3
30 263:10:3 7
1 386 438:14:3 10 1
1 135 702:6:3 1 2
365 806:11:7 4
52 285 715:10:3 6 1
177 893:5:3 2
65 209 364:17:1 9 7
255 506 542:25:7 8 10
45 317 779:11:4 4 3
282 382:15:6 9
681 967:6:3 3
177 302 735:6:3 2 1
150 245 983:12:1 9 2
86 516:9:3 6
30 422 430:6:3 2 1
472 761 899:7:4 1 2
317 358 591:11:4 5 2
230 377 728:18:8 9 1
240 288:14:9 5
270 953:11:7 4
174 941:5:3 2
383 830:14:10 4
326 871:13:7 6
30 180 381:18:3 5 10
110 728 901:4:1 1 2
7 719:4:3 1
303 692:6:3 3
7 901:5:3 2
260 817:12:8 4
296 886 960:9:4 2 3
548 761:9:8 1
206 249 682:19:9 7 3
221 861:14:8 6
189 461:8:4 4
246 354:11:7 4
172 342:7:3 4
66 868:6:1 5
327 507 784:19:6 8 5
135 274 338:14:1 5 8
368 791:13:9 4
95 109:3:2 1
10 221 396:20:3 8 9
247 257 707:18:8 8 2
240 681 769:15:9 3 3
285 331 899:14:6 6 2
257 389:17:8 9
126 761 941:4:1 1 2
23 966:5:2 3
260 438 967:12:8 1 3
364 581:12:7 5
211 909:12:10 2
81 438 886:5:2 1 2
319 386 661:18:2 10 6
81 191 266:10:2 3 5
14 207:13:2 11
287 299:10:6 4
172 223 967:15:3 9 3
1 739:5:3 2
27 821:7:2 5
18 313 706:11:4 3 4
330 720 871:15:8 1 6
67 428 880:10:3 2 5
122 383 974:14:2 10 2
189 374 665:18:4 7 7
493 887 893:9:5 2 2
224 326:17:10 7
126 667 707:8:1 5 2
166 967:8:5 3
170 183 287:12:3 3 6
106 115:4:2 2
115 719 739:5:2 1 2
201 908:12:9 3
206 706:13:9 4
174 219 266:17:3 9 5
88 95 979:7:2 2 3
108 202 868:17:1 11 5
96 810:4:1 3
235 663 735:16:10 5 1
357 380:14:5 9
107 883:3:1 2
86 699:7:3 4
73 152 920:8:2 3 3
826 897:7:5 2
15 495 806:13:3 6 4
221 266:13:8 5
58 107:4:3 1
247 282 327:20:8 6 6
353 382 960:15:3 9 3
272 345:10:7 3
125 849:5:1 4
221 311 377:20:8 3 9
53 254 390:19:1 8 10
1 14 884:7:3 2 2
430 542 928:12:1 10 1
699 984:6:4 2
383 449:11:10 1
41 152:6:3 3
223 240:18:9 9
111 153:5:2 3
663 714:7:5 2
177 202 317:18:3 11 4
5 125:5:4 1
166 665:12:5 7
334 997:11:8 3
72 671 886:10:3 5 2
1 110 930:6:3 1 2
10 145 702:6:3 1 2
57 363 979:12:1 8 3
316 393 699:14:2 8 4
140 714:3:1 2
206 343:14:9 5
189 339:12:4 8
148 185 715:5:1 3 1
154 629:9:3 6
47 933:4:2 2
238 396 661:25:10 9 6
390 697:13:10 3
167 269 284:14:3 6 5
32 333 904:13:2 8 3
821 913:7:5 2
296 461:8:4 4
251 396 714:20:9 9 2
66 284:6:1 5
285 563:10:6 4
10 263:10:3 7
23 979:5:2 3
235 352 697:17:10 4 3
558 671:14:9 5
269 303:9:6 3
41 356:8:3 5
47 663 865:13:2 5 6
122 177 908:8:2 3 3
123 364:8:1 7
70 357:6:1 5
209 713 741:14:9 1 4
299 339:12:4 8
13 221 305:15:4 8 3
37 113 680:11:4 2 5
363 672:14:8 6
167 319 665:12:3 2 7
142 967:4:1 3
18 167:7:4 3
735 891:2:1 1
271 800 913:14:6 6 2
164 558 919:14:3 9 2
230 245:17:8 9
38 147 696:5:2 1 2
47 920:5:2 3
299 332 347:16:4 8 4
381 581 666:21:10 5 6
173 516 654:15:4 6 5
18 95 386:16:4 2 10
257 271 295:20:8 6 6
169 652 817:14:5 5 4
358 663:10:5 5
38 984:4:2 2
168 716:6:5 1
263 893:9:7 2
317 398 542:23:4 9 10
916 974:5:3 2
6 249:10:3 7
344 421 863:11:3 2 6
143 493:7:2 5
600 845:9:3 6
135 430:2:1 1
165 260 430:12:3 8 1
270 902:10:7 3
22 67 239:16:4 3 9
398 708 857:19:9 4 6
352 561 715:9:4 4 1
70 96 861:8:1 1 6
209 321 392:23:9 6 8
143 672 799:12:2 6 4
122 696:4:2 2
311 876 908:11:3 5 3
201 699:13:9 4
223 273:14:9 5
53 63 382:13:1 3 9
542 624 780:18:10 6 2
398 836:15:9 6
125 237 269:16:1 9 6
126 716:2:1 1
693 719 836:10:3 1 6
18 683 735:9:4 4 1
230 800 974:16:8 6 2
237 265:16:9 7
60 381:13:3 10
165 388:11:3 8
118 309 319:6:2 2 2
86 286 735:10:3 6 1
14 31 309:8:2 4 2
152 267:10:3 7
7 192 997:10:3 4 3
183 570 719:7:3 3 1
245 422 496:17:9 2 6
108 369 747:13:1 8 4
285 667:11:6 5
207 983:13:11 2
184 398:14:5 9
383 896:11:10 1
218 278 914:18:9 6 3
516 908:9:6 3
246 383:17:7 10
381 718:11:10 1
1 192:7:3 4
101 109:3:2 1
36 153 296:11:4 3 4
39 146 185:9:4 2 3
38 118 886:6:2 2 2
39 739:6:4 2
207 371:19:11 8
309 334:10:2 8
381 886 933:14:10 2 2
28 672 707:12:4 6 2
54 109 118:6:3 1 2
123 191:4:1 3
830 941:6:4 2
45 173 522:14:4 4 6
186 784:10:5 5
356 439 893:8:5 1 2
216 392:19:11 8
207 274 720:17:11 5 1
377 661 861:21:9 6 6
238 288 368:24:10 5 9
96 284 902:9:1 5 3
16 316:4:2 2
201 238 701:21:9 10 2
651 661 765:15:7 6 2
53 542 918:13:1 10 2
48 438:5:4 1
53 857:7:1 6
96 141 739:4:1 1 2
298 817:9:5 4
496 902:9:6 3
185 383:13:3 10
438 534:11:1 10
148 201 978:13:1 9 3
9 735:4:3 1
90 255:10:3 7
298 548 769:16:5 8 3
32 58:5:2 3
158 862:10:5 5
73 542:12:2 10
143 267 966:12:2 7 3
3 344:5:2 3
18 680:9:4 5
266 273 930:12:5 5 2
125 895:3:1 2
342 591:6:4 2
48 164 857:13:4 3 6
281 449:5:4 1
153 203:13:3 10
96 164 251:13:1 3 9
10 396:12:3 9
174 364 702:12:3 7 2
477 551:13:5 8
5 93:7:4 3
63 172 570:9:3 3 3
103 202 312:15:1 11 3
218 230 697:20:9 8 3
184 192 629:15:5 4 6
199 741 765:10:4 4 2
128 895 917:6:2 2 2
3 964:6:2 4
200 680 902:11:3 5 3
124 197 917:8:2 4 2
371 978:11:8 3
433 735 878:9:2 1 6
122 231:10:2 8
37 110 768:7:4 1 2
439 862:6:1 5
81 260 421:12:2 8 2
67 421:5:3 2
161 534 768:17:5 10 2
267 868 959:16:7 5 4
261 765:9:7 2
706 941:6:4 2
317 906:6:4 2
147 438:2:1 1
72 791 918:9:3 4 2
421 506 803:13:2 8 3
396 698 928:12:9 2 1
928 945:3:1 2
166 388:13:5 8
192 252:11:4 7
230 882:9:8 1
115 255:9:2 7
165 365:10:3 7
167 174 946:8:3 3 2
368 719:10:9 1
63 283:8:3 5
157 356:8:3 5
665 718:8:7 1
6 211:13:3 10
57 800:7:1 6
347 526:12:4 8
390 461 672:20:10 4 6
54 90 671:11:3 3 5
159 331 339:19:5 6 8
375 964:13:9 4
122 123:3:2 1
86 600:6:3 3
106 183:5:2 3
29 238 906:15:3 10 2
260 699 836:18:8 4 6
141 328 360:11:1 6 4
374 662 960:15:7 5 3
73 624:8:2 6
52 561:7:3 4
312 561 747:11:3 4 4
303 347:7:3 4
316 449 953:7:2 1 4
145 183 699:8:1 3 4
14 332:10:2 8
310 603:5:3 2
365 624 915:16:7 6 3
65 629 884:9:1 6 2
551 966:11:8 3
167 682:6:3 3
128 238 339:20:2 10 8
123 421 682:6:1 2 3
861 913:8:6 2
264 307:11:7 4
46 96 357:8:2 1 5
6 14 716:6:3 2 1
263 303 713:11:7 3 1
45 461:8:4 4
230 247:16:8 8
201 206 388:26:9 9 8
118 258 739:12:2 8 2
261 700 908:12:7 2 3
147 806:5:1 4
147 159 629:12:1 5 6
551 699:12:8 4
307 784:9:4 5
345 380:12:3 9
295 904:9:6 3
374 728:8:7 1
3 14 953:8:2 2 4
154 806:7:3 4
168 719 919:8:5 1 2
126 570:4:1 3
398 800 871:21:9 6 6
264 281 914:14:7 4 3
21 22 915:11:4 4 3
386 501:18:10 8
247 884 978:13:8 2 3
506 791:12:8 4
88 169 311:10:2 5 3
73 389:11:2 9
58 319:5:3 2
164 174:6:3 3
73 581:7:2 5
321 784:11:6 5
167 177 365:13:3 3 7
31 196 356:14:4 5 5
41 216 286:20:3 11 6
27 379 903:13:2 8 3
316 700 739:6:2 2 2
63 95 983:7:3 2 2
21 96 211:15:4 1 10
261 328 882:14:7 6 1
7 930:5:3 2
223 246 327:22:9 7 6
172 274:8:3 5
392 964:12:8 4
344 697:6:3 3
311 893:5:3 2
53 363 697:12:1 8 3
173 984:6:4 2
81 339:10:2 8
661 780 897:10:6 2 2
278 703 897:10:6 2 2
357 472 741:13:5 4 4
526 701:10:8 2
48 332 516:18:4 8 6
66 115 311:6:1 2 3
52 221 652:16:3 8 5
382 904:12:9 3
239 319 393:19:9 2 8
148 150:2:1 1
396 449 458:13:9 1 3
174 707:5:3 2
357 871 919:13:5 6 2
53 126 984:4:1 1 2
728 732:3:1 2
6 880:8:3 5
196 967:8:5 3
162 430 890:7:5 1 1
206 256:16:9 7
333 339:16:8 8
651 718 919:10:7 1 2
697 908:6:3 3
235 272:17:10 7
145 692:4:1 3
296 474 791:11:4 3 4
791 849:8:4 4
38 665:9:2 7
32 318 928:7:2 4 1
266 382 741:18:5 9 4
28 662:9:4 5
354 897:6:4 2
700 908:5:2 3
332 526 974:18:8 8 2
89 624:7:1 6
81 135:3:2 1
57 312:4:1 3
72 183 474:9:3 3 3
158 353 386:18:5 3 10
278 708:10:6 4
154 652:8:3 5
37 365:11:4 7
57 273:6:1 5
23 60:5:2 3
506 868 902:16:8 5 3
326 428 765:11:7 2 2
377 714:11:9 2
1 321 330:17:3 6 8
551 890:9:8 1
422 662 979:10:2 5 3
261 382:16:7 9
122 142 893:5:2 1 2
123 252:8:1 7
235 561 930:16:10 4 2
223 380:18:9 9
90 380 849:16:3 9 4
39 258 389:21:4 8 9
16 374 699:13:2 7 4
16 708:6:2 4
147 237 249:17:1 9 7
161 309 708:11:5 2 4
93 663:8:3 5
780 930:4:2 2
124 458:5:2 3
63 270 917:12:3 7 2
86 433 667:10:3 2 5
343 682:8:5 3
140 305 967:7:1 3 3
10 287:9:3 6
73 143:4:2 2
216 302 629:19:11 2 6
88 126:3:2 1
161 221:13:5 8
239 477:14:9 5
702 868:7:2 5
30 358:8:3 5
196 288 930:12:5 5 2
57 317 933:7:1 4 2
239 278 581:20:9 6 5
61 364 728:9:1 7 1
90 651:10:3 7
7 661 960:12:3 6 3
702 765:4:2 2
9 167:6:3 3
305 371 672:17:3 8 6
231 534:18:8 10
81 422 695:6:2 2 2
10 278 732:11:3 6 2
167 682:6:3 3
41 652:8:3 5
286 474 876:14:6 3 5
928 967:4:1 3
88 548 978:13:2 8 3
378 714:11:9 2
22 581:9:4 5
22 274 333:17:4 5 8
96 292:7:1 6
150 256 791:12:1 7 4
780 878:8:2 6
16 333:10:2 8
352 914:7:4 3
126 158:6:1 5
343 692:8:5 3
29 108 671:9:3 1 5
109 671:6:1 5
22 245 365:20:4 9 7
46 168 941:9:2 5 2
313 378:12:3 9
761 945:3:1 2
46 913:4:2 2
196 363 705:17:5 8 4
172 219 624:18:3 9 6
383 919:12:10 2
264 863:13:7 6
171 271:10:4 6
70 398 652:15:1 9 5
53 390:11:1 10
32 143 265:11:2 2 7
147 672 779:10:1 6 3
177 286 383:19:3 6 10
60 298 716:9:3 5 1
81 86 393:13:2 3 8
89 360:5:1 4
238 354:14:10 4
70 739:3:1 2
167 216 254:22:3 11 8
93 581:8:3 5
696 849 896:7:2 4 1
20 277:11:4 7
270 917:9:7 2
689 714 836:11:3 2 6
65 313:4:1 3
272 878 896:14:7 6 1
10 216 806:18:3 11 4
184 495:11:5 6
107 321 902:10:1 6 3
115 928:3:2 1
191 296:7:3 4
157 161 389:17:3 5 9
62 202 326:19:1 11 7
48 371:12:4 8
62 313 681:7:1 3 3
186 221:13:5 8
103 230:9:1 8
107 273 278:12:1 5 6
266 654 683:14:5 5 4
295 365 836:19:6 7 6
70 378:10:1 9
128 249 332:17:2 7 8
146 891 909:5:2 1 2
265 865:13:7 6
23 147 238:13:2 1 10
165 352 960:10:3 4 3
22 933 974:8:4 2 2
172 360:7:3 4
199 769:7:4 3
169 271:11:5 6
506 672:14:8 6
185 897:5:3 2
224 316 891:13:10 2 1
145 472 953:9:1 4 4
123 177 302:6:1 3 2
200 317 421:9:3 4 2
111 357:7:2 5
123 392:9:1 8
46 65 946:5:2 1 2
284 868 913:12:5 5 2
22 334 714:14:4 8 2
312 697:6:3 3
107 354:5:1 4
211 906:12:10 2
206 383:19:9 10
103 110 880:7:1 1 5
118 146:4:2 2
18 997:7:4 3
28 682 739:9:4 3 2
53 211:11:1 10
624 878:12:6 6
186 311 318:12:5 3 4
356 862:10:5 5
671 689:8:5 3
18 183:7:4 3
218 354 917:15:9 4 2
152 272:10:3 7
23 338:10:2 8
20 224 516:20:4 10 6
389 683:13:9 4
422 714:4:2 2
89 699:5:1 4
170 522 880:14:3 6 5
217 254 662:24:11 8 5
22 319 719:7:4 2 1
350 915:6:3 3
93 357 945:10:3 5 2
917 919:4:2 2
10 54:6:3 3
269 477:11:6 5
57 312:4:1 3
353 392:11:3 8
137 430:3:2 1
30 666:9:3 6
137 461:6:2 4
299 386 393:22:4 10 8
356 810:8:5 3
305 345 371:14:3 3 8
216 666:17:11 6
356 718 761:7:5 1 1
110 223 240:19:1 9 9
317 379:12:4 8
145 237:10:1 9
344 799:7:3 4
206 284:14:9 5
95 172:5:2 3
124 979:5:2 3
235 680 800:21:10 5 6
45 206 603:15:4 9 2
693 784:8:3 5
230 672:14:8 6
458 735:4:3 1
5 629:10:4 6
47 326 913:11:2 7 2
313 663:8:3 5
103 126 257:10:1 1 8
60 245 542:22:3 9 10
238 692 779:16:10 3 3
10 281 343:12:3 4 5
310 461:7:3 4
526 984:10:8 2
14 666:8:2 6
168 901:7:5 2
167 830:7:3 4
305 495 830:13:3 6 4
106 928 961:6:2 1 3
269 379 561:18:6 8 4
7 706:7:3 4
276 343 703:12:5 5 2
148 164 933:6:1 3 2
550 893:12:10 2
465 826:8:3 5
89 231 313:12:1 8 3
62 305:4:1 3
421 507 651:17:2 8 7
101 224 378:21:2 10 9
393 702 899:12:8 2 2
171 319:6:4 2
115 960:5:2 3
9 313 707:8:3 3 2
550 979:13:10 3
629 891:7:6 1
63 381 474:16:3 10 3
169 563 799:13:5 4 4
6 63 881:7:3 3 1
741 821:9:4 5
145 428 978:6:1 2 3
321 696:8:6 2
380 383:19:9 10
526 700 784:15:8 2 5
267 550:17:7 10
27 260 375:19:2 8 9
317 603 689:9:4 2 3
157 267 913:12:3 7 2
10 369 916:14:3 8 3
23 135 278:9:2 1 6
147 693:4:1 3
89 252 974:10:1 7 2
868 897:7:5 2
383 702 826:17:10 2 5
252 312 558:19:7 3 9
141 145 347:6:1 1 4
46 296 666:12:2 4 6
3 5 458:9:2 4 3
223 945 946:13:9 2 2
7 287:9:3 6
189 285 928:11:4 6 1
201 651:16:9 7
15 662:8:3 5
63 661 665:16:3 6 7
380 706:13:9 4
185 662 914:11:3 5 3
148 287:7:1 6
563 694:6:4 2
58 66 398:13:3 1 9
18 857:10:4 6
53 184 322:12:1 5 6
180 920:8:5 3
28 202:15:4 11
278 282 343:17:6 6 5
118 238 272:19:2 10 7
106 747:6:2 4
246 328 741:17:7 6 4
146 364 662:14:2 7 5
177 474 696:8:3 3 2
281 739 769:9:4 2 3
70 357 880:11:1 5 5
430 663:6:1 5
110 902:4:1 3
269 914:9:6 3
7 629 878:15:3 6 6
495 718:7:6 1
13 881 893:7:4 1 2
665 930:9:7 2
36 72 86:10:4 3 3
246 318 357:16:7 4 5
10 343 904:11:3 5 3
189 507:12:4 8
222 344:11:8 3
199 883:6:4 2
318 701:6:4 2
185 260 369:19:3 8 8
123 334 672:15:1 8 6
184 689:8:5 3
207 249:18:11 7
255 257 700:17:7 8 2
316 371 654:15:2 8 5
141 207 941:14:1 11 2
90 245 381:22:3 9 10
167 192 250:15:3 4 8
70 154 338:12:1 3 8
231 271:14:8 6
692 919:5:3 2
697 719:4:3 1
581 810 893:10:5 3 2
347 378 682:16:4 9 3
506 548:16:8 8
135 667 741:10:1 5 4
316 720:3:2 1
61 256 333:16:1 7 8
135 871 906:9:1 6 2
235 344 696:15:10 3 2
433 739 765:6:2 2 2
14 895:4:2 2
140 339 600:12:1 8 3
81 665 945:11:2 7 2
20 207 339:23:4 11 8
45 162 893:11:4 5 2
371 741:12:8 4
7 21:7:3 4
309 316 871:10:2 2 6
14 67:5:2 3
38 173 326:13:2 4 7
164 318:7:3 4
461 830:8:4 4
292 357:11:6 5
108 334:9:1 8
257 671 919:15:8 5 2
282 701 946:10:6 2 2
108 206:10:1 9
312 871:9:3 6
328 377:15:6 9
7 707:5:3 2
784 880:10:5 5
246 276 920:15:7 5 3
352 433:6:4 2
109 747:5:1 4
526 661:14:8 6
101 165:5:2 3
154 266 284:13:3 5 5
37 166 897:11:4 5 2
108 327:7:1 6
158 260 909:15:5 8 2
47 223:11:2 9
65 331 747:11:1 6 4
162 713:6:5 1
148 398:10:1 9
534 739:12:10 2
153 472 945:9:3 4 2
15 371 857:17:3 8 6
354 891 984:7:4 1 2
88 183:5:2 3
692 739 878:11:3 2 6
103 249 661:14:1 7 6
5 328:10:4 6
209 706:13:9 4
170 264 284:15:3 7 5
249 358 821:17:7 5 5
118 252 693:12:2 7 3
6 263 887:12:3 7 2
61 249:8:1 7
124 393:10:2 8
32 913:4:2 2
292 817:10:6 4
110 147 281:6:1 1 4
338 501:16:8 8
18 157 887:9:4 3 2
461 534:14:4 10
321 365 904:16:6 7 3
309 507 719:11:2 8 1
1 665 715:11:3 7 1
264 267 353:17:7 7 3
66 526:9:1 8
37 217 501:23:4 11 8
563 692 761:8:4 3 1
180 918:7:5 2
106 364 945:11:2 7 2
165 715:4:3 1
103 967:4:1 3
93 393:11:3 8
254 305 347:15:8 3 4
58 928:4:3 1
147 701:3:1 2
21 703 941:8:4 2 2
107 360:5:1 4
125 930:3:1 2
189 806 997:11:4 4 3
263 296:11:7 4
62 184 857:12:1 5 6
333 570 902:14:8 3 3
285 313 876:14:6 3 5
388 558:17:8 9
295 871:12:6 6
327 332 945:16:6 8 2
31 681 845:13:4 3 6
109 352 908:8:1 4 3
47 143 901:6:2 2 2
41 817:7:3 4
263 319:9:7 2
145 388 791:13:1 8 4
908 913 918:7:3 2 2
252 661 930:15:7 6 2
200 344:6:3 3
360 379 438:13:4 8 1
154 230:11:3 8
192 339 697:15:4 8 3
342 739 890:7:4 2 1
393 959:12:8 4
14 806 895:8:2 4 2
67 141 941:6:3 1 2
62 245 378:19:1 9 9
32 237:11:2 9
125 319:3:1 2
438 713 891:3:1 1 1
142 173:5:1 4
115 364:9:2 7
196 769 865:14:5 3 6
192 392 671:17:4 8 5
6 465:6:3 3
21 126 209:14:4 1 9
861 909:8:6 2
3 148 810:6:2 1 3
191 283:8:3 5
368 845:15:9 6
307 388 917:14:4 8 2
261 331 700:15:7 6 2
218 422:11:9 2
506 806 881:13:8 4 1
201 302 718:12:9 2 1
38 883:4:2 2
37 263 393:19:4 7 8
154 334 895:13:3 8 2
162 534:15:5 10
339 689 918:13:8 3 2
319 344 363:13:2 3 8
142 298:6:1 5
147 581 765:8:1 5 2
495 883:8:6 2
180 474:8:5 3
200 718:4:3 1
247 680:13:8 5
167 765 784:10:3 2 5
107 206 591:12:1 9 2
201 296 666:19:9 4 6
343 715:6:5 1
334 371:16:8 8
88 241:11:2 9
22 122 152:9:4 2 3
310 493 780:10:3 5 2
39 143 882:7:4 2 1
109 344:4:1 3
836 959:10:6 4
123 845 961:10:1 6 3
72 95 389:14:3 2 9
45 713:5:4 1
398 974 984:13:9 2 2
6 70 913:6:3 1 2
191 327 719:10:3 6 1
700 702:4:2 2
101 360 708:10:2 4 4
250 317:12:8 4
145 978:4:1 3
90 241 526:20:3 9 8
264 285:13:7 6
123 307 945:7:1 4 2
357 765:7:5 2
23 352:6:2 4
298 880 901:12:5 5 2
30 66 272:11:3 1 7
692 803:6:3 3
122 396 886:13:2 9 2
321 339 703:16:6 8 2
381 857 928:17:10 6 1
6 526:11:3 8
895 997:5:2 3
7 57:4:3 1
28 135 347:9:4 1 4
39 389 836:19:4 9 6
735 997:4:1 3
680 861:11:5 6
303 953:7:3 4
302 334:10:2 8
52 698 715:6:3 2 1
250 765:10:8 2
9 61 472:8:3 1 4
161 365:12:5 7
157 166 495:14:3 5 6
73 110 283:8:2 1 5
342 449 472:9:4 1 4
14 256 780:11:2 7 2
526 880:13:8 5
53 652:6:1 5
347 651 901:13:4 7 2
180 352:9:5 4
728 800:7:1 6
140 281 715:6:1 4 1
63 558:12:3 9
150 880:6:1 5
318 322 581:15:4 6 5
70 303 388:12:1 3 8
152 173 472:11:3 4 4
61 159 318:10:1 5 4
245 899:11:9 2
720 983:3:1 2
217 322:17:11 6
393 739:10:8 2
63 145 250:12:3 1 8
3 345:5:2 3
109 257 603:11:1 8 2
296 516:10:4 6
108 914 916:7:1 3 3
252 933:9:7 2
118 331:8:2 6
10 251 383:22:3 9 10
146 707:4:2 2
591 652:7:2 5
36 81:6:4 2
39 522 662:15:4 6 5
239 381 974:21:9 10 2
158 201:14:5 9
5 101 209:15:4 2 9
200 703:5:3 2
32 680:7:2 5
192 237 683:17:4 9 4
217 365 891:19:11 7 1
192 238 720:15:4 10 1
10 165:6:3 3
113 148:3:2 1
126 581 803:9:1 5 3
309 896:3:2 1
666 791:10:6 4
126 196 918:8:1 5 2
141 714:3:1 2
258 390 769:21:8 10 3
15 240 345:15:3 9 3
284 713:6:5 1
313 735:4:3 1
152 247:11:3 8
103 389 880:15:1 9 5
375 693:12:9 3
331 876:11:6 5
274 561:9:5 4
47 221 379:18:2 8 8
218 663:14:9 5
363 806 966:15:8 4 3
247 276 918:15:8 5 2
221 298 667:18:8 5 5
270 799 945:13:7 4 2
302 909 946:6:2 2 2
255 779:10:7 3
48 768:6:4 2
338 350 914:14:8 3 3
147 164:4:1 3
702 768 920:7:2 2 3
381 784 906:17:10 5 2
258 321 332:22:8 6 8
36 800 918:12:4 6 2
318 461 916:11:4 4 3
21 230:12:4 8
267 375 897:18:7 9 2
9 369 974:13:3 8 2
101 321 806:12:2 6 4
152 317:7:3 4
101 257 651:17:2 8 7
54 830:7:3 4
14 197:6:2 4
106 209 364:18:2 9 7
146 732:4:2 2
81 960:5:2 3
343 997:8:5 3
241 680:14:9 5
124 303:5:2 3
62 719:2:1 1
231 251:17:8 9
152 230 247:19:3 8 8
29 914:6:3 3
164 173 209:16:3 4 9
72 223 803:15:3 9 3
32 143 164:7:2 2 3
186 680 741:14:5 5 4
90 240:12:3 9
142 345:4:1 3
237 286 558:24:9 6 9
171 221 913:14:4 8 2
379 909:10:8 2
73 88 392:12:2 2 8
258 382 913:19:8 9 2
357 810:8:5 3
27 62 281:7:2 1 4
260 522:14:8 6
7 591 909:7:3 2 2
260 281 967:15:8 4 3
169 265 672:18:5 7 6
501 917:10:8 2
246 256 849:18:7 7 4
65 189 810:8:1 4 3
247 978:11:8 3
876 903:8:5 3
364 718:8:7 1
252 747 901:13:7 4 2
57 140 901:4:1 1 2
165 332:11:3 8
108 260:9:1 8
196 438:6:5 1
48 217:15:4 11
10 694 961:8:3 2 3
216 358 665:23:11 5 7
216 328:17:11 6
6 172:6:3 3
428 430:3:2 1
223 358:14:9 5
27 54:5:2 3
298 342:9:5 4
137 865:8:2 6
108 235 322:17:1 10 6
389 865:15:9 6
66 333 964:13:1 8 4
257 548 732:18:8 8 2
249 302 915:12:7 2 3
143 305 375:14:2 3 9
270 383 739:19:7 10 2
86 570 806:10:3 3 4
672 920:9:6 3
126 563:5:1 4
38 257:10:2 8
5 526:12:4 8
28 207 551:23:4 11 8
477 761:6:5 1
189 439 477:10:4 1 5
331 368:15:6 9
693 961:6:3 3
109 327 507:15:1 6 8
93 164 433:8:3 3 2
739 899:4:2 2
390 964:14:10 4
60 249:10:3 7
191 651 961:13:3 7 3
159 493 506:18:5 5 8
152 274:8:3 5
240 624 887:17:9 6 2
161 933:7:5 2
364 421:9:7 2
344 918:5:3 2
380 433:11:9 2
29 338 716:12:3 8 1
344 908:6:3 3
265 303 979:13:7 3 3
28 192:8:4 4
6 63 651:13:3 3 7
110 113 398:12:1 2 9
38 230 836:16:2 8 6
45 318 356:13:4 4 5
23 891:3:2 1
245 465 978:15:9 3 3
522 919:8:6 2
186 672 946:13:5 6 2
332 741:12:8 4
101 396 810:14:2 9 3
327 665 671:18:6 7 5
698 881:3:2 1
63 126:4:3 1
41 286 920:12:3 6 3
496 699:10:6 4
21 296 769:11:4 4 3
217 343 899:18:11 5 2
218 375:18:9 9
22 89:5:4 1
245 374:16:9 7
148 326:8:1 7
27 516:8:2 6
666 715:7:6 1
37 211:14:4 10
115 689:5:2 3
110 153 627:9:1 3 5
458 461:7:3 4
3 57 979:6:2 1 3
332 913:10:8 2
30 184 260:16:3 5 8
128 897 913:6:2 2 2
238 997:13:10 3
264 269:13:7 6
21 375:13:4 9
386 392 681:21:10 8 3
218 719:10:9 1
282 878:12:6 6
231 319:10:8 2
344 558 868:17:3 9 5
806 928:5:4 1
67 111 732:7:3 2 2
21 278:10:4 6
263 352 863:17:7 4 6
54 106 861:11:3 2 6
106 170 250:13:2 3 8
307 918:6:4 2
140 267 550:18:1 7 10
199 328:10:4 6
5 222 826:17:4 8 5
126 135:2:1 1
28 496 849:14:4 6 4
152 857:9:3 6
45 202 371:23:4 11 8
430 550 652:16:1 10 5
154 287 375:18:3 6 9
110 495 884:9:1 6 2
719 880:6:1 5
27 240 791:15:2 9 4
140 862:6:1 5
185 627:8:3 5
561 716:5:4 1
109 561:5:1 4
522 708:10:6 4
7 247 692:14:3 8 3
661 681:9:6 3
350 433:5:3 2
330 342 352:16:8 4 4
286 313:9:6 3
247 904:11:8 3
146 206 662:16:2 9 5
126 849 871:11:1 4 6
145 256 302:10:1 7 2
292 331 507:20:6 6 8
380 526:17:9 8
108 113 207:14:1 2 11
192 600:7:4 3
5 551 672:18:4 8 6
110 358 694:8:1 5 2
29 197 548:15:3 4 8
201 203:19:9 10
168 398 697:17:5 9 3
141 189:5:1 4
164 863 865:15:3 6 6
30 103 861:10:3 1 6
41 258:11:3 8
241 472 558:22:9 4 9
206 303:12:9 3
342 662:9:4 5
238 286 715:17:10 6 1
52 881:4:3 1
14 374 682:12:2 7 3
231 331 667:19:8 6 5
161 707 806:11:5 2 4
591 917:4:2 2
254 493:13:8 5
9 884:5:3 2
146 702:4:2 2
258 516:14:8 6
1 28 474:10:3 4 3
332 629:14:8 6
29 103 933:6:3 1 2
255 379 908:18:7 8 3
30 421 719:6:3 2 1
197 507:12:4 8
148 909:3:1 2
200 382 732:14:3 9 2
65 296 665:12:1 4 7
3 627 768:9:2 5 2
343 379:13:5 8
189 697:7:4 3
30 705 920:10:3 4 3
277 344 896:11:7 3 1
20 162 915:12:4 5 3
282 672:12:6 6
47 157 309:7:2 3 2
52 298:8:3 5
257 345 358:16:8 3 5
143 251 627:16:2 9 5
960 978:6:3 3
21 893 895:8:4 2 2
298 946:7:5 2
115 235 661:18:2 10 6
1 95 342:9:3 2 4
240 600:12:9 3
868 916:8:5 3
296 780 960:9:4 2 3
142 354 896:6:1 4 1
60 542:13:3 10
327 600 978:12:6 3 3
164 358:8:3 5
53 189:5:1 4
13 38 180:11:4 2 5
41 93:6:3 3
30 256 865:16:3 7 6
318 331 974:12:4 6 2
21 141:5:4 1
357 863:11:5 6
108 328:7:1 6
235 247 506:26:10 8 8
267 667:12:7 5
57 199 421:7:1 4 2
474 629 693:12:3 6 3
173 311 360:11:4 3 4
29 265:10:3 7
267 312:10:7 3
438 551:9:1 8
62 708:5:1 4
219 672:15:9 6
48 54 252:14:4 3 7
29 184 810:11:3 5 3
218 928:10:9 1
388 681:11:8 3
47 146 276:9:2 2 5
318 474 865:13:4 3 6
254 627:13:8 5
303 882:4:3 1
86 381 542:23:3 10 10
449 886:3:1 2
47 62 696:5:2 1 2
165 390:13:3 10
31 863:10:4 6
328 881:7:6 1
54 230 803:14:3 8 3
122 162 282:13:2 5 6
45 286 881:11:4 6 1
36 398 919:15:4 9 2
171 741:8:4 4
27 371:10:2 8
267 863:13:7 6
9 203 953:17:3 10 4
158 164 891:9:5 3 1
9 310 917:8:3 3 2
913 914:5:2 3
343 386:15:5 10
20 57 697:8:4 1 3
20 378 449:14:4 9 1
46 358 930:9:2 5 2
170 338 933:13:3 8 2
258 561 967:15:8 4 3
14 27 295:10:2 2 6
103 106 167:6:1 2 3
1 126 780:6:3 1 2
60 465 978:9:3 3 3
309 715:3:2 1
63 379 945:13:3 8 2
36 161 217:20:4 5 11
73 356:7:2 5
247 826:13:8 5
81 383 979:15:2 10 3
299 761 857:11:4 1 6
438 908:4:1 3
14 876:7:2 5
903 964:7:3 4
345 728 964:8:3 1 4
318 876:9:4 5
216 281:15:11 4
252 561:11:7 4
216 283:16:11 5
22 369 377:21:4 8 9
122 629 906:10:2 6 2
46 895:4:2 2
245 327 378:24:9 6 9
901 908 913:7:2 3 2
377 386 396:28:9 10 9
201 246 281:20:9 7 4
81 319 941:6:2 2 2
14 86:5:2 3
28 45 696:10:4 4 2
18 125 627:10:4 1 5
439 959:5:1 4
353 363:11:3 8
285 474:9:6 3
140 230 271:15:1 8 6
357 961:8:5 3
170 240 307:16:3 9 4
28 238 983:16:4 10 2
107 735:2:1 1
260 863:14:8 6
318 319:6:4 2
312 863:9:3 6
168 249 493:17:5 7 5
245 817 863:19:9 4 6
161 168 868:15:5 5 5
264 285 383:23:7 6 10
54 715:4:3 1
206 438 701:12:9 1 2
305 358:8:3 5
126 930:3:1 2
13 398 428:15:4 9 2
52 235:13:3 10
148 328 683:11:1 6 4
201 603 865:17:9 2 6
48 313:7:4 3
16 600 997:8:2 3 3
209 667 681:17:9 5 3
96 347 654:10:1 4 5
326 392:15:7 8
161 652 683:14:5 5 4
54 285:9:3 6
360 496 904:13:4 6 3
135 849 946:7:1 4 2
309 903:5:2 3
158 292:11:5 6
458 718 857:10:3 1 6
183 465:6:3 3
287 713 779:10:6 1 3
165 185 967:9:3 3 3
154 206 720:13:3 9 1
124 880:7:2 5
161 707:7:5 2
206 506 882:18:9 8 1
218 810 918:14:9 3 2
47 667 779:10:2 5 3
388 713:9:8 1
147 375:10:1 9
123 170 207:15:1 3 11
38 671:7:2 5
661 997:9:6 3
169 200 694:10:5 3 2
516 735:7:6 1
177 271:9:3 6
311 768 784:10:3 2 5
157 317 326:14:3 4 7
269 893 979:11:6 2 3
307 904:7:4 3
146 526 887:12:2 8 2
222 286 421:16:8 6 2
48 363 390:22:4 8 10
904 906:5:3 2
375 694 868:16:9 2 5
250 296:12:8 4
364 390 978:20:7 10 3
15 199:7:3 4
31 716:5:4 1
231 627:13:8 5
37 115 845:12:4 2 6
386 715:11:10 1
695 713 720:4:2 1 1
495 845:12:6 6
720 928:2:1 1
283 368:14:5 9
339 720 930:11:8 1 2
238 321 739:18:10 6 2
331 881:7:6 1
48 377:13:4 9
103 496:7:1 6
283 918:7:5 2
258 765:10:8 2
72 266 550:18:3 5 10
29 629 959:13:3 6 4
106 137 371:12:2 2 8
327 392:14:6 8
73 261 700:11:2 7 2
165 563 960:10:3 4 3
90 383:13:3 10
662 884:7:5 2
522 706:10:6 4
371 465 651:18:8 3 7
206 728:10:9 1
3 37 728:7:2 4 1
60 230:11:3 8
739 893 984:6:2 2 2
16 396 906:13:2 9 2
96 101 266:8:1 2 5
171 254 961:15:4 8 3
7 334:11:3 8
261 312 918:12:7 3 2
261 681 698:12:7 3 2
108 357:6:1 5
683 707 845:12:4 2 6
199 344 474:10:4 3 3
41 354 765:9:3 4 2
177 221 238:21:3 8 10
218 365 495:22:9 7 6
246 284 661:18:7 5 6
672 967:9:6 3
197 295:10:4 6
307 914 920:10:4 3 3
230 276 570:16:8 5 3
161 342 945:11:5 4 2
172 883 899:7:3 2 2
761 904:4:1 3
231 302:10:8 2
288 316 550:17:5 2 10
273 672:11:5 6
67 231 550:21:3 8 10
216 883 890:14:11 2 1
302 915:5:2 3
328 371:14:6 8
171 307 768:10:4 4 2
495 681:9:6 3
172 735:4:3 1
189 693 914:10:4 3 3
281 720 966:8:4 1 3
352 430:5:4 1
298 784:10:5 5
428 433 561:8:2 2 4
110 465 915:7:1 3 3
107 211 739:13:1 10 2
135 728:2:1 1
126 364 698:10:1 7 2
720 887 967:6:1 2 3
239 270 430:17:9 7 1
23 378:11:2 9
305 311 338:14:3 3 8
211 449:11:10 1
110 365:8:1 7
389 600:12:9 3
54 698 882:6:3 2 1
23 269 700:10:2 6 2
238 570 806:17:10 3 4
86 238 928:14:3 10 1
241 334 570:20:9 8 3
627 806 810:12:5 4 3
31 218 692:16:4 9 3
52 845:9:3 6
702 713:3:2 1
16 928 984:5:2 1 2
667 865:11:5 6
37 185:7:4 3
299 945:6:4 2
48 161:9:4 5
170 368:12:3 9
330 331:14:8 6
702 959:6:2 4
313 393:11:3 8
800 883:8:6 2
526 920 941:13:8 3 2
550 696:12:10 2
126 319 389:12:1 2 9
826 964:9:5 4
60 154 302:8:3 3 2
246 352:11:7 4
222 871:14:8 6
221 876 928:14:8 5 1
162 421:7:5 2
354 739:6:4 2
63 88:5:3 2
52 88 561:9:3 2 4
183 915:6:3 3
202 239 327:26:11 9 6
360 495:10:4 6
153 506 960:14:3 8 3
255 286 917:15:7 6 2
222 663 728:14:8 5 1
358 550:15:5 10
591 878:8:2 6
108 821:6:1 5
231 719:9:8 1
16 222 984:12:2 8 2
211 261:17:10 7
109 150 189:6:1 1 4
32 398:11:2 9
339 627:13:8 5
54 197 364:14:3 4 7
27 95:4:2 2
438 458 516:10:1 3 6
207 383:21:11 10
107 177 191:7:1 3 3
31 218 330:21:4 9 8
250 252 953:19:8 7 4
123 192 330:13:1 4 8
166 203 713:16:5 10 1
245 296 381:23:9 4 10
66 352 666:11:1 4 6
30 375 880:17:3 9 5
363 915:11:8 3
95 173 747:10:2 4 4
257 277:15:8 7
183 189:7:3 4
196 328 997:14:5 6 3
881 959:5:1 4
230 254:16:8 8
20 142 501:13:4 1 8
719 849:5:1 4
125 161 718:7:1 5 1
150 239 474:13:1 9 3
183 836 913:11:3 6 2
550 551 966:21:10 8 3
697 897:5:3 2
246 893 901:11:7 2 2
246 548 914:18:7 8 3
352 374:11:4 7
169 495:11:5 6
581 699:9:5 4
143 265 681:12:2 7 3
307 449:5:4 1
166 651:12:5 7
67 694:5:3 2
14 166 382:16:2 5 9
141 287:7:1 6
54 124 251:14:3 2 9
548 978:11:8 3
63 263 353:13:3 7 3
238 683:14:10 4
238 270:17:10 7
153 383 896:14:3 10 1
196 857:11:5 6
38 106 671:9:2 2 5
177 252 627:15:3 7 5
252 264 882:15:7 7 1
167 667 810:11:3 5 3
89 124 282:9:1 2 6
162 507:13:5 8
319 728:3:2 1
184 465 997:11:5 3 3
218 342:13:9 4
28 661:10:4 6
128 162 166:12:2 5 5
106 177 207:16:2 3 11
10 350 705:10:3 3 4
96 157 328:10:1 3 6
162 338 880:18:5 8 5
247 714 779:13:8 2 3
60 383 439:14:3 10 1
270 779 826:15:7 3 5
274 379 386:23:5 8 10
18 933:6:4 2
95 953:6:2 4
81 458:5:2 3
62 920:4:1 3
312 477:8:3 5
147 305 461:8:1 3 4
959 960:7:4 3
196 747 920:12:5 4 3
21 162:9:4 5
377 603:11:9 2
63 126 165:7:3 1 3
223 713 732:12:9 1 2
167 310:6:3 3
159 202:16:5 11
52 719:4:3 1
249 358:12:7 5
7 378:12:3 9
216 344 941:16:11 3 2
146 283 570:10:2 5 3
235 396 806:23:10 9 4
217 683:15:11 4
276 430:6:5 1
37 260 836:18:4 8 6
682 865 880:14:3 6 5
180 371:13:5 8
231 661 901:16:8 6 2
128 326:9:2 7
126 886:3:1 2
230 716:9:8 1
354 474:7:4 3
269 558 705:19:6 9 4
309 551 693:13:2 8 3
124 791:6:2 4
714 917 919:6:2 2 2
273 591 784:12:5 2 5
153 876 896:9:3 5 1
28 312:7:4 3
152 256 364:17:3 7 7
192 265 371:19:4 7 8
10 438:4:3 1
256 278 665:20:7 6 7
295 379 714:16:6 8 2
368 501:17:9 8
13 158 663:14:4 5 5
16 184 865:13:2 5 6
230 826:13:8 5
173 799 918:10:4 4 2
272 428 465:12:7 2 3
256 876 941:14:7 5 2
38 196 263:14:2 5 7
180 263:12:5 7
183 327 830:13:3 6 4
252 331 396:22:7 6 9
13 360:8:4 4
192 246 629:17:4 7 6
36 629:10:4 6
154 246:10:3 7
396 581:14:9 5
266 707:7:5 2
95 322 964:12:2 6 4
283 671 901:12:5 5 2
255 381:17:7 10
103 122:3:1 2
185 861:9:3 6
328 707:8:6 2
135 522 961:10:1 6 3
81 352 884:8:2 4 2
196 327:11:5 6
7 312 857:12:3 3 6
393 964:12:8 4
113 321:8:2 6
241 307 561:17:9 4 4
65 551:9:1 8
89 170 893:6:1 3 2
326 780 899:11:7 2 2
95 272:9:2 7
311 705:7:3 4
273 961:8:5 3
439 865:7:1 6
90 246 961:13:3 7 3
5 332 334:20:4 8 8
93 933:5:3 2
381 493:15:10 5
137 506 768:12:2 8 2
352 600:7:4 3
48 143 166:11:4 2 5
224 382:19:10 9
123 251:10:1 9
196 913:7:5 2
278 344 979:12:6 3 3
357 477:10:5 5
267 338 930:17:7 8 2
692 882:4:3 1
810 849:7:3 4
37 700:6:4 2
223 258 716:18:9 8 1
150 354 735:6:1 4 1
189 791:8:4 4
20 316 672:12:4 2 6
110 600:4:1 3
191 881:4:3 1
377 703 741:15:9 2 4
123 125:2:1 1
107 715:2:1 1
183 345 791:10:3 3 4
137 142:3:2 1
218 219 379:26:9 9 8
171 328:10:4 6
338 741 979:15:8 4 3
389 863 933:17:9 6 2
191 305:6:3 3
123 292:7:1 6
41 53:4:3 1
167 217 683:18:3 11 4
322 558 713:16:6 9 1
255 662:12:7 5
158 206:14:5 9
170 240:12:3 9
240 862:14:9 5
267 506:15:7 8
506 806:12:8 4
218 878 908:18:9 6 3
422 716 826:8:2 1 5
288 477 917:12:5 5 2
123 692:4:1 3
118 269 706:12:2 6 4
107 161 705:10:1 5 4
857 876 941:13:6 5 2
57 979:4:1 3
143 671:7:2 5
146 238:12:2 10
166 624:11:5 6
230 281 310:15:8 4 3
917 928:3:2 1
62 137:3:1 2
23 125 689:6:2 1 3
368 392 698:19:9 8 2
142 316:3:1 2
63 761:4:3 1
158 389:14:5 9
284 495 715:12:5 6 1
216 884 891:14:11 2 1
192 206 857:19:4 9 6
65 884:3:1 2
65 662:6:1 5
10 28 364:14:3 4 7
172 550 697:16:3 10 3
29 338:11:3 8
260 269 765:16:8 6 2
357 666:11:5 6
331 358:11:6 5
7 166:8:3 5
5 836 895:12:4 6 2
123 817 893:7:1 4 2
39 369 916:15:4 8 3
654 857 967:14:5 6 3
57 269:7:1 6
140 330 705:13:1 8 4
249 906:9:7 2
113 157 331:11:2 3 6
172 270:10:3 7
217 255 321:24:11 7 6
13 81 917:8:4 2 2
310 364:10:3 7
10 928:4:3 1
167 681:6:3 3
46 369 983:12:2 8 2
271 681 845:15:6 3 6
152 493:8:3 5
258 339 438:17:8 8 1
681 718 857:10:3 1 6
141 285:7:1 6
103 398 917:12:1 9 2
28 390:14:4 10
357 967:8:5 3
30 276 600:11:3 5 3
86 347:7:3 4
672 719:7:6 1
186 702:7:5 2
150 997:4:1 3
123 276 561:10:1 5 4
18 918:6:4 2
357 392:13:5 8
327 694:8:6 2
356 665:12:5 7
191 271 542:19:3 6 10
88 146 563:8:2 2 4
153 319 706:9:3 2 4
23 666 897:10:2 6 2
428 720:3:2 1
90 627 890:9:3 5 1
255 350:10:7 3
54 876:8:3 5
203 383:20:10 10
196 389 861:20:5 9 6
327 862 915:14:6 5 3
164 263:10:3 7
89 303:4:1 3
285 830:10:6 4
261 386:17:7 10
137 379 983:12:2 8 2
868 953:9:5 4
86 223:12:3 9
14 665 881:10:2 7 1
36 200:7:4 3
276 699:9:5 4
106 959 984:8:2 4 2
472 810 945:9:4 3 2
747 899 967:9:4 2 3
239 246 961:19:9 7 3
285 739:8:6 2
3 696:4:2 2
254 375:17:8 9
707 919 964:8:2 2 4
282 747:10:6 4
836 896:7:6 1
90 683 915:10:3 4 3
15 319 695:7:3 2 2
61 295:7:1 6
154 344 354:10:3 3 4
145 322 380:16:1 6 9
41 191 779:9:3 3 3
267 961:10:7 3
31 735:5:4 1
224 339:18:10 8
45 247:12:4 8
267 311 913:12:7 3 2
273 732 791:11:5 2 4
7 252 624:16:3 7 6
168 302 390:17:5 2 10
159 321 496:17:5 6 6
347 438 914:8:4 1 3
48 629:10:4 6
252 312 918:12:7 3 2
53 96 983:4:1 1 2
95 107 747:7:2 1 4
218 223 930:20:9 9 2
15 224 830:17:3 10 4
20 67:7:4 3
154 357 428:10:3 5 2
548 928 941:11:8 1 2
302 458:5:2 3
256 881 920:11:7 1 3
115 472:6:2 4
216 245 363:28:11 9 8
6 70 629:10:3 1 6
103 239 961:13:1 9 3
118 439 561:7:2 1 4
45 694:6:4 2
542 548 928:19:10 8 1
191 378:12:3 9
526 689 728:12:8 3 1
206 238:19:9 10
20 845:10:4 6
1 66 882:5:3 1 1
186 862:10:5 5
168 246 720:13:5 7 1
47 237 332:19:2 9 8
849 896 906:7:4 1 2
108 692 696:6:1 3 2
57 203 380:20:1 10 9
285 522 966:15:6 6 3
720 799:5:1 4
171 286:10:4 6
115 716:3:2 1
65 241:10:1 9
326 806:11:7 4
67 70 249:11:3 1 7
390 703:12:10 2
363 561 920:15:8 4 3
849 914:7:4 3
65 672:7:1 6
698 739 930:6:2 2 2
53 344:4:1 3
67 768 967:8:3 2 3
302 368 591:13:2 9 2
172 307 356:12:3 4 5
158 166:10:5 5
22 32 914:9:4 2 3
137 378:11:2 9
86 671:8:3 5
277 378 550:26:7 9 10
651 700:9:7 2
150 374:8:1 7
62 330 683:13:1 8 4
57 735:2:1 1
171 908:7:4 3
111 299:6:2 4
137 235:12:2 10
36 72 902:10:4 3 3
285 694 915:11:6 2 3
672 997:9:6 3
86 364 871:16:3 7 6
166 173 339:17:5 4 8
171 422 692:9:4 2 3
153 654 682:11:3 5 3
137 732:4:2 2
173 791:8:4 4
171 189 665:15:4 4 7
95 270 662:14:2 7 5
32 379 707:12:2 8 2
63 123 696:6:3 1 2
27 137 913:6:2 2 2
206 343 845:20:9 5 6
45 689 928:8:4 3 1
111 221 392:18:2 8 8
245 550 768:21:9 10 2
327 328:12:6 6
202 392 899:21:11 8 2
135 780:3:1 2
106 283 920:10:2 5 3
10 145:4:3 1
47 386:12:2 10
96 115 272:10:1 2 7
111 654 826:12:2 5 5
263 264 906:16:7 7 2
216 250 561:23:11 8 4
702 997:5:2 3
70 493 561:10:1 5 4
125 881 966:5:1 1 3
61 465:4:1 3
29 886:5:3 2
23 211:12:2 10
123 353 702:6:1 3 2
147 239 250:18:1 9 8
16 273 600:10:2 5 3
6 31:7:3 4
256 316 916:12:7 2 3
218 392 880:22:9 8 5
141 878:7:1 6
256 516 696:15:7 6 2
122 338 356:15:2 8 5
31 780 903:9:4 2 3
265 779 903:13:7 3 3
493 682 862:13:5 3 5
36 358:9:4 5
231 799:12:8 4
276 886:7:5 2
150 714:3:1 2
27 146 913:6:2 2 2
383 591 652:17:10 2 5
461 865:10:4 6
255 901:9:7 2
108 728:2:1 1
27 246:9:2 7
47 930:4:2 2
430 845 865:13:1 6 6
305 561 603:9:3 4 2
223 249 342:20:9 7 4
230 706:12:8 4
37 698:6:4 2
177 360 654:12:3 4 5
145 284:6:1 5
62 140:2:1 1
217 377:20:11 9
319 522:8:2 6
72 224 472:17:3 10 4
81 257 800:16:2 8 6
379 550 913:20:8 10 2
177 871:9:3 6
258 803 897:13:8 3 2
31 237 303:16:4 9 3
128 624:8:2 6
893 984:4:2 2
201 694 920:14:9 2 3
158 173 806:13:5 4 4
62 185 310:7:1 3 3
495 800 960:15:6 6 3
143 430:3:2 1
31 109 871:11:4 1 6
184 276:10:5 5
113 769 857:11:2 3 6
153 162 883:10:3 5 2
70 707 715:4:1 2 1
118 354:6:2 4
240 378:18:9 9
53 143 836:9:1 2 6
211 276 714:17:10 5 2
199 909:6:4 2
61 113:3:1 2
109 143 629:9:1 2 6
183 694 893:7:3 2 2
433 747:6:2 4
95 344:5:2 3
277 339 861:21:7 8 6
29 887 914:8:3 2 3
378 689 966:15:9 3 3
680 896:6:5 1
196 270 959:16:5 7 4
292 364:13:6 7
111 719:3:2 1
357 720:6:5 1
264 542:17:7 10
110 365 769:11:1 7 3
96 381 461:15:1 10 4
250 550 876:23:8 10 5
73 302 909:6:2 2 2
88 224 903:15:2 10 3
185 863:9:3 6
390 629 909:18:10 6 2
31 258:12:4 8
703 732 906:6:2 2 2
780 964:6:2 4
207 338 663:24:11 8 5
106 389 887:13:2 9 2
32 344 803:8:2 3 3
223 250 265:24:9 8 7
30 295 296:13:3 6 4
168 311 603:10:5 3 2
218 270 765:18:9 7 2
147 974:3:1 2
157 292:9:3 6
14 260:10:2 8
201 282:15:9 6
48 526:12:4 8
32 169 928:8:2 5 1
235 278 739:18:10 6 2
63 115 707:7:3 2 2
671 817:9:5 4
177 666 702:11:3 6 2
5 550 878:20:4 10 6
309 496:8:2 6
522 663:11:6 5
60 465:6:3 3
150 383 665:18:1 10 7
7 221 223:20:3 8 9
166 171 662:14:5 4 5
282 696 967:11:6 2 3
23 357 693:10:2 5 3
307 941:6:4 2
41 171 258:15:3 4 8
53 352:5:1 4
39 683:8:4 4
20 38 153:9:4 2 3
57 891:2:1 1
386 495:16:10 6
718 830:5:1 4
16 46 328:10:2 2 6
86 765:5:3 2
113 184:7:2 5
45 150:5:4 1
48 728 799:9:4 1 4
217 321 930:19:11 6 2
223 430 895:12:9 1 2
270 705:11:7 4
266 780:7:5 2
18 396:13:4 9
292 671:11:6 5
708 765:6:4 2
6 720:4:3 1
317 381 495:20:4 10 6
154 197 671:12:3 4 5
125 868 933:8:1 5 2
311 334 728:12:3 8 1
380 914:12:9 3
354 902 906:9:4 3 2
141 352:5:1 4
20 302 392:14:4 2 8
246 959:11:7 4
148 343 558:15:1 5 9
45 803 857:13:4 3 6
207 374:18:11 7
296 713:5:4 1
106 107:3:2 1
652 876:10:5 5
70 603:3:1 2
216 338 681:22:11 8 3
22 37 461:12:4 4 4
222 276 570:16:8 5 3
14 779 915:8:2 3 3
47 663 728:8:2 5 1
240 389:18:9 9
32 713:3:2 1
58 880:8:3 5
166 184:10:5 5
241 845:15:9 6
28 170:7:4 3
140 913:3:1 2
295 780 967:11:6 2 3
495 689:9:6 3
128 548:10:2 8
197 718 883:7:4 1 2
209 474 903:15:9 3 3
96 143 171:7:1 2 4
157 264 700:12:3 7 2
267 303:10:7 3
281 810:7:4 3
6 652:8:3 5
202 272 784:23:11 7 5
93 249 705:14:3 7 4
58 254:11:3 8
171 254:12:4 8
90 984:5:3 2
428 522:8:2 6
96 345 651:11:1 3 7
895 979:5:2 3
135 708:5:1 4
96 183:4:1 3
493 718:6:5 1
379 747:12:8 4
101 298 558:16:2 5 9
143 261 964:13:2 7 4
124 779:5:2 3
1 984:5:3 2
1 185 389:15:3 3 9
54 318 735:8:3 4 1
3 169 173:11:2 5 4
3 153 719:6:2 3 1
184 200 887:10:5 3 2
365 665:14:7 7
110 706:5:1 4
16 439:3:2 1
358 438 845:12:5 1 6
276 895:7:5 2
219 284:14:9 5
235 302 353:15:10 2 3
222 371:16:8 8
302 331:8:2 6
185 439:4:3 1
27 122 298:9:2 2 5
36 118:6:4 2
63 141 203:14:3 1 10
267 708 857:17:7 4 6
109 209:10:1 9
167 780:5:3 2
171 218:13:4 9
283 381 901:17:5 10 2
277 683:11:7 4
363 428 561:14:8 2 4
72 237:12:3 9
191 235:13:3 10
157 689 799:10:3 3 4
246 398:16:7 9
216 221 251:28:11 8 9
706 863 919:12:4 6 2
307 904:7:4 3
63 199 299:11:3 4 4
388 667 694:15:8 5 2
47 313 695:7:2 3 2
166 219 689:17:5 9 3
103 174 959:8:1 3 4
765 836 901:10:2 6 2
221 964:12:8 4
365 683 718:12:7 4 1
334 699 706:16:8 4 4
86 282 880:14:3 6 5
319 322 563:12:2 6 4
284 899 967:10:5 2 3
217 354 997:18:11 4 3
165 216:14:3 11
696 708 784:11:2 4 5
57 298 707:8:1 5 2
330 558 983:19:8 9 2
153 334:11:3 8
20 261 696:13:4 7 2
168 369 897:15:5 8 2
21 230 720:13:4 8 1
7 603:5:3 2
316 350 371:13:2 3 8
235 769:13:10 3
118 152:5:2 3
392 665:15:8 7
54 551:11:3 8
3 10:5:2 3
81 371 769:13:2 8 3
177 739:5:3 2
18 184 542:19:4 5 10
591 715:3:2 1
277 398 897:18:7 9 2
14 29 191:8:2 3 3
716 780:3:1 2
150 317 663:10:1 4 5
211 908:13:10 3
135 375:10:1 9
5 310:7:4 3
286 296 806:14:6 4 4
147 157:4:1 3
269 719 836:13:6 1 6
342 689:7:4 3
206 288:14:9 5
159 718 928:7:5 1 1
207 211:21:11 10
199 276 433:11:4 5 2
146 265 849:13:2 7 4
28 380:13:4 9
28 158:9:4 5
108 271 356:12:1 6 5
170 255 311:13:3 7 3
46 173 800:12:2 4 6
128 258 363:18:2 8 8
216 389:20:11 9
307 600:7:4 3
265 665:14:7 7
67 277:10:3 7
46 295 849:12:2 6 4
90 206 741:16:3 9 4
218 880:14:9 5
769 913:5:3 2
39 928:5:4 1
477 662:10:5 5
211 563 933:16:10 4 2
46 600 967:8:2 3 3
246 389:16:7 9
113 960:5:2 3
206 884:11:9 2
126 249 719:9:1 7 1
272 883:9:7 2
303 309:5:3 2
36 241 281:17:4 9 4
128 438 713:4:2 1 1
72 380:12:3 9
5 791:8:4 4
106 192 246:13:2 4 7
863 899:8:6 2
20 663:9:4 5
96 238:11:1 10
65 221 689:12:1 8 3
358 392 672:19:5 8 6
197 249 307:15:4 7 4
174 374 803:13:3 7 3
357 930:7:5 2
662 694 702:9:5 2 2
239 311 439:13:9 3 1
430 741:5:1 4
339 719:9:8 1
250 288:13:8 5
235 312:13:10 3
516 735:7:6 1
600 906:5:3 2
672 681:9:6 3
207 239:20:11 9
5 41 287:13:4 3 6
37 96 237:14:4 1 9
46 54:5:2 3
5 58 901:9:4 3 2
719 849:5:1 4
263 311 791:14:7 3 4
107 563:5:1 4
343 681:8:5 3
305 681:6:3 3
339 672:14:8 6
334 356:13:8 5
66 287:7:1 6
299 350 652:12:4 3 5
113 118:4:2 2
199 202 386:25:4 11 10
158 192 237:18:5 4 9
106 270 363:17:2 7 8
148 343 702:8:1 5 2
86 249:10:3 7
284 377 933:16:5 9 2
192 354:8:4 4
171 278 507:18:4 6 8
197 216:15:4 11
534 550:20:10 10
286 318 430:11:6 4 1
458 741:7:3 4
186 663 974:12:5 5 2
6 95 238:15:3 2 10
319 652:7:2 5
31 665:11:4 7
238 364:17:10 7
381 699 964:18:10 4 4
247 251 693:20:8 9 3
10 281 507:15:3 4 8
46 276 761:8:2 5 1
146 199 769:9:2 4 3
298 698 918:9:5 2 2
277 700 897:11:7 2 2
66 250 799:13:1 8 4
199 862:9:4 5
106 392:10:2 8
333 913:10:8 2
115 173 961:9:2 4 3
186 258:13:5 8
272 883:9:7 2
209 305 906:14:9 3 2
72 701:5:3 2
199 438:5:4 1
274 477:10:5 5
255 884:9:7 2
392 719 780:11:8 1 2
201 347 916:16:9 4 3
61 200 249:11:1 3 7
388 534:18:8 10
107 319 997:6:1 2 3
235 666 914:19:10 6 3
7 249:10:3 7
264 672 701:15:7 6 2
326 477 891:13:7 5 1
249 321 663:18:7 6 5
542 871:16:10 6
143 698:4:2 2
36 115 695:8:4 2 2
167 913:5:3 2
108 186 666:12:1 5 6
9 534:13:3 10
202 295 933:19:11 6 2
247 333 389:25:8 8 9
18 563 810:11:4 4 3
272 277 984:16:7 7 2
22 168:9:4 5
274 791 861:15:5 4 6
241 768:11:9 2
73 292 665:15:2 6 7
5 708:8:4 4
86 90 368:15:3 3 9
30 238 680:18:3 10 5
516 732 806:12:6 2 4
810 865:9:3 6
173 603:6:4 2
52 60 882:7:3 3 1
13 31 135:9:4 4 1
123 126 158:7:1 1 5
333 720 735:10:8 1 1
3 581 714:9:2 5 2
14 166 386:17:2 5 10
217 392 768:21:11 8 2
152 266:8:3 5
202 732:13:11 2
477 701 817:11:5 2 4
360 739:6:4 2
287 339 902:17:6 8 3
118 563:6:2 4
62 581 719:7:1 5 1
22 115:6:4 2
196 282 343:16:5 6 5
186 365 920:15:5 7 3
237 365 438:17:9 7 1
162 720:6:5 1
145 173 472:9:1 4 4
89 496 661:13:1 6 6
145 162:6:1 5
20 501 692:15:4 8 3
1 177 390:16:3 3 10
15 260 901:13:3 8 2
115 680:7:2 5
142 627:6:1 5
379 906:10:8 2
48 273 398:18:4 5 9
183 316:5:3 2
230 849:12:8 4
223 255 719:17:9 7 1
171 265:11:4 7
235 821:15:10 5
67 148:4:3 1
164 305 865:12:3 3 6
88 206 239:20:2 9 9
37 173:8:4 4
211 256 661:23:10 7 6
15 501 884:13:3 8 2
18 200 769:10:4 3 3
62 219 886:12:1 9 2
222 350:11:8 3
109 600 779:7:1 3 3
36 72 258:15:4 3 8
157 216 692:17:3 11 3
111 683:6:2 4
247 365 791:19:8 7 4
273 378 878:20:5 9 6
14 16 157:7:2 2 3
311 328:9:3 6
173 806:8:4 4
245 358:14:9 5
821 979:8:5 3
331 915:9:6 3
109 288 665:13:1 5 7
654 953 984:11:5 4 2
276 449 683:10:5 1 4
240 667 862:19:9 5 5
298 386:15:5 10
168 282 317:15:5 6 4
122 191:5:2 3
73 172 421:7:2 3 2
32 550:12:2 10
260 344 458:14:8 3 3
378 876 895:16:9 5 2
871 882 946:9:6 1 2
252 311 891:11:7 3 1
570 708 915:10:3 4 3
266 693:8:5 3
118 161 902:10:2 5 3
141 581:6:1 5
271 332 933:16:6 8 2
299 909:6:4 2
13 701 739:8:4 2 2
222 396:17:8 9
125 277:8:1 7
241 916:12:9 3
9 201 288:17:3 9 5
142 159 570:9:1 5 3
246 392 780:17:7 8 2
128 158:7:2 5
70 671:6:1 5
16 217:13:2 11
122 231 299:14:2 8 4
310 779 784:11:3 3 5
109 374:8:1 7
142 350:4:1 3
322 369:14:6 8
237 343 983:16:9 5 2
239 247 251:26:9 8 9
312 377 884:14:3 9 2
216 506:19:11 8
29 166 918:10:3 5 2
165 716 893:6:3 1 2
13 383 561:18:4 10 4
21 169 277:16:4 5 7
199 257 258:20:4 8 8
61 303 779:7:1 3 3
115 581 826:12:2 5 5
581 960:8:5 3
282 465:9:6 3
316 964:6:2 4
140 238 666:17:1 10 6
101 386 461:16:2 10 4
122 331 522:14:2 6 6
27 172:5:2 3
231 917:10:8 2
292 902:9:6 3
126 672 702:9:1 6 2
338 380 477:22:8 9 5
380 739 806:15:9 2 4
273 369 739:15:5 8 2
46 449:3:2 1
5 438 693:8:4 1 3
526 701 705:14:8 2 4
72 884:5:3 2
22 27 570:9:4 2 3
5 716 741:9:4 1 4
374 388:15:7 8
272 671:12:7 5
283 915:8:5 3
211 654:15:10 5
702 863:8:2 6
29 438 913:6:3 1 2
185 191 388:14:3 3 8
273 845:11:5 6
118 285:8:2 6
217 624 739:19:11 6 2
72 96 728:5:3 1 1
219 345:12:9 3
125 663 708:10:1 5 4
20 310:7:4 3
46 974:4:2 2
496 696:8:6 2
125 715 863:8:1 1 6
251 344:12:9 3
345 430 561:8:3 1 4
389 868:14:9 5
124 161 255:14:2 5 7
90 309:5:3 2
173 239 249:20:4 9 7
66 141 357:7:1 1 5
111 914:5:2 3
3 170 307:9:2 3 4
189 799:8:4 4
22 189 700:10:4 4 2
696 904 930:7:2 3 2
27 281 967:9:2 4 3
58 166 961:11:3 5 3
61 90:4:1 3
23 334:10:2 8
396 708 909:15:9 4 2
166 398 680:19:5 9 5
93 506:11:3 8
109 317:5:1 4
274 386 681:18:5 10 3
90 438 570:7:3 1 3
343 662:10:5 5
36 110 689:8:4 1 3
183 496 702:11:3 6 2
111 191 716:6:2 3 1
21 169 254:17:4 5 8
103 278 705:11:1 6 4
157 295 458:12:3 6 3
765 821 863:13:2 5 6
246 681 689:13:7 3 3
6 732 886:7:3 2 2
507 906:10:8 2
274 333:13:5 8
111 534:12:2 10
101 231 806:14:2 8 4
701 967:5:2 3
322 449:7:6 1
153 251:12:3 9
311 327:9:3 6
224 899:12:10 2
3 474:5:2 3
37 65 389:14:4 1 9
826 903:8:5 3
61 209 862:15:1 9 5
27 908 961:8:2 3 3
169 218:14:5 9
174 302 343:10:3 2 5
344 692 845:12:3 3 6
15 238 703:15:3 10 2
267 375:16:7 9
166 364 439:13:5 7 1
3 883:4:2 2
216 221 380:28:11 8 9
171 241 903:16:4 9 3
218 368 375:27:9 9 9
46 72 316:7:2 3 2
46 164:5:2 3
202 507 551:27:11 8 8
495 526 909:16:6 8 2
10 269 352:13:3 6 4
162 285:11:5 6
282 305:9:6 3
124 913:4:2 2
392 883 886:12:8 2 2
101 157 271:11:2 3 6
31 881:5:4 1
15 271 350:12:3 6 3
62 309:3:1 2
257 278 624:20:8 6 6
380 581 862:19:9 5 5
13 31 591:10:4 4 2
701 908:5:2 3
260 739:10:8 2
36 901 953:10:4 2 4
368 570 871:18:9 3 6
667 967:8:5 3
217 310 318:18:11 3 4
390 603:12:10 2
332 338:16:8 8
516 697:9:6 3
200 761 930:6:3 1 2
206 333 681:20:9 8 3
39 251 884:15:4 9 2
493 918:7:5 2
343 371:13:5 8
90 295 886:11:3 6 2
16 271 700:10:2 6 2
365 629:13:7 6
126 477 741:10:1 5 4
288 821:10:5 5
6 312:6:3 3
61 159 542:16:1 5 10
278 550 974:18:6 10 2
48 158:9:4 5
245 302 627:16:9 2 5
168 271:11:5 6
6 354:7:3 4
185 902:6:3 3
164 239 683:16:3 9 4
168 299:9:5 4
159 902:8:5 3
15 209 250:20:3 9 8
47 231:10:2 8
203 350:13:10 3
152 334 377:20:3 8 9
258 702:10:8 2
73 624 667:13:2 6 5
170 700:5:3 2
45 150 570:8:4 1 3
115 881 941:5:2 1 2
36 439:5:4 1
274 339 799:17:5 8 4
158 558 779:17:5 9 3
167 231:11:3 8
38 689 884:7:2 3 2
249 265 914:17:7 7 3
316 779 960:8:2 3 3
48 895:6:4 2
534 666:16:10 6
48 344 354:11:4 3 4
159 428:7:5 2
209 652 881:15:9 5 1
281 558:13:4 9
311 600 881:7:3 3 1
62 185:4:1 3
184 292 720:12:5 6 1
9 269 800:15:3 6 6
32 298:7:2 5
199 265 967:14:4 7 3
330 683:12:8 4
164 219:12:3 9
73 206 474:14:2 9 3
252 920:10:7 3
167 199 694:9:3 4 2
140 705 826:10:1 4 5
629 803:9:6 3
37 95 274:11:4 2 5
45 331 332:18:4 6 8
70 799 914:8:1 4 3
380 389:18:9 9
13 197:8:4 4
165 287:9:3 6
327 882 887:9:6 1 2
54 381 779:16:3 10 3
89 235 718:12:1 10 1
264 374 506:22:7 7 8
146 433 966:7:2 2 3
27 551 871:16:2 8 6
501 883:10:8 2
218 299 581:18:9 4 5
173 358:9:4 5
93 959:7:3 4
267 269:13:7 6
261 270 281:18:7 7 4
206 899:11:9 2
330 983:10:8 2
46 779 920:8:2 3 3
237 663 693:17:9 5 3
223 708 714:15:9 4 2
271 979:9:6 3
303 693:6:3 3
246 344 363:18:7 3 8
299 917:6:4 2
174 871:9:3 6
696 967:5:2 3
60 263:10:3 7
23 302 600:7:2 2 3
125 603 624:9:1 2 6
862 883:7:5 2
170 913:5:3 2
357 836:11:5 6
10 222 551:19:3 8 8
272 356:12:7 5
270 876:12:7 5
123 719 941:4:1 1 2
21 307:8:4 4
254 363:16:8 8
137 849:6:2 4
241 327 331:21:9 6 6
124 257 266:15:2 8 5
170 693 715:7:3 3 1
747 768 882:7:4 2 1
389 672 791:19:9 6 4
154 170 946:8:3 3 2
542 600:13:10 3
164 192 246:14:3 4 7
39 465:7:4 3
113 137 206:13:2 2 9
90 318 465:10:3 4 3
333 878 880:19:8 6 5
96 177:4:1 3
88 252 703:11:2 7 2
681 696:5:3 2
103 728:2:1 1
125 714 880:8:1 2 5
125 313:4:1 3
61 708:5:1 4
251 718 974:12:9 1 2
141 296 312:8:1 4 3
154 207 960:17:3 11 3
103 342:5:1 4
438 570 708:8:1 3 4
146 421 662:9:2 2 5
332 383:18:8 10
16 158 392:15:2 5 8
15 62 318:8:3 1 4
269 718 945:9:6 1 2
235 666 698:18:10 6 2
603 706:6:2 4
183 305:6:3 3
311 458 893:8:3 3 2
88 109 799:7:2 1 4
516 741:10:6 4
282 287 563:16:6 6 4
158 458:8:5 3
331 421:8:6 2
95 161:7:2 5
166 881:6:5 1
110 177 258:12:1 3 8
152 689:6:3 3
73 883:4:2 2
1 861:9:3 6
106 345 377:14:2 3 9
115 624 699:12:2 6 4
292 667:11:6 5
978 997:6:3 3
146 698 915:7:2 2 3
303 715 880:9:3 1 5
45 60 250:15:4 3 8
125 326 345:11:1 7 3
200 245:12:3 9
177 288:8:3 5
36 694 768:8:4 2 2
207 358 368:25:11 5 9
692 706 862:12:3 4 5
157 692 699:10:3 3 4
7 876:8:3 5
108 282 699:11:1 6 4
265 338:15:7 8
29 542 953:17:3 10 4
66 883 884:5:1 2 2
27 551:10:2 8
6 169:8:3 5
124 296 810:9:2 4 3
333 422 909:12:8 2 2
550 915:13:10 3
38 342:6:2 4
7 477 806:12:3 5 4
166 662:10:5 5
147 172:4:1 3
247 693:11:8 3
88 246 651:16:2 7 7
61 86 862:9:1 3 5
887 997:5:2 3
258 693 863:17:8 3 6
282 697:9:6 3
354 699 728:9:4 4 1
45 166 627:14:4 5 5
150 172 887:6:1 3 2
23 697:5:2 3
682 908:6:3 3
9 285:9:3 6
22 368 719:14:4 9 1
224 421 886:14:10 2 2
53 720:2:1 1
317 474:7:4 3
318 683 817:12:4 4 4
72 86 465:9:3 3 3
57 88 693:6:1 2 3
251 338:17:9 8
701 728:3:2 1
148 389:10:1 9
662 681 705:12:5 3 4
316 333 765:12:2 8 2
271 272 961:16:6 7 3
101 263 477:14:2 7 5
344 784:8:3 5
273 298 964:14:5 5 4
269 830:10:6 4
3 146 240:13:2 2 9
561 732 909:8:4 2 2
36 915:7:4 3
231 371 501:24:8 8 8
430 570 799:8:1 3 4
698 901:4:2 2
18 106:6:4 2
54 542:13:3 10
7 906 917:7:3 2 2
272 705:11:7 4
167 388:11:3 8
211 390 821:25:10 10 5
67 526 826:16:3 8 5
328 371 941:16:6 8 2
106 172 563:9:2 3 4
627 662:10:5 5
180 344 665:15:5 3 7
249 703 878:15:7 2 6
203 256 374:24:10 7 7
287 718:7:6 1
123 357 651:13:1 5 7
86 380:12:3 9
152 251 358:17:3 9 5
672 930:8:6 2
103 706 857:11:1 4 6
41 803:6:3 3
728 810:4:1 3
161 286 333:19:5 6 8
3 322 865:14:2 6 6
309 868:7:2 5
111 683 902:9:2 4 3
693 887:5:3 2
209 389:18:9 9
167 666 961:12:3 6 3
111 118:4:2 2
317 718:5:4 1
627 695 862:12:5 2 5
29 908:6:3 3
267 281:11:7 4
32 472:6:2 4
272 286:13:7 6
60 177:6:3 3
161 169 672:16:5 5 6
542 651 817:21:10 7 4
45 364 906:13:4 7 2
162 398:14:5 9
110 681 886:6:1 3 2
274 495:11:5 6
258 997:11:8 3
272 381:17:7 10
422 551:10:2 8
667 680 784:15:5 5 5
122 700:4:2 2
388 501 708:20:8 8 4
18 38 826:11:4 2 5
63 140 550:14:3 1 10
53 277 296:12:1 7 4
247 296 916:15:8 4 3
312 780 845:11:3 2 6
364 697 887:12:7 3 2
142 211:11:1 10
542 903:13:10 3
27 172 495:11:2 3 6
147 857 997:10:1 6 3
390 507:18:10 8
88 142 946:5:2 1 2
350 465 791:10:3 3 4
13 493:9:4 5
173 836:10:4 6
54 267 708:14:3 7 4
169 365 967:15:5 7 3
305 365 624:16:3 7 6
140 223 312:13:1 9 3
46 871:8:2 6
81 696 960:7:2 2 3
353 396 883:14:3 9 2
10 60 161:11:3 3 5
161 257 266:18:5 8 5
211 897:12:10 2
161 890:6:5 1
186 312:8:5 3
38 919:4:2 2
273 326:12:5 7
152 422:5:3 2
378 692:12:9 3
53 101 563:7:1 2 4
186 261:12:5 7
703 821:7:2 5
36 516:10:4 6
152 173 211:17:3 4 10
276 665 928:13:5 7 1
217 474 702:16:11 3 2
36 254:12:4 8
38 39 551:14:2 4 8
47 153 183:8:2 3 3
421 901:4:2 2
47 153 299:9:2 3 4
230 283 806:17:8 5 4
27 52 90:8:2 3 3
680 978:8:5 3
305 716:4:3 1
207 245 570:23:11 9 3
63 165 906:8:3 3 2
124 695:4:2 2
246 806:11:7 4
240 507 959:21:9 8 4
701 706 946:8:2 4 2
9 299 902:10:3 4 3
377 714:11:9 2
23 142 165:6:2 1 3
162 945:7:5 2
10 328 516:15:3 6 6
371 382 665:24:8 9 7
31 863 878:16:4 6 6
161 321 342:15:5 6 4
70 803 917:6:1 3 2
961 997:6:3 3
58 765:5:3 2
216 780:13:11 2
272 353:10:7 3
63 122 849:9:3 2 4
319 666 700:10:2 6 2
18 41 267:14:4 3 7
72 246:10:3 7
252 718:8:7 1
254 651:15:8 7
209 904:12:9 3
378 699:13:9 4
153 331 933:11:3 6 2
153 266:8:3 5
18 54 247:15:4 3 8
251 267 380:25:9 7 9
159 358:10:5 5
41 147:4:3 1
18 143:6:4 2
287 765 916:11:6 2 3
36 250 810:15:4 8 3
239 739 803:14:9 2 3
142 933 960:6:1 2 3
298 849:9:5 4
70 501 718:10:1 8 1
347 377 629:19:4 9 6
7 703:5:3 2
221 765:10:8 2
353 388:11:3 8
200 286:9:3 6
281 393 886:14:4 8 2
5 27 945:8:4 2 2
106 692:5:2 3
330 347:12:8 4
211 681 728:14:10 3 1
126 309 364:10:1 2 7
14 358 930:9:2 5 2
282 522:12:6 6
110 707:3:1 2
221 732 817:14:8 2 4
108 501 671:14:1 8 5
95 124 271:10:2 2 6
380 654 933:16:9 5 2
162 368:14:5 9
37 162 496:15:4 5 6
343 371:13:5 8
184 379:13:5 8
22 224:14:4 10
22 207:15:4 11
322 333:14:6 8
201 396 803:21:9 9 3
45 326:11:4 7
169 331 919:13:5 6 2
332 914:11:8 3
252 960:10:7 3
203 319 707:14:10 2 2
140 884:3:1 2
218 358 961:17:9 5 3
184 197:9:5 4
277 706 806:15:7 4 4
199 245 561:17:4 9 4
223 901:11:9 2
516 741 881:11:6 4 1
93 713 966:7:3 1 3
63 695:5:3 2
162 277 495:18:5 7 6
65 317:5:1 4
278 902:9:6 3
207 258 964:23:11 8 4
39 716 836:11:4 1 6
14 914:5:2 3
506 603 881:11:8 2 1
47 331:8:2 6
264 661 919:15:7 6 2
221 398 493:22:8 9 5
147 960:4:1 3
266 428 893:9:5 2 2
58 671:8:3 5
18 273:9:4 5
174 186:8:3 5
18 201:13:4 9
58 322 747:13:3 6 4
108 252 728:9:1 7 1
31 322 941:12:4 6 2
174 298 354:12:3 5 4
36 371 430:13:4 8 1
347 461:8:4 4
45 369 845:18:4 8 6
30 106 269:11:3 2 6
707 997:5:2 3
681 868 967:11:3 5 3
30 125 876:9:3 1 5
345 364 810:13:3 7 3
472 629 672:16:4 6 6
282 563:10:6 4
60 663:8:3 5
146 260:10:2 8
38 903:5:2 3
238 310:13:10 3
720 747 978:8:1 4 3
250 251 563:21:8 9 4
196 371 563:17:5 8 4
250 706 919:14:8 4 2
109 249 920:11:1 7 3
654 799 941:11:5 4 2
461 896:5:4 1
95 240 862:16:2 9 5
732 871:8:2 6
6 663:8:3 5
281 309 890:7:4 2 1
890 918:3:1 2
170 741 979:10:3 4 3
701 769 862:10:2 3 5
217 263 316:20:11 7 2
88 347:6:2 4
39 141 164:8:4 1 3
180 318 629:15:5 4 6
106 496 849:12:2 6 4
330 671:13:8 5
199 299 312:11:4 4 3
167 221 342:15:3 8 4
496 961:9:6 3
363 652 881:14:8 5 1
388 390 928:19:8 10 1
192 269:10:4 6
90 239:12:3 9
111 496 501:16:2 6 8
496 516:12:6 6
3 522:8:2 6
287 333:14:6 8
316 719 961:6:2 1 3
312 333 904:14:3 8 3
161 310:8:5 3
62 252 313:11:1 7 3
14 31:6:2 4
54 157 933:8:3 3 2
350 904:6:3 3
917 960:5:2 3
90 166 680:13:3 5 5
54 344 703:8:3 3 2
344 666:9:3 6
255 272 891:15:7 7 1
191 238:13:3 10
115 550 680:17:2 10 5
41 761:4:3 1
32 817:6:2 4
173 928:5:4 1
200 672:9:3 6
86 928:4:3 1
143 316 496:10:2 2 6
211 961:13:10 3
46 671 915:10:2 5 3
30 327 380:18:3 6 9
169 526 882:14:5 8 1
318 681:7:4 3
663 768:7:5 2
357 680:10:5 5
230 276:13:8 5
250 817:12:8 4
126 715:2:1 1
252 333 830:19:7 8 4
10 561 682:10:3 4 3
146 207 238:23:2 11 10
396 682:12:9 3
125 522:7:1 6
221 627:13:8 5
728 891:2:1 1
166 662:10:5 5
36 170 893:9:4 3 2
379 974:10:8 2
344 438 887:6:3 1 2
461 779:7:4 3
108 901:3:1 2
287 363:14:6 8
421 880 909:9:2 5 2
23 904 979:8:2 3 3
70 281 682:8:1 4 3
107 167:4:1 3
27 309 343:9:2 2 5
433 551:10:2 8
318 893:6:4 2
284 338:13:5 8
15 857:9:3 6
258 780 784:15:8 2 5
135 186:6:1 5
222 563:12:8 4
197 201:13:4 9
23 917:4:2 2
240 705:13:9 4
708 803 884:9:4 3 2
380 799:13:9 4
67 629:9:3 6
174 662 876:13:3 5 5
295 360 716:11:6 4 1
1 474 784:11:3 3 5
703 883:4:2 2
651 761:8:7 1
37 173:8:4 4
95 316 522:10:2 2 6
73 150 284:8:2 1 5
63 203 218:22:3 10 9
60 654:8:3 5
46 765 865:10:2 2 6
124 282:8:2 6
53 680:6:1 5
96 319 836:9:1 2 6
682 928 945:6:3 1 2
288 983:7:5 2
221 689:11:8 3
396 665:16:9 7
692 701:5:3 2
718 946:3:1 2
281 682 779:10:4 3 3
3 261 269:15:2 7 6
171 264 368:20:4 7 9
316 389 707:13:2 9 2
238 342 438:15:10 4 1
311 321:9:3 6
41 135 261:11:3 1 7
73 230:10:2 8
278 309:8:6 2
27 72 881:6:2 3 1
185 696:5:3 2
54 288:8:3 5
30 493 784:13:3 5 5
36 231 784:17:4 8 5
180 845 946:13:5 6 2
14 665 880:14:2 7 5
164 180 258:16:3 5 8
9 52 672:12:3 3 6
377 449 720:11:9 1 1
148 312 375:13:1 3 9
89 261:8:1 7
830 966:7:4 3
211 319 374:19:10 2 7
23 570 761:6:2 3 1
36 57 196:10:4 1 5
142 162:6:1 5
63 135 251:13:3 1 9
45 318:8:4 4
148 720:2:1 1
154 683 928:8:3 4 1
217 295 959:21:11 6 4
310 461 826:12:3 4 5
45 270 882:12:4 7 1
171 283 665:16:4 5 7
174 230:11:3 8
331 693 978:12:6 3 3
22 393:12:4 8
203 222:18:10 8
878 915:9:6 3
36 302 967:9:4 2 3
96 247:9:1 8
165 654 817:12:3 5 4
718 979:4:1 3
393 526 909:18:8 8 2
7 173 311:10:3 4 3
41 328:9:3 6
305 550:13:3 10
203 303:13:10 3
211 235 392:28:10 10 8
472 591 654:11:4 2 5
357 680:10:5 5
563 713 883:7:4 1 2
328 997:9:6 3
231 702:10:8 2
177 184 768:10:3 5 2
264 810 897:12:7 3 2
258 817:12:8 4
666 713:7:6 1
58 728:4:3 1
264 715:8:7 1
86 342 941:9:3 4 2
103 148 692:5:1 1 3
18 665 902:14:4 7 3
239 386:19:9 10
107 654:6:1 5
168 715 904:9:5 1 3
201 438 526:18:9 1 8
86 946:5:3 2
13 257 908:15:4 8 3
171 465 551:15:4 3 8
39 256 953:15:4 7 4
37 118 167:9:4 2 3
16 662:7:2 5
439 689:4:1 3
265 368 703:18:7 9 2
110 393:9:1 8
183 997:6:3 3
265 364 474:17:7 7 3
30 110:4:3 1
265 558:16:7 9
196 312:8:5 3
169 718 890:7:5 1 1
65 135:2:1 1
3 135 701:5:2 1 2
342 379 428:14:4 8 2
32 303 791:9:2 3 4
152 238 715:14:3 10 1
23 891:3:2 1
310 849:7:3 4
61 428 591:5:1 2 2
38 192:6:2 4
137 224:12:2 10
148 915:4:1 3
629 868:11:6 5
273 800:11:5 6
663 705:9:5 4
364 908:10:7 3
270 365 428:16:7 7 2
256 344 671:15:7 3 5
41 330 868:16:3 8 5
3 698:4:2 2
109 365 692:11:1 7 3
113 128 145:5:2 2 1
371 430:9:8 1
200 350:6:3 3
148 321:7:1 6
135 319:3:1 2
254 287 363:22:8 6 8
54 928:4:3 1
62 219 386:20:1 9 10
62 261:8:1 7
472 941:6:4 2
7 125 495:10:3 1 6
140 522 719:8:1 6 1
352 663:9:4 5
267 713:8:7 1
203 719:11:10 1
165 542 902:16:3 10 3
278 896 984:9:6 1 2
13 338 344:15:4 8 3
123 270 716:9:1 7 1
14 365:9:2 7
428 706 909:8:2 4 2
897 984:4:2 2
15 334:11:3 8
67 249:10:3 7
272 322 516:19:7 6 6
285 893:8:6 2
374 654 895:14:7 5 2
122 281:6:2 4
28 197 295:14:4 4 6
295 438 978:10:6 1 3
122 254:10:2 8
714 984:4:2 2
542 695:12:10 2
196 203:15:5 10
159 273 317:14:5 5 4
263 474:10:7 3
145 162:6:1 5
201 364 379:24:9 7 8
108 271 386:17:1 6 10
326 692 876:15:7 3 5
222 863:14:8 6
319 461:6:2 4
103 702 997:6:1 2 3
202 222:19:11 8
10 251 299:16:3 9 4
18 311 728:8:4 3 1
581 919:7:5 2
95 224 806:16:2 10 4
145 393 732:11:1 8 2
347 697:7:4 3
145 283:6:1 5
158 375 542:24:5 9 10
185 732:5:3 2
142 836:7:1 6
692 739:5:3 2
299 692 826:12:4 3 5
173 909 983:8:4 2 2
266 496 882:12:5 6 1
252 312:10:7 3
250 334 865:22:8 8 6
224 542:20:10 10
654 696 810:10:5 2 3
67 287 920:12:3 6 3
310 398 871:18:3 9 6
298 880:10:5 5
347 493 713:10:4 5 1
240 930:11:9 2
22 73:6:4 2
302 472:6:2 4
154 246:10:3 7
73 651:9:2 7
16 70 665:10:2 1 7
904 966:6:3 3
165 305:6:3 3
296 465:7:4 3
115 302 344:7:2 2 3
122 154:5:2 3
665 718:8:7 1
192 705 747:12:4 4 4
108 321 428:9:1 6 2
143 231 258:18:2 8 8
309 600:5:2 3
261 368 522:22:7 9 6
217 671 906:18:11 5 2
321 338 887:16:6 8 2
250 390 692:21:8 10 3
21 36:8:4 4
239 884:11:9 2
806 983:6:4 2
302 343:7:2 5
107 271:7:1 6
103 881 960:5:1 1 3
865 979:9:6 3
273 288 803:13:5 5 3
706 903:7:4 3
165 174 358:11:3 3 5
124 321 472:12:2 6 4
158 313:8:5 3
358 964:9:5 4
302 365:9:2 7
29 817:7:3 4
330 654:13:8 5
5 125 261:12:4 1 7
284 890:6:5 1
15 591:5:3 2
142 318 343:10:1 4 5
31 333:12:4 8
152 231 365:18:3 8 7
393 600:11:8 3
54 274 887:10:3 5 2
250 267:15:8 7
108 122:3:1 2
298 629:11:5 6
143 396 681:14:2 9 3
692 845:9:3 6
221 439 720:10:8 1 1
219 223 317:22:9 9 4
570 693:6:3 3
309 916:5:2 3
32 211 689:15:2 10 3
260 915:11:8 3
65 365:8:1 7
561 651:11:4 7
21 799:8:4 4
274 719 761:7:5 1 1
46 458:5:2 3
356 890:6:5 1
296 883:6:4 2
73 154 945:7:2 3 2
379 428 916:13:8 2 3
388 629:14:8 6
142 386:11:1 10
89 273 389:15:1 5 9
281 319:6:4 2
45 284 849:13:4 5 4
239 319 821:16:9 2 5
3 7 857:11:2 3 6
276 667 876:15:5 5 5
38 57 542:13:2 1 10
495 845:12:6 6
309 886 895:6:2 2 2
360 693 821:12:4 3 5
296 339:12:4 8
169 282:11:5 6
20 202 928:16:4 11 1
41 901 974:7:3 2 2
169 682 713:9:5 3 1
231 305:11:8 3
5 693 784:12:4 3 5
15 309 353:8:3 2 3
142 313 896:5:1 3 1
14 561 769:9:2 4 3
714 718 719:4:2 1 1
16 299 354:10:2 4 4
58 561 928:8:3 4 1
86 200 255:13:3 3 7
256 570:10:7 3
174 184:8:3 5
600 883:5:3 2
698 716:3:2 1
240 705:13:9 4
45 230:12:4 8
164 719 891:5:3 1 1
393 747:12:8 4
31 95:6:4 2
5 369 705:16:4 8 4
183 876:8:3 5
252 697:10:7 3
345 895 983:7:3 2 2
267 881 984:10:7 1 2
115 680:7:2 5
161 695 916:10:5 2 3
256 913:9:7 2
474 928:4:3 1
246 806:11:7 4
196 265 388:20:5 7 8
88 107 256:10:2 1 7
189 830:8:4 4
254 390:18:8 10
21 245 974:15:4 9 2
901 979:5:2 3
108 200 430:5:1 3 1
189 581 895:11:4 5 2
48 353 581:12:4 3 5
172 235 283:18:3 10 5
171 558 800:19:4 9 6
561 741:8:4 4
378 909:11:9 2
501 715:9:8 1
108 274 363:14:1 5 8
106 439 474:6:2 1 3
143 272:9:2 7
209 285:15:9 6
81 305 352:9:2 3 4
72 862:8:3 5
157 284 338:16:3 5 8
30 270 945:12:3 7 2
276 305 705:12:5 3 4
60 396 542:22:3 9 10
741 779:7:4 3
118 153 310:8:2 3 3
140 174 235:14:1 3 10
54 386:13:3 10
170 959:7:3 4
364 382 720:17:7 9 1
292 302 821:13:6 2 5
31 45:8:4 4
458 706:7:3 4
93 806:7:3 4
47 53 672:9:2 1 6
65 95 171:7:1 2 4
62 135 720:3:1 1 1
128 231 683:14:2 8 4
22 61 265:12:4 1 7
53 465:4:1 3
72 765:5:3 2
702 739:4:2 2
202 603 930:15:11 2 2
522 671:11:6 5
128 237 689:14:2 9 3
365 550 703:19:7 10 2
39 60 288:12:4 3 5
222 360 713:13:8 4 1
203 716 769:14:10 1 3
38 240 312:14:2 9 3
36 241 914:16:4 9 3
224 534 629:26:10 10 6
14 281 984:8:2 4 2
206 347 904:16:9 4 3
177 186 286:14:3 5 6
10 375:12:3 9
140 174 784:9:1 3 5
103 221:9:1 8
278 779:9:6 3
159 507 895:15:5 8 2
1 278:9:3 6
15 693 836:12:3 3 6
368 534:19:9 10
270 365 563:18:7 7 4
240 245:18:9 9
108 211 534:21:1 10 10
23 170 698:7:2 3 2
322 881:7:6 1
260 317:12:8 4
23 93 174:8:2 3 3
365 449:8:7 1
63 909:5:3 2
206 887:11:9 2
46 307 334:14:2 4 8
189 332 901:14:4 8 2
118 880:7:2 5
37 878:10:4 6
10 152 881:7:3 3 1
382 563:13:9 4
506 697:11:8 3
143 209 343:16:2 9 5
90 880 928:9:3 5 1
438 861 916:10:1 6 3
240 326:16:9 7
166 240:14:5 9
48 231:12:4 8
90 173 506:15:3 4 8
189 666:10:4 6
89 374 826:13:1 7 5
206 493:14:9 5
111 118:4:2 2
719 780 886:5:1 2 2
333 461 920:15:8 4 3
15 257 357:16:3 8 5
23 696 821:9:2 2 5
143 150 916:6:2 1 3
95 516 849:12:2 6 4
177 186 254:16:3 5 8
369 393:16:8 8
141 269 581:12:1 6 5
108 780:3:1 2
260 286 496:20:8 6 6
137 713 826:8:2 1 5
302 506 708:14:2 8 4
16 238 966:15:2 10 3
241 817 861:19:9 4 6
96 191:4:1 3
344 694:5:3 2
283 739 919:9:5 2 2
141 192 223:14:1 4 9
316 422:4:2 2
249 283 550:22:7 5 10
438 997:4:1 3
46 88 115:6:2 2 2
1 284 358:13:3 5 5
36 177 375:16:4 3 9
103 150:2:1 1
199 318:8:4 4
141 249:8:1 7
108 270 741:12:1 7 4
377 666 895:17:9 6 2
52 124:5:3 2
207 339 735:20:11 8 1
352 701 821:11:4 2 5
14 663 699:11:2 5 4
96 700 928:4:1 2 1
365 666:13:7 6
286 899:8:6 2
142 392:9:1 8
58 107:4:3 1
332 769:11:8 3
683 698 997:9:4 2 3
107 258 542:19:1 8 10
534 817 883:16:10 4 2
296 661 897:12:4 6 2
375 692 901:14:9 3 2
29 203 784:18:3 10 5
62 322:7:1 6
285 311 333:17:6 3 8
20 57 218:14:4 1 9
192 251 344:16:4 9 3
29 254 375:20:3 8 9
165 357:8:3 5
222 803:11:8 3
192 591 946:8:4 2 2
183 548 651:18:3 8 7
10 318 516:13:3 4 6
185 458:6:3 3
61 379:9:1 8
768 881 887:5:2 1 2
13 693:7:4 3
14 161 449:8:2 5 1
166 438:6:5 1
45 197 246:15:4 4 7
252 732:9:7 2
115 438:3:2 1
70 107 199:6:1 1 4
240 281:13:9 4
88 895:4:2 2
278 901 959:12:6 2 4
36 352:8:4 4
146 250 430:11:2 8 1
113 696:4:2 2
296 438 961:8:4 1 3
58 358:8:3 5
152 581 667:13:3 5 5
135 672 845:13:1 6 6
285 392 461:18:6 8 4
73 327 902:11:2 6 3
108 207 302:14:1 11 2
347 692 896:8:4 3 1
719 739:3:1 2
13 250 654:17:4 8 5
352 739 919:8:4 2 2
713 920:4:1 3
542 696:12:10 2
62 305 769:7:1 3 3
330 379 974:18:8 8 2
250 338 506:24:8 8 8
246 257:15:7 8
166 309 799:11:5 2 4
170 307 581:12:3 4 5
111 422 665:11:2 2 7
800 961:9:6 3
7 716 961:7:3 1 3
21 961:7:4 3
671 799:9:5 4
201 884:11:9 2
249 983:9:7 2
125 333:9:1 8
31 273 277:16:4 5 7
157 810:6:3 3
449 967:4:1 3
6 472 917:9:3 4 2
375 702:11:9 2
101 667 732:9:2 5 2
343 458:8:5 3
126 137 918:5:1 2 2
111 345:5:2 3
162 705 967:12:5 4 3
66 292 310:10:1 6 3
506 817:12:8 4
5 125 919:7:4 1 2
58 118:5:3 2
251 654 878:20:9 5 6
18 624:10:4 6
265 550:17:7 10
172 222 252:18:3 8 7
651 904:10:7 3
663 902 928:9:5 3 1
125 720:2:1 1
137 252 277:16:2 7 7
1 516 903:12:3 6 3
352 365:11:4 7
516 697:9:6 3
333 893 964:14:8 2 4
353 761 849:8:3 1 4
30 172:6:3 3
332 461 941:14:8 4 2
720 765 871:9:1 2 6
96 125 271:8:1 1 6
106 887:4:2 2
222 317 713:13:8 4 1
70 671:6:1 5
693 705:7:3 4
152 199 916:10:3 4 3
108 247 909:11:1 8 2
281 663 693:12:4 5 3
147 196:6:1 5
352 865:10:4 6
143 307 461:10:2 4 4
663 780:7:5 2
126 603 661:9:1 2 6
6 312:6:3 3
65 197 250:13:1 4 8
250 330:16:8 8
162 377 739:16:5 9 2
651 887:9:7 2
168 302:7:5 2
526 581:13:8 5
247 330:16:8 8
3 278 914:11:2 6 3
343 472:9:5 4
184 671:10:5 5
698 741:6:2 4
141 916:4:1 3
282 890:7:6 1
493 707 779:10:5 2 3
54 247 269:17:3 8 6
31 836:10:4 6
109 390:11:1 10
28 216 765:17:4 11 2
103 699:5:1 4
382 548:17:9 8
20 507 887:14:4 8 2
277 283:12:7 5
39 964:8:4 4
142 703 974:5:1 2 2
477 765:7:5 2
252 439 477:13:7 1 5
393 979:11:8 3
153 211 765:15:3 10 2
218 800:15:9 6
203 263 719:18:10 7 1
472 495 716:11:4 6 1
327 396 902:18:6 9 3
145 728:2:1 1
107 371:9:1 8
295 735 914:10:6 1 3
269 382 903:18:6 9 3
61 347 966:8:1 4 3
22 63 876:12:4 3 5
363 474 718:12:8 3 1
197 368 791:17:4 9 4
153 865 960:12:3 6 3
288 917:7:5 2
257 270 651:22:8 7 7
95 249 321:15:2 7 6
249 779 913:12:7 3 2
41 249:10:3 7
209 256 887:18:9 7 2
240 344 735:13:9 3 1
142 374:8:1 7
65 218 703:12:1 9 2
422 501 891:11:2 8 1
185 284 651:15:3 5 7
61 169 218:15:1 5 9
183 681:6:3 3
123 239 551:18:1 9 8
247 959:12:8 4
9 269 311:12:3 6 3
581 681:8:5 3
60 313 661:12:3 3 6
217 235 765:23:11 10 2
9 137 769:8:3 2 3
211 339 369:26:10 8 8
430 720 791:6:1 1 4
106 271:8:2 6
732 779:5:2 3
16 122:4:2 2
252 761:8:7 1
695 720:3:2 1
287 871:12:6 6
73 496 501:16:2 6 8
192 318 389:17:4 4 9
817 826 941:11:4 5 2
206 708 883:15:9 4 2
249 930:9:7 2
278 288 966:14:6 5 3
382 654:14:9 5
386 896:11:10 1
703 708:6:2 4
