321 603 773:10:6 2 2
46 148 412 895:6:2 1 1 2
302 356 374 624:20:2 5 7 6
162 252 351 702:18:5 7 4 2
298 667:10:5 5
217 322 476:22:11 6 5
8 235 343:18:3 10 5
262 276 788:17:6 5 6
398 575:12:9 3
92 116 625:9:2 2 5
145 937:3:1 2
163 193:6:3 3
91 896:3:2 1
49 262:9:3 6
152 166 946:10:3 5 2
10 86 138 793:13:3 3 2 5
348 657 936:14:5 7 2
306 788 807 949:16:4 6 3 3
146 242 249 673:22:2 8 7 5
166 632 940:14:5 6 3
219 321 577 755:24:9 6 4 5
71 229:12:2 10
112 138 144:5:2 2 1
306 315 624 1000:15:4 3 6 2
164 213 216:24:3 10 11
318 342 599 994:13:4 4 3 2
333 335 545 902:26:8 6 9 3
322 937:8:6 2
29 808 938:10:3 4 3
161 306 550:19:5 4 10
32 47 550:14:2 2 10
109 277 778:10:1 7 2
165 588:6:3 3
147 332 418:10:1 8 1
86 119 901 994:8:3 1 2 2
32 44 257:12:2 2 8
391 610:11:9 2
809 994 995:9:4 2 3
230 895:10:8 2
8 235:13:3 10
279 969:7:5 2
56 60 282 646:16:2 3 6 5
13 555 773:16:4 10 2
205 532:19:11 8
164 397 794 1000:19:3 9 5 2
21 37 673 808:17:4 4 5 4
106 276 1000:9:2 5 2
356 610 952:10:5 2 3
638 937 995:9:4 2 3
28 112 267 603:15:4 2 7 2
9 177 184 807:14:3 3 5 3
270 550:17:7 10
550 610:12:10 2
149 632:7:1 6
13 15 130 333:17:4 3 2 8
61 134 605:6:1 2 3
679 749:9:6 3
306 778:6:4 2
673 923 940:9:5 1 3
61 288 568:11:1 5 5
307 605:7:4 3
10 415:4:3 1
322 379 577:18:6 8 4
298 503 940 952:18:5 7 3 3
270 567 896:11:7 3 1
134 152 163 859:14:2 3 3 6
788 926 970:11:6 2 3
119 645 896:7:1 5 1
195 558 735:13:3 9 1
145 990:3:1 2
29 64 493:9:3 1 5
255 279 307 945:18:7 5 4 2
47 196 638 932:12:2 5 4 1
476 720:6:5 1
346 953:8:4 4
89 131:2:1 1
374 410 871:14:7 1 6
163 343 796 926:14:3 5 4 2
32 793:7:2 5
335 493 568 895:18:6 5 5 2
67 177 535 771:19:3 3 10 3
523 572:13:8 5
8 148 162 268:15:3 1 5 6
663 830 990:11:5 4 2
60 279 315 434:13:3 5 3 2
82 216:14:3 11
184 434:7:5 2
636 782 944 956:18:5 6 3 4
61 262 320 796:15:1 6 4 4
276 531 995:18:5 10 3
38 45 145 315:10:2 4 1 3
39 144 193 318:12:4 1 3 4
309 321 793 927:15:2 6 5 2
116 702:4:2 2
346 936:6:4 2
262 902:9:6 3
374 738 926:10:7 1 2
29 270 299 546:24:3 7 4 10
344 568 636:13:3 5 5
148 385 518 625:21:1 9 6 5
166 251 575 995:20:5 9 3 3
10 492 953:12:3 5 4
749 969:5:3 2
149 830 936:7:1 4 2
106 161 267 778:16:2 5 7 2
196 391 554:23:5 9 9
122 267:9:2 7
794 823 945:12:5 5 2
300 626:9:5 4
155 635:10:5 5
418 581 928:7:1 5 1
493 554 582 679:23:5 9 3 6
155 735:6:5 1
243 251 546 815:29:7 9 10 3
807 955:6:3 3
322 626:10:6 4
243 344 581 1000:17:7 3 5 2
39 138 531 937:18:4 2 10 2
89 342 809 993:12:1 4 4 3
208 702 934:14:10 2 2
141 351 592 647:11:1 4 2 4
92 298:7:2 5
82 156 575 901:11:3 3 3 2
120 224 603 794:18:1 10 2 5
64 288 945:8:1 5 2
230 952 955:14:8 3 3
323 393 635 793:25:7 8 5 5
493 582 646 952:16:5 3 5 3
383 536 636:23:10 8 5
20 130 267 928:14:4 2 7 1
13 953:8:4 4
39 270 398 995:23:4 7 9 3
322 953:10:6 4
228 808:13:9 4
315 389 599 937:17:3 9 3 2
41 351:7:3 4
91 373:11:2 9
351 584:9:4 5
221 568 788:19:8 5 6
752 985:6:4 2
249 532:15:7 8
393 969:10:8 2
29 410 555 577:18:3 1 10 4
38 953:6:2 4
56 344 599 808:12:2 3 3 4
166 282 412 752:16:5 6 1 4
208 926 955:15:10 2 3
64 493:6:1 5
20 21 164 356:16:4 4 3 5
507 926:10:8 2
257 398 414 879:24:8 9 1 6
53 771 934:6:1 3 2
32 385:11:2 9
558 928:10:9 1
15 45 80:10:3 4 3
46 940 966:8:2 3 3
32 195 944 993:11:2 3 3 3
63 249:10:3 7
61 192 315 558:17:1 4 3 9
645 793 823:15:5 5 5
119 206 374:17:1 9 7
8 546 926:15:3 10 2
68 895:4:2 2
250 476 492 713:19:8 5 5 1
147 547 632 955:20:1 10 6 3
144 545:10:1 9
71 243 507 555:27:2 7 8 10
45 342 346 550:22:4 4 4 10
60 647:7:3 4
145 379 410 871:16:1 8 1 6
145 229 250 994:21:1 10 8 2
290 794:10:5 5
130 546 966:15:2 10 3
248 371 938 970:23:9 8 3 3
398 415:10:9 1
92 138:4:2 2
21 155 279 385:23:4 5 5 9
37 268 298 990:17:4 6 5 2
47 173 343 735:12:2 4 5 1
385 990:11:9 2
351 412 518 871:17:4 1 6 6
131 141 307 592:8:1 1 4 2
205 492:16:11 5
112 533 581:17:2 10 5
82 309 581:10:3 2 5
161 704:9:5 4
56 87 935:6:2 2 2
533 635 807 993:21:10 5 3 3
29 173 270:14:3 4 7
334 335 625 639:24:8 6 5 5
49 106 391:14:3 2 9
434 568:7:2 5
29 348 394:16:3 5 8
8 205 414 486:21:3 11 1 6
252 952:10:7 3
134 216 486 815:22:2 11 6 3
11 230 735:13:4 8 1
11 171 306 333:20:4 4 4 8
520 771:10:7 3
260 270 321 335:27:8 7 6 6
329 755:11:6 5
134 149 164 395:15:2 1 3 9
20 44 374:13:4 2 7
80 193 374:13:3 3 7
70 334:9:1 8
130 208 610 985:16:2 10 2 2
145 221 507 952:20:1 8 8 3
122 335 582 788:17:2 6 3 6
22 41 993:10:4 3 3
11 414 796:9:4 1 4
49 268 355:12:3 6 3
224 242 418:19:10 8 1
320 385 610:15:4 9 2
64 224 334 657:26:1 10 8 7
192 565 755:13:4 4 5
70 88 434:5:1 2 2
449 647 807:8:1 4 3
86 130 545:14:3 2 9
70 161:6:1 5
279 895:7:5 2
162 276 503 546:27:5 5 7 10
39 179 217 262:24:4 3 11 6
116 519:9:2 7
37 276 488:15:4 5 6
20 131 938:8:4 1 3
162 346 585 667:17:5 4 3 5
80 284 344:11:3 5 3
545 895 969:13:9 2 2
61 290 379:14:1 5 8
270 794 993:15:7 5 3
412 565:5:1 4
28 520 704 946:17:4 7 4 2
39 80 356 589:17:4 3 5 5
192 248 610 969:17:4 9 2 2
68 243 939:12:2 7 3
41 325 704:14:3 7 4
249 373 807 994:21:7 9 3 2
333 639:13:8 5
61 356:6:1 5
122 298:7:2 5
37 44 70 738:8:4 2 1 1
87 361 373:18:2 7 9
119 122:3:1 2
346 624:10:4 6
371 901 970:13:8 2 3
298 945:7:5 2
365 531:17:7 10
216 270 794 938:26:11 7 5 3
122 156 257 637:18:2 3 8 5
130 193:5:2 3
365 493:12:7 5
244 415 895:12:9 1 2
546 934:12:10 2
131 374 956 970:15:1 7 4 3
61 163 488:10:1 3 6
144 244:10:1 9
51 449:4:3 1
97 333 398:18:1 8 9
49 325 519 830:21:3 7 7 4
365 592 901:11:7 2 2
412 533 731:12:1 10 1
6 342 830 955:14:3 4 4 3
171 216 229 235:35:4 11 10 10
131 147:2:1 1
276 290 395:19:5 5 9
610 792 938 939:13:2 5 3 3
626 809:8:4 4
122 536 636 921:16:2 8 5 1
32 793 946:9:2 5 2
162 257 277 385:29:5 8 7 9
823 939:8:5 3
106 146 532 993:15:2 2 8 3
134 546:12:2 10
9 346 584:12:3 4 5
112 584 792:12:2 5 5
22 61 346 935:11:4 1 4 2
333 895:10:8 2
130 380 555:21:2 9 10
6 639:8:3 5
130 389 624 809:21:2 9 6 4
51 60 63 97:10:3 3 3 1
37 298 567 755:17:4 5 3 5
144 949:4:1 3
235 323 565 635:26:10 7 4 5
38 355 558:14:2 3 9
11 155 507:17:4 5 8
896 928 944:5:1 1 3
171 315 794 935:14:4 3 5 2
449 778 807:6:1 2 3
476 734:6:5 1
619 704 995:9:2 4 3
307 531:14:4 10
195 250 418 492:17:3 8 1 5
131 205 945:14:1 11 2
148 173 306:9:1 4 4
6 322 637:14:3 6 5
351 555 902:17:4 10 3
325 830:11:7 4
109 322:7:1 6
32 192 410:7:2 4 1
60 91:5:3 2
193 946:5:3 2
130 398 622:17:2 9 6
156 217 273 807:22:3 11 5 3
318 546 589 937:21:4 10 5 2
216 290 565 632:26:11 5 4 6
507 901:10:8 2
71 235 585:15:2 10 3
273 391 952 975:20:5 9 3 3
53 273 434 702:10:1 5 2 2
603 970:5:2 3
47 53 208 970:16:2 1 10 3
243 309 581 946:16:7 2 5 2
243 581 944:15:7 5 3
70 531 951:14:1 10 3
8 622 985:11:3 6 2
38 64 195 702:8:2 1 3 2
196 932:6:5 1
166 949:8:5 3
503 531 794 953:26:7 10 5 4
145 257 389 646:23:1 8 9 5
323 389 940:19:7 9 3
255 395 584 606:24:7 9 5 3
21 284 503 647:20:4 5 7 4
206 414 575 995:16:9 1 3 3
270 582:10:7 3
221 940:11:8 3
131 325 575 624:17:1 7 3 6
12 162 332 415:16:2 5 8 1
162 793:10:5 5
15 219 482:17:3 9 5
626 939:7:4 3
322 605 663 778:16:6 3 5 2
32 141:3:2 1
397 647:13:9 4
6 390 626 956:21:3 10 4 4
9 492 667 953:17:3 5 5 4
391 901 932:12:9 2 1
332 434 782 940:19:8 2 6 3
9 206 503:19:3 9 7
46 320 346 585:13:2 4 4 3
148 300 773:8:1 5 2
300 519 589:17:5 7 5
243 610 927 934:13:7 2 2 2
302 520:9:2 7
329 975:9:6 3
67 506 934:13:3 8 2
216 230 720:20:11 8 1
13 177 581:12:4 3 5
130 242 344:13:2 8 3
138 282 796:12:2 6 4
32 284 290 506:20:2 5 5 8
10 773:5:3 2
365 823 871:18:7 5 6
97 599:4:1 3
249 252:14:7 7
268 299 636 749:18:6 4 5 3
546 937 956:16:10 2 4
184 953:9:5 4
8 279:8:3 5
71 547:12:2 10
29 738:4:3 1
145 493 720 796:11:1 5 1 4
10 131 290 921:10:3 1 5 1
355 415:4:3 1
37 532 639 702:19:4 8 5 2
414 945:3:1 2
141 192 807:8:1 4 3
184 257 380 955:25:5 8 9 3
268 584 946 969:15:6 5 2 2
156 572:8:3 5
134 179:5:2 3
389 513 572 731:21:9 6 5 1
171 344 361 673:19:4 3 7 5
383 513 647:20:10 6 4
70 131:2:1 1
147 782:7:1 6
830 928:5:4 1
53 752 1000:7:1 4 2
216 488 871:23:11 6 6
162 507 735:14:5 8 1
276 545:14:5 9
44 315 605 663:13:2 3 3 5
205 243 371 493:31:11 7 8 5
329 507:14:6 8
288 492 895 953:16:5 5 2 4
20 131 138 755:12:4 1 2 5
97 106 944:6:1 2 3
92 279:7:2 5
21 184 365 520:23:4 5 7 7
276 373 374:21:5 9 7
53 184 268 939:15:1 5 6 3
268 731:7:6 1
277 306 482 955:19:7 4 5 3
179 476 663:13:3 5 5
47 145 949:6:2 1 3
164 348 380 896:18:3 5 9 1
383 599 645:18:10 3 5
346 547 995:17:4 10 3
89 243 397 599:20:1 7 9 3
60 306 589:12:3 4 5
51 321 923:10:3 6 1
217 921:12:11 1
37 229 639 953:23:4 10 5 4
235 348 610:17:10 5 2
22 229 230 249:29:4 10 8 7
39 565 599 928:12:4 4 3 1
216 949:14:11 3
235 486:16:10 6
120 385:10:1 9
46 507 624:16:2 8 6
145 626 935 975:10:1 4 2 3
106 921:3:2 1
29 966:6:3 3
398 796 985:15:9 4 2
147 149 309:4:1 1 2
51 248 673:17:3 9 5
196 221 307 639:22:5 8 4 5
523 809 921 928:14:8 4 1 1
213 531 771:23:10 10 3
106 152 934 939:10:2 3 2 3
49 80 282:12:3 3 6
68 164 588 896:9:2 3 3 1
276 395:14:5 9
249 635 792 955:20:7 5 5 3
192 558 752 993:20:4 9 4 3
89 385:10:1 9
56 257 273 731:16:2 8 5 1
130 322 809:12:2 6 4
10 116 252:12:3 2 7
395 622 808 896:20:9 6 4 1
28 122 300 397:20:4 2 5 9
9 277:10:3 7
298 632 646 955:19:5 6 5 3
244 385:18:9 9
22 385 575 584:21:4 9 3 5
177 208 619 793:20:3 10 2 5
488 755 975 985:16:6 5 3 2
365 782 796:17:7 6 4
216 260:19:11 8
206 599 749 782:21:9 3 3 6
106 173 219:15:2 4 9
28 80 224:17:4 3 10
120 334 625 923:15:1 8 5 1
334 871:14:8 6
503 575 673:15:7 3 5
10 29 270 895:15:3 3 7 2
68 346 434:8:2 4 2
152 325:10:3 7
8 45 394:15:3 4 8
9 255 944:13:3 7 3
148 267 545:17:1 7 9
106 112 936:6:2 2 2
288 394 493 624:24:5 8 5 6
217 332 335 815:28:11 8 6 3
9 208 519 608:22:3 10 7 2
22 82 1000:9:4 3 2
244 588 646:17:9 3 5
120 147 934:4:1 1 2
56 71 120 393:13:2 2 1 8
21 166 412 588:13:4 5 1 3
53 794:6:1 5
67 391 896 952:16:3 9 1 3
279 526 639 702:20:5 8 5 2
116 1000:4:2 2
385 398 588:21:9 9 3
248 577 896:14:9 4 1
229 300:15:10 5
667 809:9:5 4
71 131:3:2 1
89 155 585:9:1 5 3
526 536:16:8 8
306 520 808 830:19:4 7 4 4
397 493 646:19:9 5 5
11 67 351 809:15:4 3 4 4
29 163 228:15:3 3 9
11 635:9:4 5
206 320:13:9 4
155 450:7:5 2
243 599 667:15:7 3 5
122 343 519:14:2 5 7
145 344 512 792:15:1 3 6 5
38 410 951:6:2 1 3
82 351 896:8:3 4 1
171 434 520:13:4 2 7
373 679:15:9 6
148 638 936:7:1 4 2
572 927:7:5 2
257 321 507 584:27:8 6 8 5
410 568:6:1 5
255 332 344 536:26:7 8 3 8
208 224:20:10 10
610 934:4:2 2
49 156 298:11:3 3 5
398 808:13:9 4
45 374:11:4 7
64 155 195:9:1 5 3
273 985:7:5 2
87 208 773 940:17:2 10 2 3
32 507 645 993:18:2 8 5 3
88 242 414 558:20:2 8 1 9
355 389 397 657:28:3 9 9 7
21 625:9:4 5
166 325 581 940:20:5 7 5 3
507 895:10:8 2
89 383 450 793:18:1 10 2 5
134 244 302:13:2 9 2
482 575:8:5 3
15 589 749 921:12:3 5 3 1
39 635:9:4 5
13 351 605 955:14:4 4 3 3
235 242 749 953:25:10 8 3 4
22 518:10:4 6
51 56 792:10:3 2 5
138 895:4:2 2
165 568 625:13:3 5 5
37 97 333 577:17:4 1 8 4
389 558 815:21:9 9 3
87 270 994 995:14:2 7 2 3
161 208 393 951:26:5 10 8 3
92 927:4:2 2
41 782:9:3 6
507 645:13:8 5
56 558 645 673:21:2 9 5 5
20 116 365 610:15:4 2 7 2
49 166 581 638:17:3 5 5 4
488 585 679 807:18:6 3 6 3
47 476:7:2 5
60 208 221 519:28:3 10 8 7
229 398 599 1000:24:10 9 3 2
116 219 302:13:2 9 2
235 585 955:16:10 3 3
106 307 492:11:2 4 5
44 329 952:11:2 6 3
149 348:6:1 5
213 778:12:10 2
130 355 603 622:13:2 3 2 6
365 418 507 808:20:7 1 8 4
32 248 926:13:2 9 2
119 951 990:6:1 3 2
60 163 531:16:3 3 10
243 279 536:20:7 5 8
216 325 647 939:25:11 7 4 3
49 131 243 389:20:3 1 7 9
46 379 410 702:13:2 8 1 2
44 624 937:10:2 6 2
731 807:4:1 3
67 250:11:3 8
163 248 482 639:22:3 9 5 5
156 267 309 901:14:3 7 2 2
13 267 993:14:4 7 3
164 646 934:10:3 5 2
398 526:17:9 8
46 87 361 550:21:2 2 7 10
279 325 636:17:5 7 5
213 410:11:10 1
45 122 356 923:12:4 2 5 1
67 221 622 949:20:3 8 6 3
507 635 702:15:8 5 2
47 351 373:15:2 4 9
38 156 625:10:2 3 5
255 588:10:7 3
166 391 572 734:20:5 9 5 1
8 147 956:8:3 1 4
41 106 309 807:10:3 2 2 3
67 333 486 932:18:3 8 6 1
12 41 923:6:2 3 1
138 320 955:9:2 4 3
89 506 577 951:16:1 8 4 3
91 380 592 738:14:2 9 2 1
148 230 632 938:18:1 8 6 3
20 92:6:4 2
177 255 506:18:3 7 8
605 622:9:3 6
262 636:11:6 5
270 412 518:14:7 1 6
138 610 966 993:10:2 2 3 3
235 934:12:10 2
572 624 901:13:5 6 2
224 333 636:23:10 8 5
213 412:11:10 1
249 282 603 749:18:7 6 2 3
44 302 322 389:19:2 2 6 9
91 619 928:5:2 2 1
312 794:8:3 5
320 323 830 963:18:4 7 4 3
22 412:5:4 1
15 582 624:12:3 3 6
10 624 823:14:3 6 5
51 97:4:3 1
20 632:10:4 6
205 535:21:11 10
9 41 60:9:3 3 3
702 755:7:2 5
8 163 513 932:13:3 3 6 1
397 547 626 830:27:9 10 4 4
390 635:15:10 5
53 395 545 871:25:1 9 9 6
109 268 636:12:1 6 5
796 945:6:4 2
276 647:9:5 4
179 282 731 949:13:3 6 1 3
92 348 414:8:2 5 1
63 582:6:3 3
164 166 808:12:3 5 4
109 149:2:1 1
162 219 248 299:27:5 9 9 4
171 242 969:14:4 8 2
252 371 990:17:7 8 2
228 871 895:17:9 6 2
53 120 554 667:16:1 1 9 5
45 320 946:10:4 4 2
268 322 523:20:6 6 8
581 896:6:5 1
130 434:4:2 2
13 639:9:4 5
229 545 955:22:10 9 3
267 300:12:7 5
486 809 993:13:6 4 3
161 348 625 939:18:5 5 5 3
45 161 257:17:4 5 8
21 70 86 394:16:4 1 3 8
333 389 605:20:8 9 3
88 92 171 808:12:2 2 4 4
12 131 879 901:11:2 1 6 2
64 371 830 937:15:1 8 4 2
284 389 533:24:5 9 10
64 217:12:1 11
8 88 385:14:3 2 9
165 312 346 410:11:3 3 4 1
82 276 449 990:11:3 5 1 2
161 302 749 937:12:5 2 3 2
147 449 512 792:13:1 1 6 5
383 752:14:10 4
713 953:5:1 4
252 390:17:7 10
486 523 639 731:20:6 8 5 1
355 365 518 994:18:3 7 6 2
32 155 482 945:14:2 5 5 2
230 928:9:8 1
788 921:7:6 1
29 119 565 808:12:3 1 4 4
56 418 752 994:9:2 1 4 2
22 47 221 320:18:4 2 8 4
149 830:5:1 4
11 267 312 749:17:4 7 3 3
173 592:6:4 2
343 344 519 830:19:5 3 7 4
10 323 344:13:3 7 3
276 963:8:5 3
56 298 379 755:20:2 5 8 5
312 493 547 567:21:3 5 10 3
61 434 646:8:1 2 5
70 184 244 414:16:1 5 9 1
361 608 625:14:7 2 5
91 702:4:2 2
298 788:11:5 6
224 713 926:13:10 1 2
162 165 322:14:5 3 6
91 815:5:2 3
342 952:7:4 3
46 667 734:8:2 5 1
116 134 546 584:19:2 2 10 5
144 807:4:1 3
41 365 418 956:15:3 7 1 4
8 155:8:3 5
163 568 637 809:17:3 5 5 4
512 815:9:6 3
262 282:12:6 6
177 255:10:3 7
193 415 434 636:11:3 1 2 5
144 333 348 486:20:1 8 5 6
91 206 608 809:17:2 9 2 4
213 415 535 927:23:10 1 10 2
393 639 823 927:20:8 5 5 2
12 22 351 667:15:2 4 4 5
6 163:6:3 3
162 361:12:5 7
230 333 558 679:31:8 8 9 6
645 923:6:5 1
385 588 935:14:9 3 2
546 923:11:10 1
171 488:10:4 6
179 342 936:9:3 4 2
38 80 138:7:2 3 2
29 163 344:9:3 3 3
250 346 555:22:8 4 10
32 307 389 414:16:2 4 9 1
720 778:3:1 2
146 273:7:2 5
277 896:8:7 1
70 88:3:1 2
373 568:14:9 5
383 488:16:10 6
374 902:10:7 3
146 235 823:17:2 10 5
535 673 945:17:10 5 2
28 391 603:15:4 9 2
260 395 735 970:21:8 9 1 3
235 926:12:10 2
67 273 582 635:16:3 5 3 5
284 334 493 577:22:5 8 5 4
208 320 365 546:31:10 4 7 10
946 995:5:2 3
138 657 679 951:18:2 7 6 3
106 731:3:2 1
476 520:12:5 7
192 577:8:4 4
250 302:10:8 2
235 244 262:25:10 9 6
109 346 351:9:1 4 4
312 371 389 581:25:3 8 9 5
217 243:18:11 7
298 373 380 782:29:5 9 9 6
44 334 373 940:22:2 8 9 3
195 923 956:8:3 1 4
267 356 636:17:7 5 5
10 610 713:6:3 2 1
312 807:6:3 3
572 599:8:5 3
588 963:6:3 3
235 486 545:25:10 6 9
88 312 395 397:23:2 3 9 9
273 307 355:12:5 4 3
624 679 771:15:6 6 3
589 963 990:10:5 3 2
193 325 572 935:17:3 7 5 2
156 243 251 610:21:3 7 9 2
28 647:8:4 4
276 334:13:5 8
145 152 273 493:14:1 3 5 5
87 155 288 921:13:2 5 5 1
935 951:5:2 3
397 599:12:9 3
164 385 554 985:23:3 9 9 2
342 395:13:4 9
64 398 782:16:1 9 6
260 325 518:21:8 7 6
224 277 450:19:10 7 2
41 312 318 928:11:3 3 4 1
450 773:4:2 2
53 533 637 807:19:1 10 5 3
206 379:17:9 8
51 216 605 657:24:3 11 3 7
179 535 928:14:3 10 1
61 333 351 545:22:1 8 4 9
334 565 619:14:8 4 2
196 217 332 646:29:5 11 8 5
165 300 302:10:3 5 2
60 145 395 975:16:3 1 9 3
348 871:11:5 6
161 332 645:18:5 8 5
273 318 547 752:23:5 4 10 4
434 632:8:2 6
208 356:15:10 5
9 47 333 344:16:3 2 8 3
32 383 507 788:26:2 10 8 6
134 589 815 938:13:2 5 3 3
138 221:10:2 8
575 663 937:10:3 5 2
374 410 663:13:7 1 5
171 394:12:4 8
476 975:8:5 3
161 348 679 966:19:5 5 6 3
131 322 605 990:12:1 6 3 2
807 927 932 993:9:3 2 1 3
205 434 532 568:26:11 2 8 5
934 969:4:2 2
49 373 638 921:17:3 9 4 1
131 321 450 624:15:1 6 2 6
38 255:9:2 7
342 568:9:4 5
152 397 526 608:22:3 9 8 2
255 332 577 663:24:7 8 4 5
282 639 902:14:6 5 3
262 793:11:6 5
145 165 334:12:1 3 8
493 702 859:13:5 2 6
86 393 555 585:24:3 8 10 3
82 361 936:12:3 7 2
636 807:8:5 3
217 555 567:24:11 10 3
393 506 946:18:8 8 2
216 647:15:11 4
29 949 952:9:3 3 3
88 134 252 300:16:2 2 7 5
260 995:11:8 3
257 572 619 902:18:8 5 2 3
41 351 679:13:3 4 6
49 206 506:20:3 9 8
195 250 351 823:20:3 8 4 5
8 603:5:3 2
205 284 315 348:24:11 5 3 5
217 949:14:11 3
638 1000:6:4 2
45 89 306 344:12:4 1 4 3
156 577 945:9:3 4 2
242 792:13:8 5
277 523 547:25:7 8 10
252 945:9:7 2
12 944:5:2 3
260 985:10:8 2
288 492:10:5 5
152 161:8:3 5
41 507 582:14:3 8 3
49 262 679 995:18:3 6 6 3
37 193 575 589:15:4 3 3 5
9 361 823:15:3 7 5
216 284:16:11 5
44 309 667 879:15:2 2 5 6
193 657:10:3 7
533 636:15:10 5
53 279 533 963:19:1 5 10 3
213 588 951:16:10 3 3
49 138 267 343:17:3 2 7 5
49 373 969:14:3 9 2
49 138 290:10:3 2 5
260 332 588 610:21:8 8 3 2
6 80 242:14:3 3 8
284 632:11:5 6
22 300 582:12:4 5 3
397 626 871 932:20:9 4 6 1
6 503 735 949:14:3 7 1 3
389 953:13:9 4
70 476 622 985:14:1 5 6 2
80 526:11:3 8
152 321 379:17:3 6 8
365 567:10:7 3
149 221:9:1 8
68 513 995:11:2 6 3
89 299 859 966:14:1 4 6 3
10 195 657 963:16:3 3 7 3
584 632 713:12:5 6 1
567 738:4:3 1
184 923:6:5 1
526 679:14:8 6
244 262 365 794:27:9 6 7 5
506 635 952:16:8 5 3
390 647:14:10 4
53 558 771:13:1 9 3
13 577 667 927:15:4 4 5 2
216 391 545 581:34:11 9 9 5
97 318:5:1 4
141 195 547:14:1 3 10
260 808:12:8 4
89 163 624:10:1 3 6
67 371:11:3 8
507 603:10:8 2
523 946:10:8 2
63 109 322:10:3 1 6
9 12 92 901:9:3 2 2 2
130 217 290:18:2 11 5
547 577:14:10 4
332 581 879 951:22:8 5 6 3
879 936 940 946:13:6 2 3 2
144 155 808:10:1 5 4
156 217 731 815:18:3 11 1 3
38 68 385 713:14:2 2 9 1
224 290 731 808:20:10 5 1 4
141 546 782 937:19:1 10 6 2
61 533:11:1 10
418 932 953:6:1 1 4
12 734:3:2 1
141 546 647:15:1 10 4
44 282 307:12:2 6 4
224 395:19:10 9
164 374 547:20:3 7 10
252 379:15:7 8
116 536 792 793:20:2 8 5 5
221 356 956:17:8 5 4
348 622:11:5 6
493 879:11:5 6
636 923 936:8:5 1 2
320 588 945:9:4 3 2
348 720:6:5 1
166 493 506 555:28:5 5 8 10
389 418 449 450:13:9 1 1 2
141 533 592 936:15:1 10 2 2
119 373 927 1000:14:1 9 2 2
558 749:12:9 3
88 146 208:14:2 2 10
122 164:5:2 3
482 624 926 946:15:5 6 2 2
61 224:11:1 10
734 927:3:1 2
9 412 450 554:15:3 1 2 9
91 260 895:12:2 8 2
15 141 626:8:3 1 4
22 276 344:12:4 5 3
307 895:6:4 2
156 626:7:3 4
177 206 221:20:3 9 8
343 637:10:5 5
333 535 773:20:8 10 2
346 969:6:4 2
46 161 639:12:2 5 5
332 568 702 990:17:8 5 2 2
934 940:5:2 3
235 585:13:10 3
171 393 512 932:19:4 8 6 1
141 284:6:1 5
572 646:10:5 5
45 284 572:14:4 5 5
322 796:10:6 4
526 663:13:8 5
329 626 734 735:12:6 4 1 1
56 131:3:2 1
61 193 518 558:19:1 3 6 9
88 735 926:5:2 1 2
288 807 970:11:5 3 3
575 796:7:3 4
179 284 673 936:15:3 5 5 2
486 949:9:6 3
267 512 807 923:17:7 6 3 1
86 550 755 896:19:3 10 5 1
163 808 823 830:16:3 4 5 4
251 558:18:9 9
22 752:8:4 4
321 394:14:6 8
380 486:15:9 6
412 901:3:1 2
63 70 320:8:3 1 4
164 568:8:3 5
61 250 276:14:1 8 5
385 488 554:24:9 6 9
184 966:8:5 3
148 300 635 937:13:1 5 5 2
279 346 788:15:5 4 6
565 713:5:4 1
582 995:6:3 3
555 951:13:10 3
356 735 896 966:10:5 1 1 3
230 306 993:15:8 4 3
148 608:3:1 2
312 956:7:3 4
255 809 823 994:18:7 4 5 2
44 149 329:9:2 1 6
44 213 482:17:2 10 5
206 216 523 582:31:9 11 8 3
49 122 450 939:10:3 2 2 3
262 395 788:21:6 9 6
147 252 796:12:1 7 4
145 244 332 952:21:1 9 8 3
15 41 949:9:3 3 3
120 244 926:12:1 9 2
46 141 738 859:10:2 1 1 6
385 450 575 895:16:9 2 3 2
398 815 956:16:9 3 4
71 645 755 995:15:2 5 5 3
64 335 608 637:14:1 6 2 5
13 161 320 361:20:4 5 4 7
371 608:10:8 2
535 589 638:19:10 5 4
228 282 970:18:9 6 3
171 279 323 492:21:4 5 7 5
520 738:8:7 1
80 262 332:17:3 6 8
179 268 535 646:24:3 6 10 5
588 879 966:12:3 6 3
39 67 130 1000:11:4 3 2 2
149 532 932:10:1 8 1
13 523:12:4 8
255 391 592:18:7 9 2
414 572:6:1 5
10 164 749:9:3 3 3
184 809:9:5 4
300 315 794 939:16:5 3 5 3
346 823:9:4 5
131 228 519 928:18:1 9 7 1
610 731 794:8:2 1 5
10 815 932:7:3 3 1
393 476 994:15:8 5 2
41 134:5:3 2
250 476 646:18:8 5 5
155 344 482:13:5 3 5
333 755:13:8 5
361 415 752:12:7 1 4
21 302 778 994:10:4 2 2 2
277 535:17:7 10
371 415:9:8 1
418 493 535:16:1 5 10
67 306 351 901:13:3 4 4 2
205 300 512:22:11 5 6
28 267 282:17:4 7 6
109 371 606:12:1 8 3
145 279 356 921:12:1 5 5 1
348 492:10:5 5
156 196 523 936:18:3 5 8 2
342 535:14:4 10
334 415:9:8 1
298 486 809:15:5 6 4
823 966:8:5 3
21 173 450 927:12:4 4 2 2
397 622 720 773:18:9 6 1 2
11 89 290 990:12:4 1 5 2
166 244 599:17:5 9 3
371 809:12:8 4
205 365:18:11 7
138 229 606 636:20:2 10 3 5
217 599:14:11 3
