4 7 14 15 19:30:4 8 5 7 6
2 6 13:18:6 9 3
1 5 13 15 19:29:3 10 3 7 6
1 5 13 15 19:29:3 10 3 7 6
1 5 13 15 19:29:3 10 3 7 6
2 6 13 15 19:27:2 9 3 7 6
1 3 6 14 16 19:28:3 1 9 5 4 6
1 5 13 15 19:29:3 10 3 7 6
1 5 13 15 19:29:3 10 3 7 6
2 4 12 19:13:2 4 1 6
4 7 9 13 14 18:38:8 8 5 3 5 9
1 5 14 15 19:31:3 10 5 7 6
2 8 14 15 19:26:2 6 5 7 6
2 8 10 13 14 19:25:2 6 3 3 5 6
1 5 14:31:6 20 5
1 5 15 19:26:3 10 7 6
1 12 15:14:6 1 7
1 5 14 15 19:31:3 10 5 7 6
2 6 13:14:2 9 3
2 6 13 15 19:27:2 9 3 7 6
1 5 14 15 19:31:3 10 5 7 6
1 6 14 16 19:27:3 9 5 4 6
3 4 7 14 15 19:31:1 4 8 5 7 6
1 5 14 15 19:31:3 10 5 7 6
1 3 5 13 15 19:30:3 1 10 3 7 6
2 13:5:2 3
7 11 18 20:21:8 1 9 3
3 4 10 14:22:1 8 3 10
1 5 14 15 19:31:3 10 5 7 6
13 20:6:3 3
1 5 14 15 19:31:3 10 5 7 6
1 6 14 16 19:27:3 9 5 4 6
1 5 13 15 19:29:3 10 3 7 6
1 3 5 14 15 19:32:3 1 10 5 7 6
9 17 18 19 20:25:5 2 9 6 3
1 5 13 15 19:29:3 10 3 7 6
4 5 14 17:35:8 20 5 2
1 5 14 15 19:31:3 10 5 7 6
4 5 14:33:8 20 5
1 5 14 15 19:31:3 10 5 7 6
1 3 5 13 15 19:30:3 1 10 3 7 6
2 6 13 15 17 19:44:4 9 3 14 2 12
1 5 6 18:31:3 10 9 9
4 7 14 15 19:30:4 8 5 7 6
1 5 14 15 19:31:3 10 5 7 6
2 6 15 19:24:2 9 7 6
2 11:5:4 1
1 6 14 16 19:27:3 9 5 4 6
4 7 11 14:18:4 8 1 5
1 5 14:18:3 10 5
2 6 13 15 19:27:2 9 3 7 6
1 5 14:31:6 20 5
3 5 6 7 8 11 12 20:39:1 10 9 8 6 1 1 3
2 3 4 7 11 12 13:32:2 1 8 16 1 1 3
2 6 13 15 19:27:2 9 3 7 6
1 6 14 16 19:27:3 9 5 4 6
1 3 5 13 15 19:30:3 1 10 3 7 6
1 5 13 15 19:29:3 10 3 7 6
4 14 15 19:22:4 5 7 6
1 5 13 15 19:32:6 10 3 7 6
2 3 10 15 17 19:21:2 1 3 7 2 6
6 7 9 10 14 18:44:9 8 5 3 10 9
8 9 17:15:6 5 4
1 8 14:14:3 6 5
2 3 4 5 8 10 11:29:4 1 4 10 6 3 1
3 4 5:15:1 4 10
9 10 13 17:13:5 3 3 2
2 5 13:18:2 10 6
1 5 14 15 19:31:3 10 5 7 6
3 4 7 14 15 19:31:1 4 8 5 7 6
1 5 14 15 19:36:3 10 10 7 6
1 5 14 15 19:31:3 10 5 7 6
4 7 14 15 19:30:4 8 5 7 6
1 3 5 13 15 19:30:3 1 10 3 7 6
1 5 13 15 19:29:3 10 3 7 6
4 5 10 14 15 19:39:8 10 3 5 7 6
1 5 14 15 19:37:9 10 5 7 6
1 3 5 14 15 19:32:3 1 10 5 7 6
2 3 6 13 15 19:28:2 1 9 3 7 6
4 5 14:19:4 10 5
1 3 12 15 16 19:29:3 2 1 7 4 12
2 8 13 14 16 17:22:2 6 3 5 4 2
1 5 14 15 19:31:3 10 5 7 6
1 3 5 14 15 19:32:3 1 10 5 7 6
2 3 4 5 11 15:35:2 1 4 20 1 7
1 4 5 14:25:6 4 10 5
1 5 13 15 19:29:3 10 3 7 6
3 15 16 17 18:23:1 7 4 2 9
14 15 17 18:23:5 7 2 9
1 4 5 14:25:6 4 10 5
4 7 14 15 19:30:4 8 5 7 6
1 6 14 16 19:27:3 9 5 4 6
1 6 8 11:20:3 9 6 2
2 6 13 15 19:27:2 9 3 7 6
1 6 14 16 19:27:3 9 5 4 6
9 10 15:15:5 3 7
4 7 14 15 19:30:4 8 5 7 6
1 3 5 13 15 19:30:3 1 10 3 7 6
1 7 14 16 19:26:3 8 5 4 6
1 5 14 15 19:34:6 10 5 7 6
3 7 9 10 12 13 14 17:33:1 8 10 3 1 3 5 2
1 7 14:27:6 16 5
2 6 13 15 19:27:2 9 3 7 6
4 5 14 15 19:39:4 10 5 14 6
2 8 14 15 19:26:2 6 5 7 6
5 16:14:10 4
1 3 6 14 16 19:28:3 1 9 5 4 6
4 7 13 16 20:22:4 8 3 4 3
1 5 14 15 19:31:3 10 5 7 6
2 9 17 19:15:2 5 2 6
1 5 13 15 19:29:3 10 3 7 6
1 3:4:3 1
4 5 14 15 19:32:4 10 5 7 6
2 6 13 15 19:29:4 9 3 7 6
5 13 15 17 18:34:10 6 7 2 9
4 5 13 14:22:4 10 3 5
6 12:11:9 2
5 6 7 8 14 16:42:10 9 8 6 5 4
2 4 15 16 17:19:2 4 7 4 2
1 6 14 16 19:27:3 9 5 4 6
4 7 9 10 11 15 19:34:4 8 5 3 1 7 6
1 6 14 16 19:27:3 9 5 4 6
1 3 5 14 15 19:32:3 1 10 5 7 6
1 6 14 16 19:27:3 9 5 4 6
2 6 13:18:6 9 3
1 2 3 13:15:6 2 1 6
7 14 15 19:26:8 5 7 6
1 6 7 8 13 18 19:50:3 9 8 12 3 9 6
1 3 6 14 16 19:28:3 1 9 5 4 6
1 6 14:25:6 9 10
1 5 13 15 19:29:3 10 3 7 6
2 6 13 15 19:27:2 9 3 7 6
4 6 8 16:32:4 18 6 4
4 7 14 15 19:30:4 8 5 7 6
1 6 14 16 19:27:3 9 5 4 6
1 3 5 13 15 19:30:3 1 10 3 7 6
3 4 7 14 15 19:31:1 4 8 5 7 6
2 6 13 15 19:27:2 9 3 7 6
5 13 15 19:26:10 3 7 6
4 9 10:12:4 5 3
2 6 13 20:17:2 9 3 3
1 5 13 15 19:29:3 10 3 7 6
2 6 13 15 19:27:2 9 3 7 6
4 7 14 15 19:30:4 8 5 7 6
1 8 14:19:3 6 10
3 4 7 14 15 19:31:1 4 8 5 7 6
2 10 11 13 17 19:22:2 3 1 6 4 6
1 3 6:22:3 1 18
4 7 14 15 19:30:4 8 5 7 6
4 7 14 15 19:30:4 8 5 7 6
2 3 6 13:20:4 1 9 6
7 12 13 17:15:8 2 3 2
10 17:5:3 2
2 6 13 15 19:27:2 9 3 7 6
1 5 13 15 19:29:3 10 3 7 6
2 6 13 15 19:27:2 9 3 7 6
4 7 14:17:4 8 5
1 5 13 15 19:29:3 10 3 7 6
2 6 13 15 19:27:2 9 3 7 6
2 3 6 14 15 18:33:2 1 9 5 7 9
1 6 14 16 19:27:3 9 5 4 6
17 19:8:2 6
7 10 13:14:8 3 3
1 5 14 15 19:31:3 10 5 7 6
2 3 4 9 18:30:2 1 4 5 18
1 5 8 14:37:6 20 6 5
2 7 9 11 12 19:23:2 8 5 1 1 6
4 7 14:17:4 8 5
2 6 13 15 19:27:2 9 3 7 6
1 5 14 15 19:31:3 10 5 7 6
1 3 6 14 16 19:28:3 1 9 5 4 6
6 18 20:21:9 9 3
4 5 14:19:4 10 5
1 5 14 15 19:31:3 10 5 7 6
1 5 14 15 19:31:3 10 5 7 6
2 3 8 12 13 14:18:2 1 6 1 3 5
2 6 13 15 19:27:2 9 3 7 6
1 6 14 16 19:27:3 9 5 4 6
1 2 15:12:3 2 7
7 9 14 19 20:27:8 5 5 6 3
1 8 14:20:3 12 5
2 6 13 15 19:27:2 9 3 7 6
1 5 13 15 19:29:3 10 3 7 6
1 6 14 16 19:27:3 9 5 4 6
1 6 14 16 19:27:3 9 5 4 6
4 7 14 15 19:30:4 8 5 7 6
1 3 5 14 15 19:32:3 1 10 5 7 6
4 7 14 15 19:30:4 8 5 7 6
2 5 8 12 18:44:2 20 12 1 9
1 6 14 16 19:27:3 9 5 4 6
4 5 14:19:4 10 5
4 5 14 15 18 19:45:8 10 5 7 9 6
15 18:23:14 9
2 6 13 15 19:27:2 9 3 7 6
1 6 14 16 19:27:3 9 5 4 6
4 7 14 15 19:30:4 8 5 7 6
1 3 5 13 15 19:30:3 1 10 3 7 6
2 6 13 15 19:27:2 9 3 7 6
1 5 14 15 19:40:6 10 5 7 12
4 7 14 15 19:30:4 8 5 7 6
1 6 14 16 19:27:3 9 5 4 6
10 15:13:6 7
4 7 14 15 19:30:4 8 5 7 6
4 7 14 15 19:30:4 8 5 7 6
2 5 6 12 14 15 19:45:2 10 9 1 10 7 6
1 3 6 14 16 19:28:3 1 9 5 4 6
2 9 15:14:2 5 7
8 10 13 15:31:12 6 6 7
4 9 13 15 18:32:8 5 3 7 9
1 10 11 13 15 16 17:27:3 3 1 3 7 8 2
2 6 13 15 19:27:2 9 3 7 6
4 5 14 15 19:38:4 10 5 7 12
1 5 13 15 19:29:3 10 3 7 6
4 5 14:33:8 20 5
1 2 8 16 19:27:3 2 6 4 12
2 15:9:2 7
4 7 14 15 19:30:4 8 5 7 6
1 6 14 16 19:27:3 9 5 4 6
4 7 14 15 19:40:8 8 5 7 12
2 4 8 14 16 19:27:2 4 6 5 4 6
9 17 20:10:5 2 3
2 6 13 15 19:27:2 9 3 7 6
2 3 6 13 15 19:28:2 1 9 3 7 6
1 3 5 14 15 19:32:3 1 10 5 7 6
1 5 14 15 19:31:3 10 5 7 6
1 3 5 13 15 19:30:3 1 10 3 7 6
1 14 18:17:3 5 9
3 4 7 14 15 19:31:1 4 8 5 7 6
1 6 14 16 19:36:3 18 5 4 6
1 6 14 16 19:32:3 9 10 4 6
1 5 8 13 15 19:42:3 10 6 3 14 6
1 5 14 15 19:31:3 10 5 7 6
2 6 7 13:26:6 9 8 3
2 6 13:18:6 9 3
4 7 14 15 19:30:4 8 5 7 6
1 5 13 15 19:29:3 10 3 7 6
5 14 15:22:10 5 7
5 18:19:10 9
2 6 13 15 19:27:2 9 3 7 6
1 6 14 16 19:27:3 9 5 4 6
2 6 13 15 19:27:2 9 3 7 6
1 3 6 14 16 19:28:3 1 9 5 4 6
1 2 6 13 15 19:32:3 4 9 3 7 6
4 7 14 15 19:30:4 8 5 7 6
4 7 14 15 19:30:4 8 5 7 6
4 7 14 15 19:38:4 16 5 7 6
2 6 13 15 19:27:2 9 3 7 6
4 5 6 14 15 19:45:8 10 9 5 7 6
1 8 10 11 13 15 17:28:6 6 3 1 3 7 2
1 5 14 15 19:31:3 10 5 7 6
1 6 14:25:6 9 10
4 7 14 15 19:38:4 16 5 7 6
1 5 13 15 19:39:3 20 3 7 6
1 5 14 15 19:37:9 10 5 7 6
1 5 13 15 19:29:3 10 3 7 6
1 6 14:25:6 9 10
1 3 5 14 15 19:32:3 1 10 5 7 6
13 17:8:6 2
2 16:6:2 4
2 6 13 15 19:27:2 9 3 7 6
1 5 13 15 19:29:3 10 3 7 6
5 6 17:21:10 9 2
2 6 13 15 19:27:2 9 3 7 6
1 6 14 16 19:27:3 9 5 4 6
1 5 13 15 19:29:3 10 3 7 6
2 5 13:27:4 20 3
1 3 5 14 15 19:32:3 1 10 5 7 6
1 5 13 15 19:29:3 10 3 7 6
7 15 19:27:8 7 12
2 6 13 15 19:40:2 9 3 14 12
10 16 17 18:18:3 4 2 9
2 12 17 18:16:4 1 2 9
2 5 13:18:2 10 6
2 3 6 13 15 19:28:2 1 9 3 7 6
4 7 14 15 19:30:4 8 5 7 6
2 5 13:15:2 10 3
2 7 8 14 15 19:34:2 8 6 5 7 6
1 6 14 16 19:27:3 9 5 4 6
1 6 14 16 19:27:3 9 5 4 6
1 5 13 15:23:3 10 3 7
15 19:13:7 6
2 3 5 12 15 19:28:2 1 10 2 7 6
1 5 14:31:6 20 5
1 5 14 15 19:31:3 10 5 7 6
1 3 5 14 15 19:32:3 1 10 5 7 6
7 12 19:15:8 1 6
1 5 7 9 18 20:41:3 10 8 5 9 6
1 3 5 13 15 19:30:3 1 10 3 7 6
4 5 13 15:31:4 10 3 14
1 5 14 15 19:31:3 10 5 7 6
1 5 14 15 19:31:3 10 5 7 6
3 10 17 18 19 20:30:1 3 2 9 12 3
1 6 14 16 19:27:3 9 5 4 6
5 6 10 13 15 16 19:49:10 9 3 6 7 8 6
1 5 14 15 19:34:6 10 5 7 6
1 5 6 14 15 19:43:6 10 9 5 7 6
1 6 14 16 19:27:3 9 5 4 6
1 3 5 13 15 19:30:3 1 10 3 7 6
2 3 6 13 15 19:28:2 1 9 3 7 6
1 18:12:3 9
1 5 13 15 19:29:3 10 3 7 6
5 8 11:17:10 6 1
5 7 12 17:34:20 8 2 4
4 5 14 19:25:4 10 5 6
1 5 14:18:3 10 5
1 3 6 14 16 19:28:3 1 9 5 4 6
2 6 13 15 19:27:2 9 3 7 6
2 3 6 13 15 19:28:2 1 9 3 7 6
1 6 13 14:28:6 9 3 10
4 7 14 15 19:30:4 8 5 7 6
4 7 14:21:8 8 5
1 5 14 15 19:31:3 10 5 7 6
1 5 14 15 19:31:3 10 5 7 6
4 7 14:17:4 8 5
1 6 14 16 19:27:3 9 5 4 6
1 8 14:17:6 6 5
2 4 7 10 11 13 14 19:36:2 8 8 3 1 3 5 6
4 7 14 15 19:30:4 8 5 7 6
2 8 14 15 19:31:2 6 10 7 6
1 5 14 15 19:31:3 10 5 7 6
5 12 19 20:21:10 2 6 3
1 5 13 15 19:29:3 10 3 7 6
1 3 6 14 16 19:28:3 1 9 5 4 6
1 6 14 16 19:27:3 9 5 4 6
2 6 13 19:20:2 9 3 6
1 8 14:14:3 6 5
3 4 7 14 15 19:31:1 4 8 5 7 6
2 6 13:21:6 9 6
1 5 14 15 19:31:3 10 5 7 6
1 5 13 15 19:29:3 10 3 7 6
1 6 14 16 19:27:3 9 5 4 6
4 7 9:17:4 8 5
4 5 14 15 19:38:4 10 5 7 12
13 17 20:11:3 2 6
4 5 14:38:8 20 10
2 9 10 15 17 20:25:2 5 6 7 2 3
4 5 14 15 19:32:4 10 5 7 6
4 7 14 15 19:30:4 8 5 7 6
3 4 7 14 15 19:31:1 4 8 5 7 6
4 7 14 15 19:30:4 8 5 7 6
6 7 10 13 16:36:18 8 3 3 4
9 10 13 15 18 19 20:36:5 3 3 7 9 6 3
3 6 7 9 10 12 13:38:1 9 16 5 3 1 3
1 5 13 15 19:29:3 10 3 7 6
1 3 5 14 15 19:32:3 1 10 5 7 6
4 7 14 15 19:30:4 8 5 7 6
1 3 6 14 16 19:28:3 1 9 5 4 6
8 13 15:16:6 3 7
3 4 7 14 15 19:31:1 4 8 5 7 6
2 3 6 13 15 19:28:2 1 9 3 7 6
1 6 14 16 19:27:3 9 5 4 6
4 10 13 16:17:4 6 3 4
1 3 5 14 15 19:32:3 1 10 5 7 6
2 5 6 8 10 20:33:2 10 9 6 3 3
2 6 13:18:6 9 3
1 6 14 16 19:27:3 9 5 4 6
6 7 12 14 15:30:9 8 1 5 7
1 5 8 11 14 19 20:34:3 10 6 1 5 6 3
2 6 13 15 19:27:2 9 3 7 6
6 10:12:9 3
1 5 13 15 19:29:3 10 3 7 6
1 5 6 14:30:6 10 9 5
2 4 5 8 9 15:40:2 4 10 12 5 7
1 5 15 19:26:3 10 7 6
1 6 14 16 19:27:3 9 5 4 6
2 3 6 13 15 19:28:2 1 9 3 7 6
1 5 13 15 19:29:3 10 3 7 6
1 3 6 14 16 19:28:3 1 9 5 4 6
1 3 5 14 15 19:32:3 1 10 5 7 6
1 6 14 16 19:27:3 9 5 4 6
1 4 14 16:16:3 4 5 4
1 3 6 14 16 19:28:3 1 9 5 4 6
1 7 14 16 19:26:3 8 5 4 6
2 3 6 13 15 19:28:2 1 9 3 7 6
1 6 14 16 19:27:3 9 5 4 6
2 6 13 15 19:27:2 9 3 7 6
1 3 10:7:3 1 3
1 8 14:14:3 6 5
1 3 5 14 15 19:32:3 1 10 5 7 6
1 5 13 15 19:29:3 10 3 7 6
1 5 14 15 19:31:3 10 5 7 6
1 7 14 16 19:26:3 8 5 4 6
1 5 14:31:6 20 5
5 7 8 12 15 18:47:10 8 12 1 7 9
2 6 13 15 19:27:2 9 3 7 6
1 3 5 13 15 19:30:3 1 10 3 7 6
4 5 14 15 19:36:8 10 5 7 6
1 6 14 16 17 19:38:3 18 5 4 2 6
4 7 14 15 19:30:4 8 5 7 6
6 14 16 19:24:9 5 4 6
1 6 14 16 19:27:3 9 5 4 6
1 5 14 15 19:31:3 10 5 7 6
1 2 6 13:21:3 6 9 3
2 3:3:2 1
4 5 7 14 15 19:40:4 10 8 5 7 6
1 5 14 15 19:31:3 10 5 7 6
3 4 5 14 15 19:37:1 8 10 5 7 6
1 3 11 12 15 20:16:3 1 1 1 7 3
4 7 14 15:24:4 8 5 7
1 6 14 16 19:27:3 9 5 4 6
1 5 14 15 19:31:3 10 5 7 6
3 4 7 14 15 19:31:1 4 8 5 7 6
1 5 14 15 19:31:3 10 5 7 6
1 8 13:12:3 6 3
6 7 15 17 18:52:9 16 7 2 18
1 7 14 15:28:3 8 10 7
1 6 14 16 19:27:3 9 5 4 6
1 6 14 16 19:27:3 9 5 4 6
4 5 14:33:8 20 5
2 3 6 13 15 19:28:2 1 9 3 7 6
1 7 14 16 19:30:3 8 5 8 6
4 7 12 14:23:4 8 1 10
1 6 14 16 19:27:3 9 5 4 6
14 16 17 19:17:5 4 2 6
1 16 19 20:16:3 4 6 3
2 5 7 10 12 18:33:2 10 8 3 1 9
2 6 13 15 19:27:2 9 3 7 6
1 5 14:29:9 10 10
1 5 14 15 19:37:9 10 5 7 6
1 5 13 15 19:29:3 10 3 7 6
4 7 14 15 19:30:4 8 5 7 6
2 6 13 15 19:27:2 9 3 7 6
2 4 5 13:19:2 4 10 3
2 8 14 15 19:28:4 6 5 7 6
1 7 14:24:6 8 10
1 5 13 15 19:29:3 10 3 7 6
1 8 14:20:3 12 5
1 6 14 19:23:3 9 5 6
2 3 6 13 15 19:28:2 1 9 3 7 6
1 5 14:28:3 20 5
8 15 20:16:6 7 3
2 10 12 13 14 19:28:2 3 1 6 10 6
2 9 13 16 18 19:44:2 5 3 4 18 12
4 7 14 15 19:30:4 8 5 7 6
8 10 11 13 15 20:23:6 3 1 3 7 3
1 7 14 16 19:34:3 16 5 4 6
2 5 13:15:2 10 3
7 8 18:23:8 6 9
1 6 7 14:25:3 9 8 5
6 8 18 20:27:9 6 9 3
1 3 5 13 15 19:30:3 1 10 3 7 6
4 7 14 15 19:30:4 8 5 7 6
1 5 14:18:3 10 5
1 4 12 16:12:3 4 1 4
1 5 13 15 19:29:3 10 3 7 6
1 5 14 15 19:31:3 10 5 7 6
2 5 13 19:33:4 20 3 6
1 6 14 16 19:27:3 9 5 4 6
2 6 13 15 19:27:2 9 3 7 6
1 5 7 14 16 19:40:3 10 8 5 8 6
2 6 13:18:6 9 3
2 9 15:14:2 5 7
7 14 15 19:26:8 5 7 6
2 8 14 15 19:26:2 6 5 7 6
1 6 14 16 19:27:3 9 5 4 6
4 5 14 15 19:32:4 10 5 7 6
3 4 7 14 15 19:31:1 4 8 5 7 6
1 5 14:24:9 10 5
6 14 16 19:24:9 5 4 6
2 9 19:13:2 5 6
3 4 7 14 15 19:31:1 4 8 5 7 6
3 9 12 13 15 20:23:1 5 1 6 7 3
2 6 13 15 19:27:2 9 3 7 6
3 6 7 10 12 15:32:1 9 8 6 1 7
4 16:8:4 4
2 6 12 13:19:6 9 1 3
4 7 14 15 19:30:4 8 5 7 6
5 6 8 9 16 17 18 20:60:10 18 6 5 4 2 9 6
3 5 9 13 18:33:1 10 10 3 9
1 5 11 13 15 19:33:3 10 1 6 7 6
1 7 8 14 16 19:35:6 8 6 5 4 6
3 4 7 14 15 19:31:1 4 8 5 7 6
2 6 13 15 19:27:2 9 3 7 6
3 7 9 15:21:1 8 5 7
2 6 13 15 19:27:2 9 3 7 6
3 7 9 16 17 20:27:2 8 5 4 2 6
7 14 19:19:8 5 6
4 7 14 15 19:30:4 8 5 7 6
4 5 14 15 19:47:8 10 10 7 12
1 6 14 16 19:27:3 9 5 4 6
4 5 7 14 15 19:40:4 10 8 5 7 6
1 5 13 15 19:29:3 10 3 7 6
6 7 12 13 16 19:31:9 8 1 3 4 6
1 7 14 16 19 20:38:6 8 5 4 12 3
1 5 14:26:6 10 10
9 15 20:22:5 14 3
1 3 5 13 15 19:30:3 1 10 3 7 6
2 5 8 9 11 12 18:46:4 20 6 5 1 1 9
4 5 14 15 19:36:8 10 5 7 6
1 6 14 16 19:36:3 18 5 4 6
1 5 13 15 19:29:3 10 3 7 6
1 5 13 15 19:29:3 10 3 7 6
1 5 14 15 19:31:3 10 5 7 6
3 4 5 14 15 19:43:1 4 20 5 7 6
1 5 14 15 19:31:3 10 5 7 6
1 6 14 16 19:27:3 9 5 4 6
4 7 14 15 19:30:4 8 5 7 6
1 3 6 14 16 19:28:3 1 9 5 4 6
1 6 14 16 19:27:3 9 5 4 6
4 5 14 15 19:32:4 10 5 7 6
3 4 7 14 15 19:31:1 4 8 5 7 6
1 3 5 14 15 19:32:3 1 10 5 7 6
2 6 13 15 19:27:2 9 3 7 6
1 6 14 16 19:27:3 9 5 4 6
4 7 14 15 19:30:4 8 5 7 6
1 3 6 14 16 19:28:3 1 9 5 4 6
4 5 14:19:4 10 5
1 8 14:14:3 6 5
4 5 14:33:8 20 5
1 4 5 14:36:3 8 20 5
1 13 15 19:19:3 3 7 6
1 3 5 13 15 19:30:3 1 10 3 7 6
1 5 14 15 19:34:6 10 5 7 6
1 10:6:3 3
3 4 7 14 15 19:31:1 4 8 5 7 6
1 6 14 16 19:27:3 9 5 4 6
7 9 11 14:27:16 5 1 5
1 5 14 19:24:3 10 5 6
2 6 13:14:2 9 3
2 3 6 13 15 19:28:2 1 9 3 7 6
1 5 14 15 19:31:3 10 5 7 6
1 5 13 15 19:29:3 10 3 7 6
1 5 14 15:25:3 10 5 7
1 5 13 15 19:29:3 10 3 7 6
4 5 14 15 19:53:4 20 10 7 12
1 6 14 16 19:27:3 9 5 4 6
1 3 6 14 16 19:28:3 1 9 5 4 6
1 6 14 16 19:27:3 9 5 4 6
1 5 14:24:9 10 5
1 5 13 15 19:29:3 10 3 7 6
1 5 14 15 19:31:3 10 5 7 6
3 4 7 14 15 19:31:1 4 8 5 7 6
2 6 13 15 19:27:2 9 3 7 6
1 5 14 15 19:31:3 10 5 7 6
2 6 13 15 19:27:2 9 3 7 6
3 4 7 12 14 15 18:43:1 4 16 1 5 7 9
12 19:7:1 6
1 11 13 16:14:6 1 3 4
2 8 11 16 19 20:27:4 6 1 4 6 6
1 5 14 15 19:31:3 10 5 7 6
1 3 9 13:12:3 1 5 3
2 3 6 13 15 19:28:2 1 9 3 7 6
1 5 13 15 19:29:3 10 3 7 6
4 5 14 15 17 19:34:4 10 5 7 2 6
1 3 5 14 15 19:32:3 1 10 5 7 6
3 8 14 16 17:23:1 6 10 4 2
1 5 8 13 15 19:45:6 10 6 3 14 6
2 8 14 15 19:26:2 6 5 7 6
1 5 13 15 19:29:3 10 3 7 6
4 10 11 13 19 20:20:4 3 1 3 6 3
1 5 15 19:26:3 10 7 6
4 7 14 15 19:30:4 8 5 7 6
1 5 14:18:3 10 5
1 8 9 19:23:6 6 5 6
1 5 8 14:24:3 10 6 5
2 6 13 15 19:27:2 9 3 7 6
3 4 5 14:20:1 4 10 5
1 5 14 15 19:31:3 10 5 7 6
4 7 14 15 19:37:4 8 5 14 6
1 5 6 13 15 19:41:3 10 9 6 7 6
2 6 13 15 19:30:2 9 6 7 6
2 6 13 15 19:27:2 9 3 7 6
4 7 14 15 19:30:4 8 5 7 6
4 5 19 20:23:4 10 6 3
2 3 6 13 15 19:28:2 1 9 3 7 6
1 3 6 14 16 19:28:3 1 9 5 4 6
1 5 14:21:6 10 5
4 5 14:38:8 20 10
3 4 5 13 15 17:30:1 4 10 6 7 2
3 5 13 14 16 20:34:1 10 6 10 4 3
1 5 14 15 19:31:3 10 5 7 6
2 6 7 13 15 19:37:4 9 8 3 7 6
4 5 6 13 16:34:4 10 9 3 8
1 3 5 14 15 19:32:3 1 10 5 7 6
3 4 9 10 11 12 18:24:1 4 5 3 1 1 9
2 5 13 19:24:2 10 6 6
1 5 13 15 19:29:3 10 3 7 6
1 14 15 19:21:3 5 7 6
2 8 14 15 19:26:2 6 5 7 6
2 6 13 15 19:27:2 9 3 7 6
1 6 14 16:29:6 9 10 4
1 3 5 14 15 19:32:3 1 10 5 7 6
1 5 14:31:6 20 5
1 3 5 14 15 19:32:3 1 10 5 7 6
3 4 7 14 15 19:31:1 4 8 5 7 6
1 6 14 16 19:27:3 9 5 4 6
4 7 14 15 19:30:4 8 5 7 6
5 6 8 9 12 16 18:54:10 9 6 10 2 8 9
1 6 14 16 19:27:3 9 5 4 6
1 2 5 13 16:36:3 2 20 3 8
1 5 13 15 19:29:3 10 3 7 6
1 2 3 4 16 17 20:19:3 2 1 4 4 2 3
2 10 12 14 15 17 18:37:4 3 2 10 7 2 9
1 5 13 15 19:35:3 10 3 7 12
1 3 5 14 15 19:32:3 1 10 5 7 6
1 2 3 13:12:3 2 1 6
1 6 14 16 19:27:3 9 5 4 6
3 5 6 11 15 18 20:49:1 10 9 1 7 18 3
1 5 10 14 15 19:37:6 10 3 5 7 6
1 5 14 15 19:31:3 10 5 7 6
2 6 13 15 19:27:2 9 3 7 6
5 13 14 15 20:28:10 3 5 7 3
1 3 5 13 15 19:30:3 1 10 3 7 6
7 9 12 15 17:23:8 5 1 7 2
2 6 13 15 19:27:2 9 3 7 6
1 6 14 16 19:27:3 9 5 4 6
1 6 14 16 19:27:3 9 5 4 6
1 5 14 15 19:31:3 10 5 7 6
3 4 7 14 15 19:31:1 4 8 5 7 6
2 4 5 14 15 19:43:2 8 10 10 7 6
1 5 13 15 19:29:3 10 3 7 6
2 3 6 13 15 19:28:2 1 9 3 7 6
4 7 14:22:4 8 10
4 7 14 15 19:30:4 8 5 7 6
1 3 5 13 15 19:30:3 1 10 3 7 6
2 6 13 15 19:27:2 9 3 7 6
1 5 14 15 19:31:3 10 5 7 6
2 6 13 17:18:4 9 3 2
4 7 14 15 19:30:4 8 5 7 6
2 6 13 15 19:27:2 9 3 7 6
1 5 14 15 19:36:3 10 10 7 6
4 7 14 15 19:30:4 8 5 7 6
2 6 13 15 17 19:39:2 9 6 14 2 6
1 3 5 13 15 19:39:6 1 10 3 7 12
1 6 14 16 19:27:3 9 5 4 6
1 5 12 14 15 19:46:6 10 1 10 7 12
1 7 14:16:3 8 5
3 14:6:1 5
10 13:6:3 3
3 10 11 12 16 18:19:1 3 1 1 4 9
4 5 14:33:8 20 5
4 7 14 15 19:30:4 8 5 7 6
1 5 14 15 19:31:3 10 5 7 6
4 7 14:22:4 8 10
1 5 14 15 19:31:3 10 5 7 6
4 7 14 15 19:30:4 8 5 7 6
1 3 6 14 16 19:28:3 1 9 5 4 6
4 7 14 15 19:30:4 8 5 7 6
3 6 12 14 16 17 18:45:2 18 1 5 8 2 9
4 5 14:19:4 10 5
1 2 6 12 16 19:31:3 2 9 1 4 12
1 5 14 15 19:41:3 20 5 7 6
1 5 14 15 19:31:3 10 5 7 6
4 7 14 15 19:30:4 8 5 7 6
2 6 13 15 19:27:2 9 3 7 6
11 13 14 15 18:32:1 3 5 14 9
2 6 13 15 19:27:2 9 3 7 6
2 6 13 19:20:2 9 3 6
1 5 14 16:35:6 20 5 4
1 5 13 15 19:29:3 10 3 7 6
1 2 3 8 9 11 14:24:3 2 1 6 5 2 5
1 5 14:24:9 10 5
4 7 14 15 19:30:4 8 5 7 6
1 2 13 18:17:3 2 3 9
14 16:13:5 8
1 5 14 15 19:31:3 10 5 7 6
2 3 9 11 13 16 17:25:4 1 10 1 3 4 2
4 5 14 15 19:36:8 10 5 7 6
1 3 5 13 15 19:30:3 1 10 3 7 6
1 5 13 15 19:29:3 10 3 7 6
2 6 13 15 19:27:2 9 3 7 6
3 8 11 13 18:29:1 6 1 3 18
1 5 14 15 19:31:3 10 5 7 6
4 5 14:19:4 10 5
7 8 16 19:34:8 12 8 6
2 6 13 15 19:27:2 9 3 7 6
6 8 15 19 20:31:9 6 7 6 3
6 16 20:16:9 4 3
1 2 7 14 16 19:39:6 2 16 5 4 6
3 4 7 14 15 19:31:1 4 8 5 7 6
4 5 14 16:37:8 20 5 4
4 5 7 14:31:8 10 8 5
1 6 14 16 19:27:3 9 5 4 6
1 4 6 8 12 19 20:41:3 4 9 6 1 12 6
2 6 13 15 19:27:2 9 3 7 6
4 7 14:17:4 8 5
1 5 14 15 19:31:3 10 5 7 6
6 10 16 19:22:9 3 4 6
3 4 7 14 15 19:31:1 4 8 5 7 6
2 8 20:11:2 6 3
1 6 14:25:6 9 10
2 3 6 13 15 19:28:2 1 9 3 7 6
1 5 6 14:40:6 20 9 5
1 5 14:31:6 20 5
1 6 14 16 19:27:3 9 5 4 6
4 5 14 15 19:32:4 10 5 7 6
1 3 5 13 15 19:30:3 1 10 3 7 6
4 5 14:19:4 10 5
2 8 14 15 19:44:2 6 10 14 12
3 12 16 18:15:1 1 4 9
1 5 14 15 19:34:6 10 5 7 6
1 5 14 15 19:41:3 20 5 7 6
4 7 14 15 19:30:4 8 5 7 6
4 5 14:23:8 10 5
1 5 13 15 19:29:3 10 3 7 6
1 5 13 15 19:29:3 10 3 7 6
4 14 15 19:22:4 5 7 6
2 6 13 15 19:27:2 9 3 7 6
2 6 13 15 19:27:2 9 3 7 6
1 3 5 13 15 19:30:3 1 10 3 7 6
1 6 14 16 19:27:3 9 5 4 6
2 6 13 15:23:4 9 3 7
1 11 15 17 19:19:3 1 7 2 6
3 4 5 10 19 20:27:1 4 10 3 6 3
1 5 14:21:6 10 5
4 7 14 15 19:30:4 8 5 7 6
1 5 14:31:6 20 5
4 5 14:33:8 20 5
1 6 14 16 19:27:3 9 5 4 6
3 11 12 13 18:27:1 1 1 6 18
2 7 9 13:23:2 8 10 3
4 11 15 17 18 20:26:4 1 7 2 9 3
4 7 14 15 19:30:4 8 5 7 6
4 8 11 14 19:22:4 6 1 5 6
9 18:14:5 9
1 5 14 15 19:34:6 10 5 7 6
1 7 14:24:3 16 5
8 11 14 15 16:27:6 1 5 7 8
1 5 14 15 18 19:43:6 10 5 7 9 6
4 5 14 15 19:36:8 10 5 7 6
3 4 7 14 15 19:31:1 4 8 5 7 6
4 5 8 15:27:4 10 6 7
1 5 14 15 19:31:3 10 5 7 6
3 11 17:4:1 1 2
4 7 12 14:22:8 8 1 5
4 7 14 15 19:30:4 8 5 7 6
2 14:7:2 5
9 13:8:5 3
4 7 14 15 19:30:4 8 5 7 6
2 4:8:4 4
1 6 14 16 18 19:36:3 9 5 4 9 6
4 5 14:33:8 20 5
2 6 13 15 19:27:2 9 3 7 6
3 14 15 16 17 19:27:1 5 7 4 4 6
1 6 14 16 19:27:3 9 5 4 6
1 2 4 8 14 17 20:33:3 2 4 6 10 2 6
4 7 14 15 19:30:4 8 5 7 6
4 10 12 13 16 17 19:23:4 3 1 3 4 2 6
2 6 13 15 19:27:2 9 3 7 6
10 13 18:15:3 3 9
3 5 9 13 16 20:32:1 10 5 6 4 6
1 5 13 15 19:29:3 10 3 7 6
1 5 14 15 19:31:3 10 5 7 6
3 4 7 14 15 19:31:1 4 8 5 7 6
8 12 14:12:6 1 5
2 6 13:23:2 18 3
2 6 13 15 19:27:2 9 3 7 6
2 3 6 13 15 19:28:2 1 9 3 7 6
1 5 13 15 19:29:3 10 3 7 6
1 5 13 15 19:29:3 10 3 7 6
2 5 17:14:2 10 2
1 5 14 15 19:31:3 10 5 7 6
1 6 9 10 17:27:6 9 5 3 4
1 5 14 15 19:31:3 10 5 7 6
1 3 5 13 15 19:30:3 1 10 3 7 6
2 3 6 13 15 19:28:2 1 9 3 7 6
4 7 14 15 19:30:4 8 5 7 6
1 3 5 14 15 19:32:3 1 10 5 7 6
2 6 13:14:2 9 3
1 3 6 14 16 19:28:3 1 9 5 4 6
2 5 13 19:21:2 10 3 6
6 8 16:19:9 6 4
1 3 6 14 16 19:28:3 1 9 5 4 6
8 14:11:6 5
2 6 13 15 19:27:2 9 3 7 6
1 5 14 15 19:31:3 10 5 7 6
2 18:11:2 9
2 4 5 14 15 19:38:2 8 10 5 7 6
1 5 14 15 19:31:3 10 5 7 6
2 6 13:14:2 9 3
2 3 6 13 15 19:28:2 1 9 3 7 6
1 5 13 15 19:29:3 10 3 7 6
2 8 14 15 17 19:28:2 6 5 7 2 6
3 4 7 14 15 19:31:1 4 8 5 7 6
1 6 14 19:23:3 9 5 6
9 15 16 17 19:26:5 7 4 4 6
4 7 14 15 19:30:4 8 5 7 6
1 3 5 14 15 19:32:3 1 10 5 7 6
2 3 4 6 9 10 20:32:2 2 8 9 5 3 3
1 5 6 13 15 19:38:3 10 9 3 7 6
2 6 13 15 19:27:2 9 3 7 6
2 6 13 15 19:27:2 9 3 7 6
1 5 14:26:6 10 10
6 10 19:18:9 3 6
2 6 13:27:6 18 3
2 6 13 15 19:27:2 9 3 7 6
4 5 14:24:4 10 10
1 3 6 14 16 19:28:3 1 9 5 4 6
4 7 14 15 19:30:4 8 5 7 6
1 5 14 15 19:31:3 10 5 7 6
1 2 4 9 15 17:23:3 2 4 5 7 2
4 15 17 18 19:30:4 7 4 9 6
1 6 14 16 19:27:3 9 5 4 6
7 17:10:8 2
1 5 13 15 19:29:3 10 3 7 6
6 13 15 19:25:9 3 7 6
1 5 14 15 19:31:3 10 5 7 6
1 8 14 19:20:3 6 5 6
1 3 7 14:17:3 1 8 5
4 7 14 15 19:30:4 8 5 7 6
1 6 14 19:23:3 9 5 6
4 7 14 15 19:30:4 8 5 7 6
6 10 11 12 17 18 20:41:18 3 1 2 2 9 6
7 9 11 17 19:22:8 5 1 2 6
6 17:13:9 4
1 5 13 15 19:29:3 10 3 7 6
4 5 14 15 19:42:8 10 5 7 12
1 5 14:18:3 10 5
1 8 14:14:3 6 5
1 8 14:14:3 6 5
4 5 14:33:8 20 5
2 6 13 15 19:27:2 9 3 7 6
1 3 6 14 16 19:28:3 1 9 5 4 6
1 5 13 15 19:29:3 10 3 7 6
4 7 14 15 19:30:4 8 5 7 6
1 5 13 15 19:29:3 10 3 7 6
1 5 13 15 19:29:3 10 3 7 6
4 6:13:4 9
2 6 13:27:6 18 3
2 3:4:2 2
1 6 10 18:24:3 9 3 9
5 7 9 10 11 14 19:53:20 8 5 3 1 10 6
1 3 5 10 18:39:6 1 20 3 9
1 6 14:34:6 18 10
1 3 6 14 16 19:28:3 1 9 5 4 6
2 3 6 13 15 19:28:2 1 9 3 7 6
1 6 7 10 11 19 20:34:3 9 8 3 2 6 3
2 3 5 6 13 16 18:38:2 1 10 9 3 4 9
3 4 7 14 15 19:31:1 4 8 5 7 6
4 5 14 15 19:36:8 10 5 7 6
1 6 14 16 19:27:3 9 5 4 6
8 9 10 20:17:6 5 3 3
1 6 14 16 19:27:3 9 5 4 6
1 3 5 13 15 19:30:3 1 10 3 7 6
1 5 14 15 19:31:3 10 5 7 6
3 7 8 11 15 18 19 20:54:1 8 12 2 7 9 12 3
4 7 14 19:23:4 8 5 6
3 4 7 10 18:34:1 4 8 3 18
4 5 14 15 19:32:4 10 5 7 6
1 5 13 19:22:3 10 3 6
13 14:11:6 5
7 8 16:24:8 12 4
1 4 7 10 13 17 18 20:35:3 4 8 3 3 2 9 3
1 5 14 15 19:31:3 10 5 7 6
1 5 14 15:25:3 10 5 7
3 7 17:11:1 8 2
4 7 14 15 19:30:4 8 5 7 6
1 5 13 15 19:29:3 10 3 7 6
1 5 13 15 19:29:3 10 3 7 6
1 3 5 13 15 19:30:3 1 10 3 7 6
2 6 13 15 19:27:2 9 3 7 6
2 6 13 15 19:27:2 9 3 7 6
2 3 15 17:12:2 1 7 2
1 3 8 11 15 16 20:25:3 1 6 1 7 4 3
1 6 14 16 19:27:3 9 5 4 6
1 6 7 14 16 19:46:3 9 8 10 4 12
4 5 7 12 15 18 19:59:4 10 16 1 7 9 12
1 4 7 10 11 20:29:6 8 8 3 1 3
1 5 14 15 19:31:3 10 5 7 6
1 5 13 15 19:29:3 10 3 7 6
1 3 6 14 16 19:28:3 1 9 5 4 6
16 17:10:8 2
1 5 14 15 18 19:43:6 10 5 7 9 6
4 7 13 14 16 18 20:49:8 8 3 10 8 9 3
2 8 14 15 19:44:2 12 10 14 6
2 5 7 20:26:2 10 8 6
2 5 13:15:2 10 3
1 2 4 13 19 20:25:3 2 8 3 6 3
1 5 13 15 19:29:3 10 3 7 6
4 7 14 15 19:30:4 8 5 7 6
1 5 14:18:3 10 5
1 6 14 16 19:27:3 9 5 4 6
1 6 14 16 19:30:6 9 5 4 6
1 5 14 20:27:9 10 5 3
5 10 20:16:10 3 3
2 3 6 13 15 19:28:2 1 9 3 7 6
1 5 14:26:6 10 10
1 5 14:28:3 20 5
1 6 14 16 19:27:3 9 5 4 6
1 6 14 16 19:27:3 9 5 4 6
1 5 13 15 19:29:3 10 3 7 6
1 5 14:26:6 10 10
1 5 14:31:6 20 5
2 6 13 15 19:27:2 9 3 7 6
1 5 6 14 16 19:50:6 10 9 5 8 12
1 8 14:14:3 6 5
1 5 14 15:28:6 10 5 7
1 4 9 17 19 20:26:6 4 5 2 6 3
2 3 5 9 15 19:41:2 1 20 5 7 6
3 7:9:1 8
2 5 13:17:4 10 3
4 5 14:33:8 20 5
4 7 14 18:31:4 8 10 9
2 6 13 15 19:27:2 9 3 7 6
1 4 9 10 19:33:6 8 10 3 6
1 5 14 15 19:37:9 10 5 7 6
1 5 13 15 19:29:3 10 3 7 6
3 7 12 13 18 19 20:34:1 8 1 3 9 6 6
1 5 12 13 15 19:39:6 10 1 3 7 12
2 3 6 14 15 17:40:2 1 18 10 7 2
2 5 7:30:2 20 8
2 5 13:15:2 10 3
1 5 14:23:3 10 10
1 5 14 15 19:31:3 10 5 7 6
1 5 13 15 19:29:3 10 3 7 6
11 13 18:13:1 3 9
1 8 14:14:3 6 5
3 4 7 14 15 19:31:1 4 8 5 7 6
2 6 13 15 19:36:2 9 6 7 12
1 5 14 15 19:31:3 10 5 7 6
4 7 14 15 19:30:4 8 5 7 6
2 6 13 15 19:27:2 9 3 7 6
1 7 14 16 18 19:38:6 8 5 4 9 6
1 2 5 14 15 19:39:9 2 10 5 7 6
4 7 14 15 19:30:4 8 5 7 6
8 18 20:24:12 9 3
2 6 13 15 19:27:2 9 3 7 6
1 8 13 16:20:3 6 3 8
2 3 6 13 15 19:28:2 1 9 3 7 6
2 4 5 14:35:2 8 20 5
2 6 13 15 19:27:2 9 3 7 6
2 3 17 19:11:2 1 2 6
15 16 19:17:7 4 6
2 6 13 15 19:27:2 9 3 7 6
1 15:13:6 7
4 5 6 9 10 12 19:49:4 20 9 5 3 2 6
1 7 14 16 19:26:3 8 5 4 6
2 3 6 13 15 19:28:2 1 9 3 7 6
1 3 5 13 15 19:30:3 1 10 3 7 6
7 13 18:20:8 3 9
4 7 14 15 19:30:4 8 5 7 6
1 5 6 7 17 19 20:47:3 10 9 8 2 12 3
4 7 14:17:4 8 5
3 5 12 14 15 16 18:50:1 10 1 5 7 8 18
1 3 6 14 16 19:28:3 1 9 5 4 6
3 4 7 14 15 19:31:1 4 8 5 7 6
1 6 14 16 19:27:3 9 5 4 6
2 6 13 15 19:27:2 9 3 7 6
1 5 13 15 19:29:3 10 3 7 6
1 3 6 14 16 19:28:3 1 9 5 4 6
1 16 17 20:12:3 4 2 3
1 5 14 15 19:31:3 10 5 7 6
4 5 14:33:8 20 5
1 5 14 15 19:31:3 10 5 7 6
4 7 14 15 19:30:4 8 5 7 6
2 3 4 6 8 9 13 20:48:2 1 8 9 12 10 3 3
1 6 14 16 19:27:3 9 5 4 6
1 3 5 14 15 19:32:3 1 10 5 7 6
1 5 13 15 19:29:3 10 3 7 6
1 5 14 15 19:39:6 10 10 7 6
1 6 14 16 19:27:3 9 5 4 6
5 17:12:10 2
4 7 8 14 16 18 20:47:4 16 6 5 4 9 3
1 8 14 18:23:3 6 5 9
1 5 14:36:6 20 10
3 6 11 14 16 17 20:37:1 18 1 5 4 2 6
1 6 14 16 19:27:3 9 5 4 6
1 7 14 15:23:3 8 5 7
1 5 14 15 19:47:6 10 5 14 12
1 7 14:21:3 8 10
4 7 14 15 19:30:4 8 5 7 6
4 7 14 15 19:30:4 8 5 7 6
1 5 13 15 19:29:3 10 3 7 6
4 5 7:22:4 10 8
1 5 14 15 19:31:3 10 5 7 6
4 7 14 15 19:30:4 8 5 7 6
4 5 14 15 19:32:4 10 5 7 6
2 4 12:9:4 4 1
3 4 7 11:14:1 4 8 1
3 5 16 19:22:2 10 4 6
4 7 11 14 18 19 20:36:4 8 1 5 9 6 3
4 7 14:17:4 8 5
2 3 9 13 14 19:27:2 1 5 3 10 6
2 6 13:18:6 9 3
4 5 14 15 19:38:4 10 5 7 12
1 3 5 13 15 19:30:3 1 10 3 7 6
1 6 14 16 19:27:3 9 5 4 6
4 5 14 15 19 20:52:8 10 5 14 12 3
1 5 14 15 19:31:3 10 5 7 6
2 3 4 5 9 18 20:36:4 1 4 10 5 9 3
6 13 15 19:25:9 3 7 6
1 6 14 16 19:27:3 9 5 4 6
1 3 5 14 15 19:32:3 1 10 5 7 6
4 7 14 15 19:30:4 8 5 7 6
1 5 13 15 19:29:3 10 3 7 6
5 10 19:19:10 3 6
3 4 7 8 12 14 18 20:37:1 4 8 6 1 5 9 3
2 3 6 13 15 19:28:2 1 9 3 7 6
5 8 9 11 17 20:33:10 12 5 1 2 3
4 7 14 15 19:30:4 8 5 7 6
2 3 6 13 15 19:28:2 1 9 3 7 6
4 6 7 13 19:38:4 9 16 3 6
2 14 16:15:2 5 8
4 7 14 15 19:30:4 8 5 7 6
1 5 14 15 19:31:3 10 5 7 6
2 4 5 9 11 18 20:37:2 4 10 5 1 9 6
1 5 14:21:6 10 5
2 6 13 15 19:27:2 9 3 7 6
1 3 5 14 15 19:32:3 1 10 5 7 6
4 5 14 15 19:32:4 10 5 7 6
