2 6 13 15 19 21:28:2 9 3 7 6 1
1 5 13 15 19:29:3 10 3 7 6
1 5 14:31:6 20 5
1 8 14 18 19 21 24 25:52:3 12 5 9 12 1 5 5
1 6 14 16 19:27:3 9 5 4 6
3 4 14 16 19 21:21:1 4 5 4 6 1
2 8 13 25:16:2 6 3 5
1 6 14 16 19 21:28:3 9 5 4 6 1
1 5 14 24:29:9 10 5 5
4 6 7 14 16 25:35:4 9 8 5 4 5
3 4 10 11 12 14 21 24:21:1 4 3 1 1 5 1 5
1 6 14 16 19:27:3 9 5 4 6
2 6 16:24:2 18 4
2 9 14 16 19 22:26:2 5 5 4 6 4
4 5 14 18 19 25:39:4 10 5 9 6 5
1 7 14 16 19 22:30:3 8 5 4 6 4
19 22:10:6 4
2 9 14 16 19 22:26:2 5 5 4 6 4
1 5 13 15 19 23:31:3 10 3 7 6 2
4 5 14 18 19 25:39:4 10 5 9 6 5
2 6 13 15 19:27:2 9 3 7 6
1 5 14 15 19 21:32:3 10 5 7 6 1
1 5 13 15 19 21:30:3 10 3 7 6 1
2 6 13 15 19:36:2 18 3 7 6
4 5 14 21:20:4 10 5 1
1 2 6 22 24:23:3 2 9 4 5
20 25:8:3 5
2 9 14 16 19 21 22:27:2 5 5 4 6 1 4
4 5 14 15 19:36:8 10 5 7 6
1 3 6 14 16 19:28:3 1 9 5 4 6
2 6 13 15 19:27:2 9 3 7 6
1 5 14 15 19 21:32:3 10 5 7 6 1
4 7 14 15 19:30:4 8 5 7 6
10 13 20:12:3 3 6
1 6 13 15 19 24 25:43:3 9 3 7 6 10 5
2 9 14 16 19 22:26:2 5 5 4 6 4
2 6 13 15 19:27:2 9 3 7 6
4 5 14 18 19 25:39:4 10 5 9 6 5
2 6 13 15 19:27:2 9 3 7 6
2 6 13 15 19:27:2 9 3 7 6
2 5 12 18 19 20 23:36:2 10 1 9 6 6 2
7 11 19:15:8 1 6
2 3 5 8 9 11 12 22:31:2 2 10 6 5 1 1 4
4 5 14:29:4 20 5
3 4 5 14 18 19 25:40:1 4 10 5 9 6 5
1 4 8 10 12 13 16 20:33:6 4 6 3 1 3 4 6
3 4 10 11 16 23:22:2 4 3 1 8 4
2 8 14 15 19:26:2 6 5 7 6
4 6 14 18 24:37:4 9 10 9 5
7 16 17:16:8 4 4
1 5 14 18 24 25:40:6 10 5 9 5 5
3 4 7 14 15 19:31:1 4 8 5 7 6
2 9 14 16 19 22:26:2 5 5 4 6 4
1 3 13 16 18 23 24:27:3 1 3 4 9 2 5
4 5 14 18 19 25:39:4 10 5 9 6 5
4 7 14 19:23:4 8 5 6
1 5 13 15 19:29:3 10 3 7 6
1 6 12 21 22:19:3 9 2 1 4
1 5 13 15 19 23:31:3 10 3 7 6 2
1 5 13 15 19 21:30:3 10 3 7 6 1
1 6 14 16 19 21:28:3 9 5 4 6 1
2 3 8 14 15 19:36:4 1 6 5 14 6
2 6 8 14 18 24 25:46:2 9 6 10 9 5 5
1 5 14 17 25:28:6 10 5 2 5
1 6 14 16 19:27:3 9 5 4 6
1 7 14 16 19 22:30:3 8 5 4 6 4
1 7 14 16 19 22:30:3 8 5 4 6 4
1 7 14 16 19:26:3 8 5 4 6
1 6 14 16 19:27:3 9 5 4 6
4 7 14:29:8 16 5
2 6 13 15 19:27:2 9 3 7 6
4 13 16:11:4 3 4
6 8 10 13 18 19 23:47:9 6 3 6 9 12 2
1 7 14 16 19 22:30:3 8 5 4 6 4
1 6 14 16 19 21:28:3 9 5 4 6 1
1 3 8 16 18 19:47:6 1 12 4 18 6
4 5 12 19 21:32:4 20 1 6 1
4 7 14 15 19 22 25:54:8 8 10 7 12 4 5
2 9 14 16 19 21 22:27:2 5 5 4 6 1 4
1 5 14:24:9 10 5
1 5 13 15 19 23:31:3 10 3 7 6 2
1 5 13 15 19:29:3 10 3 7 6
2 9 14 16 19 22:26:2 5 5 4 6 4
1 6 14 16 19:27:3 9 5 4 6
1 6 14 15 16 24 25:38:3 9 5 7 4 5 5
1 3 7 14 16 19 22:31:3 1 8 5 4 6 4
4 5 14 18 19 25:39:4 10 5 9 6 5
1 7 14 16 19 21 22:31:3 8 5 4 6 1 4
18 21:19:18 1
2 5 14 16 19 23 25:49:2 20 5 4 6 2 10
4 5 14 18 19 21 25:40:4 10 5 9 6 1 5
1 3 4 5 9 12:24:3 1 4 10 5 1
6 21:10:9 1
2 6 13 15 19:27:2 9 3 7 6
2 3 4 13 15 16 17:23:2 1 4 3 7 4 2
1 7 8 11 14 17 19:37:3 8 12 1 5 2 6
1 5 14 15 19 21:32:3 10 5 7 6 1
1 5 14 15 19:31:3 10 5 7 6
1 6 14 16 19:27:3 9 5 4 6
4 5 14 18 19 25:39:4 10 5 9 6 5
2 3 6 8 10 18 21:34:2 1 9 6 6 9 1
1 7 14 16:20:3 8 5 4
2 3 9 14 16 19 22:27:2 1 5 5 4 6 4
15 20:10:7 3
3 14 17:8:1 5 2
4 7 13 14:20:4 8 3 5
1 5 13 15 19 21 23:32:3 10 3 7 6 1 2
2 9 14 16 19 21 22:27:2 5 5 4 6 1 4
1 5 13 15 19 23:31:3 10 3 7 6 2
1 5 13 15 19:29:3 10 3 7 6
1 7 14 16 19:34:3 16 5 4 6
4 6 14 18 24:32:4 9 5 9 5
1 8 11 12 14 18 22 23:36:3 6 1 1 10 9 4 2
14 18:19:10 9
1 5 14 15 19:40:6 10 5 7 12
5 14 18 23:26:10 5 9 2
4 5 12 14:20:4 10 1 5
1 7 14 16 19:34:3 16 5 4 6
1 8 14 18 19 24 25:47:6 6 10 9 6 5 5
2 9 14 16 19 22:26:2 5 5 4 6 4
1 5 14 15 19:31:3 10 5 7 6
1 5 13 15 19 21:30:3 10 3 7 6 1
2 6 13 20 25:27:2 9 3 3 10
1 5 14 25:41:6 20 5 10
2 6 13 15 19:27:2 9 3 7 6
6 15:16:9 7
1 5 14 15 18 19 23 25:59:3 10 5 14 9 6 2 10
1 4 5 14 18 19 25:42:3 4 10 5 9 6 5
1 5 14 25:46:6 20 10 10
1 6 13 14 21 24 25:44:3 9 6 10 1 5 10
2 9 14 16 19 22:26:2 5 5 4 6 4
4 5 14 18 19 25:39:4 10 5 9 6 5
2 6 13 15 19:27:2 9 3 7 6
1 7 14 16 19 22:30:3 8 5 4 6 4
1 5 13 15 19 21:30:3 10 3 7 6 1
4 7 14 15 19 22 25:44:4 8 10 7 6 4 5
1 6 14 15 16 24 25:48:3 9 10 7 4 5 10
1 5 13 15 19 23:31:3 10 3 7 6 2
1 6 14 16 19:27:3 9 5 4 6
1 3 4 15 24:20:3 1 4 7 5
1 5 13 15 19:29:3 10 3 7 6
4 5 14 18 19 25:39:4 10 5 9 6 5
2 9 14 16 19 22:26:2 5 5 4 6 4
1 5 10 15 16 18 19:49:3 10 6 7 8 9 6
7 12:10:8 2
1 3 5 13 15 19 23:32:3 1 10 3 7 6 2
2 13 14:10:2 3 5
7 11 16 23:15:8 1 4 2
4 5 14 18 25:33:4 10 5 9 5
4 7 14 15 19 21:31:4 8 5 7 6 1
4 5 7 14 25:32:4 10 8 5 5
4 5 14 15 19:36:8 10 5 7 6
1 3 6 8 12 14 18 22:38:3 1 9 6 1 5 9 4
2 12 15 16 20:24:2 1 7 8 6
1 6 14 16 19 21:28:3 9 5 4 6 1
4 5 14 18 19 21 25:40:4 10 5 9 6 1 5
2 6 13 15 19:27:2 9 3 7 6
1 5 14 25:31:6 10 10 5
2 9 14 16 19 21 22:27:2 5 5 4 6 1 4
4 5 14 18 19 25:54:4 10 5 18 12 5
4 5 14 18 19 25:39:4 10 5 9 6 5
4 7 14 15 19:30:4 8 5 7 6
1 5 14 15 19:31:3 10 5 7 6
8 17 23 24:21:12 2 2 5
5 13 15 19 23:28:10 3 7 6 2
5 6 13 14 24 25:42:10 9 3 5 10 5
1 6 14 16 19:27:3 9 5 4 6
4 5 14 15 19:43:8 10 5 14 6
1 5 13 15 19:29:3 10 3 7 6
1 5 14 15 19:31:3 10 5 7 6
5 7 11 14 16 23:30:10 8 1 5 4 2
4 5 14 18 19 25:49:4 20 5 9 6 5
1 5 13 15 19 23:31:3 10 3 7 6 2
1 7 14 16 19 22:30:3 8 5 4 6 4
1 5 13 15 19 23:31:3 10 3 7 6 2
8 10 11 15 16 24:27:6 3 2 7 4 5
4 7:16:8 8
1 5 13 15 19:29:3 10 3 7 6
2 9 14 16 19 22:26:2 5 5 4 6 4
1 5 14:31:6 20 5
1 3 5 13 15 19:30:3 1 10 3 7 6
1 6 14 25:27:3 9 10 5
1 6 14 25:30:6 9 5 10
4 9 12 13 14 18:28:4 5 2 3 5 9
4 7 14 15 19:30:4 8 5 7 6
1 5 13 15 19:29:3 10 3 7 6
4 5 6 8 10 15 19 25:69:4 20 9 6 6 7 12 5
1 11:4:3 1
3 4 5 14 18 19 25:40:1 4 10 5 9 6 5
6 16 23:19:9 8 2
1 7 14 16 19 22:30:3 8 5 4 6 4
1 11 13:7:3 1 3
1 3 5 13 15 19:30:3 1 10 3 7 6
2 9 14 16 19 22:26:2 5 5 4 6 4
10 11 17 20 22 24:18:3 1 2 3 4 5
4 11 21:11:8 1 2
4 5 14 18 19 25:39:4 10 5 9 6 5
1 5 14 25:29:9 10 5 5
2 9 14 16 19 22:26:2 5 5 4 6 4
4 7 14 15 19 21:31:4 8 5 7 6 1
2 6 13 15 19:27:2 9 3 7 6
1 3 7 16 21 23:21:3 1 8 4 1 4
6 18:27:9 18
4 7 14 15 19:30:4 8 5 7 6
1 8 11 25:20:3 6 1 10
1 3 6 14 16 19:28:3 1 9 5 4 6
13 24:8:3 5
2 9 14 16 19 22:26:2 5 5 4 6 4
1 5 14 15 19:31:3 10 5 7 6
1 5 13 15 19:29:3 10 3 7 6
6 13 20:15:9 3 3
1 5 14 15 19:31:3 10 5 7 6
10 18:12:3 9
3 5 11 21 24:18:1 10 1 1 5
7 12 18 24:24:8 2 9 5
4 7 14 15 19:30:4 8 5 7 6
2 6 14 18 24 25:37:4 9 5 9 5 5
1 5 14 15 19:31:3 10 5 7 6
1 7 14 16 19 22:30:3 8 5 4 6 4
2 6 13 15 19:27:2 9 3 7 6
2 6 13 25:19:2 9 3 5
4 7 14 15 19:30:4 8 5 7 6
5 10 14 18:27:10 3 5 9
4 7 14 15 19:30:4 8 5 7 6
1 5 14 15 19:31:3 10 5 7 6
10 18 20 22:19:3 9 3 4
7 14 15 19:26:8 5 7 6
3 5 6 15 18 23:47:1 10 9 7 18 2
1 3 5 14 15 19:32:3 1 10 5 7 6
2 6 13 15 19:27:2 9 3 7 6
8 9 10 15 18 20 22:37:6 5 3 7 9 3 4
4 5 14 15 19:32:4 10 5 7 6
1 5 8 14 15 19:43:3 10 6 5 7 12
6 7 13 17 21 24:33:9 8 6 4 1 5
2 9 14 16 19 21 22:27:2 5 5 4 6 1 4
2 6 13 15 19:27:2 9 3 7 6
2 9 14 16 19 22:26:2 5 5 4 6 4
2 8 14 15 19:31:2 6 10 7 6
2 6 9 20 21 22 25:33:2 9 5 3 1 8 5
1 5 13 15 19:29:3 10 3 7 6
1 5 14 15 19:31:3 10 5 7 6
5 9 10 11 12 17 23 25:34:10 10 3 1 1 2 2 5
1 6 13 14 15 19 24 25:46:3 9 6 5 7 6 5 5
2 9 14 16 19 21 22:27:2 5 5 4 6 1 4
4 5 8 14:39:8 20 6 5
4 5 14 18 19 25:39:4 10 5 9 6 5
4 7 14 15 19:30:4 8 5 7 6
2 6 9 10 11 12 17 22:27:2 9 5 3 1 1 2 4
1 5 14 15 19:31:3 10 5 7 6
4 7 14 15 19 22 25:39:4 8 5 7 6 4 5
2 9 14 16 19:22:2 5 5 4 6
1 5 13 15 19 23:31:3 10 3 7 6 2
1 7 14 16 19 22:30:3 8 5 4 6 4
4 5 14 18 19 25:39:4 10 5 9 6 5
1 4 7 14:25:3 4 8 10
1 5 14 15 19:31:3 10 5 7 6
1 3 5 14 15 19:32:3 1 10 5 7 6
1 17 22 24 25:24:3 2 4 5 10
2 3 7 9 11 12 17:20:2 1 8 5 1 1 2
2 9 14 16 19 22:26:2 5 5 4 6 4
1 5 14 15 19 21:32:3 10 5 7 6 1
1 3 6 14 16 19:28:3 1 9 5 4 6
1 7 14 20:24:3 8 10 3
2 9 14 16 19:22:2 5 5 4 6
3 9 10 13 14 16 24:26:1 5 3 3 5 4 5
1 6 14 16 19:27:3 9 5 4 6
1 6 14 25:22:3 9 5 5
2 9 14 16 19 22:26:2 5 5 4 6 4
3 5 9 13 15 17:28:1 10 5 3 7 2
1 6 12 13 15 19 24 25:39:3 9 1 3 7 6 5 5
2 6 13:14:2 9 3
1 7 14 16 19 22:30:3 8 5 4 6 4
1 5 14 15 19:31:3 10 5 7 6
2 8 13 25:16:2 6 3 5
1 5 13 15 19 23:31:3 10 3 7 6 2
1 6 14 16 19:27:3 9 5 4 6
4 7 14 15 19:34:8 8 5 7 6
7 8 9:24:8 6 10
4 7 14:17:4 8 5
8 12 17 22:14:6 2 2 4
2 9 14 16 19 22:26:2 5 5 4 6 4
3 4 7 14 15 19:31:1 4 8 5 7 6
2 6 13 15 19:27:2 9 3 7 6
2 9 14 16 19 22:26:2 5 5 4 6 4
6 22 23 24:29:18 4 2 5
3 17 18 19 21:20:2 2 9 6 1
1 7 14 16 19 23:32:3 8 5 8 6 2
2 8 14 15 19:26:2 6 5 7 6
6 8 10 15 24 25:35:9 6 3 7 5 5
3 10 16 20 23:16:1 6 4 3 2
1 2 5 14:33:6 2 20 5
4 5 14 18 19 25:44:4 10 5 9 6 10
1 5 14:31:6 20 5
7 10 12 20:21:8 6 1 6
2 14 24:12:2 5 5
4 5 14 18 19 25:39:4 10 5 9 6 5
3 8 15 20 22 24:26:1 6 7 3 4 5
9 12 20 23:13:5 1 3 4
2 9 14 16 19 22:26:2 5 5 4 6 4
2 6 13 15 19:27:2 9 3 7 6
1 8 14:17:6 6 5
2 9 14 16 19 21 22:27:2 5 5 4 6 1 4
5 10 12 17 19 23:25:10 3 2 2 6 2
1 7 14 16 19 22:30:3 8 5 4 6 4
4 7 14 15 19:30:4 8 5 7 6
2 14:7:2 5
1 5 13 15 23:25:3 10 3 7 2
2 8 14 15 19:26:2 6 5 7 6
2 9 14 16 19 22:26:2 5 5 4 6 4
4 5 14 18 19 21 25:40:4 10 5 9 6 1 5
5 12 22:25:20 1 4
2 6 13 15 19:27:2 9 3 7 6
3 4 13 17:10:1 4 3 2
1 3 6 14 16 19:28:3 1 9 5 4 6
1 5 13 15 19 23:31:3 10 3 7 6 2
1 5 14 15 19:31:3 10 5 7 6
1 2 9 14 16 19 22:29:3 2 5 5 4 6 4
1 5 13 15 19 23:31:3 10 3 7 6 2
2 9 10:10:2 5 3
4 5 14 18 19 25:39:4 10 5 9 6 5
1 5 13 15 19 23:31:3 10 3 7 6 2
2 7 9 13 16 18:31:2 8 5 3 4 9
4 7 14 15 19:30:4 8 5 7 6
1 5 13 15 19 23:31:3 10 3 7 6 2
1 10 16 18 19 23:29:3 3 4 9 6 4
4 5 14 23:25:8 10 5 2
3 4 7 14 15 19:31:1 4 8 5 7 6
4 5 11 14 18 20:32:4 10 1 5 9 3
5 8 9 12 18 21:42:20 6 5 1 9 1
1 5 13 15 19 23:31:3 10 3 7 6 2
1 7 14 16 19 22:30:3 8 5 4 6 4
3 4 5 14 18 19 25:40:1 4 10 5 9 6 5
2 13 20 23 24:15:2 3 3 2 5
4 5 12 14 15 19:42:8 10 1 10 7 6
1 12 14 16 19 25:24:3 1 5 4 6 5
1 3 7 14 16 19 22:31:3 1 8 5 4 6 4
1 5 14 15 19:31:3 10 5 7 6
1 7 14 16 19 22:36:3 8 5 4 12 4
2 3 6 8 9 11 16:28:2 1 9 6 5 1 4
8 11 15 16 22 23 25:40:6 1 14 8 4 2 5
2 9 14 16 19 21 22:27:2 5 5 4 6 1 4
1 13 15 19 23:21:3 3 7 6 2
7 22:12:8 4
4 7 11 19 21 23:32:8 8 1 12 1 2
1 5 13 15 19:29:3 10 3 7 6
4 7 14 15 19:30:4 8 5 7 6
1 6 14 16 19:27:3 9 5 4 6
2 9 14 16 19 22:26:2 5 5 4 6 4
1 3 5 13 15 19 23:32:3 1 10 3 7 6 2
1 9 14 25:21:6 5 5 5
4 11 12 25:16:4 1 1 10
1 3 7 14 16 19 22:31:3 1 8 5 4 6 4
1 7 14 16 19 22:30:3 8 5 4 6 4
2 6 14 18 24 25:35:2 9 5 9 5 5
10 15 17:17:6 7 4
2 5 14 16 19 23 25:36:2 10 5 4 6 4 5
1 6 14 16 19:27:3 9 5 4 6
2 4 6 13:20:4 4 9 3
1 5 14 15 19:31:3 10 5 7 6
5 7 9 12 14 15 18:45:10 8 5 1 5 7 9
1 8 14 15 19 24:38:3 6 5 7 12 5
11 13 15 19:17:1 3 7 6
3 4 5 14 18 19 25:40:1 4 10 5 9 6 5
4 7 10 11 19 24 25:43:4 16 6 1 6 5 5
2 6 13 15 19 21:28:2 9 3 7 6 1
1 6 13 15 19 24 25:38:3 9 3 7 6 5 5
9 10 14 16 19 22:27:5 3 5 4 6 4
1 6 14 16 19:27:3 9 5 4 6
1 5 13 15 19 24:44:3 20 3 7 6 5
4 7 14 15 19:30:4 8 5 7 6
2 5 16 18 23:27:2 10 4 9 2
1 5 13 15 19:29:3 10 3 7 6
1 7 14 16 19 22:30:3 8 5 4 6 4
4 5 14 18 19 25:39:4 10 5 9 6 5
2 9 14 16 19 22:26:2 5 5 4 6 4
10 11 21:7:3 2 2
2 9 14 16 19 22:26:2 5 5 4 6 4
3 5 18 22 24:29:1 10 9 4 5
1 10 15 17 18 21 23:30:3 3 7 4 9 2 2
1 5 13 15 19:29:3 10 3 7 6
1 5 6 13 15 19:38:3 10 9 3 7 6
4 5 14 15 18 19 25:53:4 10 5 14 9 6 5
1 5 13 15 19 23:31:3 10 3 7 6 2
1 5 13 15 19 23:31:3 10 3 7 6 2
1 6 14 16 19:27:3 9 5 4 6
5 14 16 18 19 21 23 24:53:20 5 4 9 6 2 2 5
1 5 13 15 19:29:3 10 3 7 6
4 5 14 18 19 21 25:40:4 10 5 9 6 1 5
1 5 13 15 19:29:3 10 3 7 6
2 5 19 25:23:2 10 6 5
2 8 14 15 19 21:32:2 6 10 7 6 1
1 5 15 19:26:3 10 7 6
4 7 14 15 19:30:4 8 5 7 6
4 7 14 15 16 19 22 25:53:4 8 10 7 4 6 4 10
1 6 14 16 19:27:3 9 5 4 6
1 3 5 13 15 19 23:32:3 1 10 3 7 6 2
1 3 5 13 15 19 23:32:3 1 10 3 7 6 2
1 5 14 15 19:31:3 10 5 7 6
1 6 14 16 19 21:28:3 9 5 4 6 1
1 5 12 14 15 19 23 25:47:6 10 1 5 7 6 2 10
4 7 14 15 19:30:4 8 5 7 6
1 5 14:24:9 10 5
4 5 6 14 15 19:45:8 10 9 5 7 6
4 5 14 15 19 25:51:8 20 5 7 6 5
1 6 14 16 19:27:3 9 5 4 6
2 6 13 15 19:27:2 9 3 7 6
1 7 14 16 19 22:30:3 8 5 4 6 4
1 5 13 15 19 23:31:3 10 3 7 6 2
1 5 13 15 19:29:3 10 3 7 6
1 5 14 15 19:31:3 10 5 7 6
2 9 14 16 19 22:26:2 5 5 4 6 4
1 5 13 15 19 23:31:3 10 3 7 6 2
4 7 14 15 19:30:4 8 5 7 6
3 19 21:8:1 6 1
11 16:9:1 8
1 5 14 25:26:6 10 5 5
4 5 12 14 25:30:4 10 1 5 10
15 21 22 25:22:7 1 4 10
3 17 20:6:1 2 3
1 5 13 15 19:29:3 10 3 7 6
2 5 14 16 19 23 25:40:2 10 5 4 12 2 5
1 3 5 13 15 19:30:3 1 10 3 7 6
2 6 13 15 19:27:2 9 3 7 6
1 6 14:25:6 9 10
3 6 14 21:16:1 9 5 1
1 5 14 15 19 23 25:40:3 10 5 7 6 4 5
2 6 13 15 19 21:28:2 9 3 7 6 1
1 5 14 15 19 21:32:3 10 5 7 6 1
2 5 6 14 16 19 23 25:59:2 20 9 5 4 12 2 5
1 5 13 15 19:29:3 10 3 7 6
1 6 13 14 15 19 24 25:43:3 9 3 5 7 6 5 5
1 5 14 18 24 25:50:6 10 5 9 10 10
1 6 14 16 19 24:32:3 9 5 4 6 5
4 5 14 18 19 25:39:4 10 5 9 6 5
1 7 14 16 19 22:30:3 8 5 4 6 4
3 4 7 14 15 19:31:1 4 8 5 7 6
4 7 14 15 19:30:4 8 5 7 6
4 5 14 18 19 21 25:40:4 10 5 9 6 1 5
1 10 11 14 16 17 18:29:3 3 1 5 4 4 9
9 12 24:12:5 2 5
1 4 5 13 18 21:33:3 4 10 6 9 1
2 3 6 13 15 19:28:2 1 9 3 7 6
2 9 14 16 19 22:26:2 5 5 4 6 4
1 6 7 14 18 19 25:51:3 9 8 5 9 12 5
17 25:7:2 5
1 6 14 19:23:3 9 5 6
5 14 15 16 22 24:44:10 5 7 4 8 10
8 9 19 20:20:6 5 6 3
2 6 13:14:2 9 3
1 6 12 14 15 24 25:52:6 18 1 10 7 5 5
1 7 14 16 19 22:30:3 8 5 4 6 4
4 5 14 19 25:30:4 10 5 6 5
1 5 14 25:26:6 10 5 5
2 5 6 13:28:6 10 9 3
1 5 13 15 19 23:31:3 10 3 7 6 2
1 5 13 15 19 23:31:3 10 3 7 6 2
1 5 14 15 19:31:3 10 5 7 6
1 5 14 15 19:31:3 10 5 7 6
7 23 24:15:8 2 5
7 11 13 19 20 21 23 24:38:8 1 6 12 3 1 2 5
4 5 14 18 19 25:39:4 10 5 9 6 5
9 11:6:5 1
1 6 14 16 19:27:3 9 5 4 6
1 5 14 15 19:31:3 10 5 7 6
2 6 13 15 19 21:28:2 9 3 7 6 1
1 3 7 14 16 19 22:31:3 1 8 5 4 6 4
2 6 13 15 19:27:2 9 3 7 6
1 5 14 15 19:31:3 10 5 7 6
2 3 9 14 16 19 22:27:2 1 5 5 4 6 4
11 14 15 17 21 23 24:26:2 5 7 2 1 4 5
2 8 14 15 19 25:31:2 6 5 7 6 5
1 7 14 16 19 22:30:3 8 5 4 6 4
1 5 13 15 19:29:3 10 3 7 6
2 9 16 19 22:21:2 5 4 6 4
2 9 14 16 19 21 22:27:2 5 5 4 6 1 4
7 10 19 25:22:8 3 6 5
4 18:13:4 9
1 5 13 15 19 21:30:3 10 3 7 6 1
4 7 14 15 19:30:4 8 5 7 6
1 6 14 16 19:27:3 9 5 4 6
1 8 14 18 19 24 25:39:3 6 5 9 6 5 5
4 5 14 18 19 25:45:4 10 5 9 12 5
6 10 11 13 21 23:19:9 3 1 3 1 2
7 12 16 19:19:8 1 4 6
1 5 13 15 19 23:31:3 10 3 7 6 2
3 4 7 14 15 19:31:1 4 8 5 7 6
2 9 14 16 19 22:26:2 5 5 4 6 4
1 6 14 16 19:27:3 9 5 4 6
4 5 14 18 19 25:39:4 10 5 9 6 5
2 5 9 13 15 19 25:46:4 10 5 3 7 12 5
2 6 13:18:6 9 3
2 6 13 15 19:27:2 9 3 7 6
1 5 13 15 19:29:3 10 3 7 6
1 5 13 15 19 23:31:3 10 3 7 6 2
1 7 14:16:3 8 5
1 6 14 16 19:27:3 9 5 4 6
1 5 13 15 19:29:3 10 3 7 6
1 5 14 25:26:6 10 5 5
1 6 14:25:6 9 10
1 5 14 25:31:6 10 10 5
1 3 5 13 15 19:30:3 1 10 3 7 6
3 4 7 14 15 19:31:1 4 8 5 7 6
1 2 6 11 17 23:36:6 4 18 2 2 4
2 3 15 21 24:16:2 1 7 1 5
2 5 9 14 16 19 23 25:50:2 10 5 5 4 12 2 10
1 5 13 15 19 23:31:3 10 3 7 6 2
1 7 13 16 19 20 22 25:36:3 8 3 4 6 3 4 5
1 7 14 16 19 22:30:3 8 5 4 6 4
1 6 14 16 19:27:3 9 5 4 6
1 5 14 25:26:6 10 5 5
1 5 13 19 23:24:3 10 3 6 2
4 7 14 15 19:30:4 8 5 7 6
1 5 13 15 19 21:30:3 10 3 7 6 1
4 5 14 18 19 25:39:4 10 5 9 6 5
1 6 14 25:27:3 9 5 10
2 5 13:17:4 10 3
2 6 13 15 19:27:2 9 3 7 6
2 9 14 16 19 22:26:2 5 5 4 6 4
6 14 16 19:24:9 5 4 6
1 6 14 16 19:27:3 9 5 4 6
1 6 7 14 25:33:6 9 8 5 5
1 5 13 15 19:29:3 10 3 7 6
4 5 14 25:28:8 10 5 5
1 5 14 15 19 21:32:3 10 5 7 6 1
1 5 13 15 19 21 23:32:3 10 3 7 6 1 2
2 3 9 14 16 19 22:27:2 1 5 5 4 6 4
10 20:6:3 3
1 5 13 15 19:29:3 10 3 7 6
3 7 8 10 16 20:25:1 8 6 3 4 3
12 22 23:7:1 4 2
1 3 7 14 17 19 25:30:3 1 8 5 2 6 5
2 8 14 15 19:28:4 6 5 7 6
2 9 14 16 19 22:31:2 10 5 4 6 4
2 9 14 16 19 22:26:2 5 5 4 6 4
2 4 5 14 15 19 25:46:2 4 10 5 14 6 5
1 5 13 15 19 23:31:3 10 3 7 6 2
3 4 5 14 15 19:33:1 4 10 5 7 6
8 9 11 13 23:18:6 5 2 3 2
11 23:5:1 4
4 7 14 15 19:30:4 8 5 7 6
11 13 14 15 17:26:2 3 5 14 2
3 4 7 14 15 19:31:1 4 8 5 7 6
1 7 14 16 19 22:30:3 8 5 4 6 4
1 7 14 16 19:26:3 8 5 4 6
1 6 14 25:22:3 9 5 5
3 4 5 14 18 19 25:40:1 4 10 5 9 6 5
5 8 9 12 13:25:10 6 5 1 3
1 5 13 15 19:29:3 10 3 7 6
2 9 14 16 19 21 22:27:2 5 5 4 6 1 4
1 2 5 19:23:3 4 10 6
4 7 14 15 19 22 25:47:4 16 5 7 6 4 5
1 5 13 15 19 23:31:3 10 3 7 6 2
2 6 13 22:25:6 9 6 4
1 5 14:31:6 20 5
1 6 14 16 19:27:3 9 5 4 6
4 5 14 15 19 25:60:4 10 10 14 12 10
2 9 14 16 19 22:26:2 5 5 4 6 4
12 13:4:1 3
1 6 14 16 19 21:28:3 9 5 4 6 1
1 6 14:25:6 9 10
1 5 14 15 19:31:3 10 5 7 6
4 7 14 15 19 21:31:4 8 5 7 6 1
1 5 13 15 19:29:3 10 3 7 6
1 7 14 16 19 22:30:3 8 5 4 6 4
1 5 14 15 19:31:3 10 5 7 6
4 7 14 15 19 22 25:44:4 8 10 7 6 4 5
1 3 7 14 16 19 22:31:3 1 8 5 4 6 4
2 8 14 18 21 23:26:2 6 5 9 2 2
5 8 13 14 15 17 22 24:47:10 6 3 5 7 2 4 10
1 5 13 15 19 23:31:3 10 3 7 6 2
4 5 14 18 19 25:39:4 10 5 9 6 5
1 5 13 15 19:29:3 10 3 7 6
1 7 14 16 19 22:30:3 8 5 4 6 4
2 9 14 16 19 22:26:2 5 5 4 6 4
1 6 14 16 19 21:28:3 9 5 4 6 1
4 7 14 15 19:30:4 8 5 7 6
4 5 14 18 19 25:39:4 10 5 9 6 5
4 5 8 10 24:32:8 10 6 3 5
2 6 13 15 19:27:2 9 3 7 6
3 9 13 21 23 24 25:22:1 5 3 1 2 5 5
1 5 13 15 19 23:31:3 10 3 7 6 2
2 6 13 25:19:2 9 3 5
1 5 14 15 19 21:32:3 10 5 7 6 1
4 7 14 15 19:30:4 8 5 7 6
1 2 6 13 25:31:3 2 18 3 5
2 10 13 16 22:20:2 3 3 4 8
1 6 10 19 20 25:29:3 9 3 6 3 5
1 5 14 15 19:31:3 10 5 7 6
4 5 14 18 19 25:39:4 10 5 9 6 5
3 5 21:22:1 20 1
4 5 14 18 19 25:39:4 10 5 9 6 5
1 7 17 23 24:22:3 8 2 4 5
2 9 14 16 19 22:26:2 5 5 4 6 4
1 5 14 25:23:3 10 5 5
1 7 11 14 16 19 22:31:3 8 1 5 4 6 4
2 6 13 15 19 21:28:2 9 3 7 6 1
7 9 10 14 21 25:27:8 5 3 5 1 5
1 14 16 19 22:22:3 5 4 6 4
4 7 14 15 19:30:4 8 5 7 6
2 3 5 6 7 13:33:2 1 10 9 8 3
1 6 14 16 19:27:3 9 5 4 6
3 8 9 10 16 17 20 23:26:1 6 5 3 4 2 3 2
1 8 14:17:6 6 5
1 6 14 16 19:27:3 9 5 4 6
1 5 14 20:21:3 10 5 3
4 7 14 15 19:30:4 8 5 7 6
1 5 13 15 19:29:3 10 3 7 6
1 8 14 18 19 24 25:51:6 6 5 18 6 5 5
3 4 7 14 15 19:31:1 4 8 5 7 6
1 6 14 16 19:27:3 9 5 4 6
1 6 14 16 19:27:3 9 5 4 6
4 7 14 15 19 22 25:43:4 8 5 7 6 8 5
1 5 14 15 19:31:3 10 5 7 6
2 5 13 14 16 19 23 25:41:2 10 3 5 8 6 2 5
1 5 14 15 19:31:3 10 5 7 6
1 18 19 24:23:3 9 6 5
17 18 20 23 24 25:35:2 18 3 2 5 5
7 8 12 22:19:8 6 1 4
4 5 14 18 19 25:39:4 10 5 9 6 5
8 14:17:12 5
2 6 13 15 19:27:2 9 3 7 6
10 14 20 25:19:3 5 6 5
6 10 12 15 23:23:9 3 2 7 2
2 6 13 15 19:27:2 9 3 7 6
9 11 13 18 22:31:5 1 3 18 4
4 5 14 18 19 21 25:40:4 10 5 9 6 1 5
1 5 14 25:31:6 10 10 5
1 5 14 15 19:31:3 10 5 7 6
1 5 13 15 19 23:31:3 10 3 7 6 2
3 5 7 8 11 18 23:38:2 10 8 6 1 9 2
4 10 17 18:18:4 3 2 9
1 6 14 16 19:27:3 9 5 4 6
3 17 18 23 24:19:1 2 9 2 5
1 6 14 16 19:27:3 9 5 4 6
4 5 14 18 19 25:39:4 10 5 9 6 5
2 6 13 25:28:2 18 3 5
4 5 14 18 19 25:39:4 10 5 9 6 5
1 2 5 10 11 13 18 22:43:6 4 10 6 1 3 9 4
4 8 14 17 20 23:25:4 6 5 2 6 2
1 5 13 15 19:29:3 10 3 7 6
2 6 14 18 24 25:35:2 9 5 9 5 5
1 8 14 18 19 24 25:39:3 6 5 9 6 5 5
2 8 13 25:16:2 6 3 5
1 11 14 21 24:15:3 1 5 1 5
2 3 4 9 14 20:23:4 2 4 5 5 3
1 7 14 16 19:26:3 8 5 4 6
4 7 14 15 19:30:4 8 5 7 6
1 5 14 15 19:31:3 10 5 7 6
10 21:4:3 1
2 6 13 25:19:2 9 3 5
2 8 14 15 19:33:2 6 5 14 6
4 7 14 19:23:4 8 5 6
4 5 14 20 25:27:4 10 5 3 5
4 10 13 20 23 24:23:4 3 6 3 2 5
1 5 14 15 19:31:3 10 5 7 6
1 5 8 14:24:3 10 6 5
3 8:13:1 12
4 5 14 18 19 25:39:4 10 5 9 6 5
1 5 13 15 19 23:31:3 10 3 7 6 2
1 7 16 19 22:25:3 8 4 6 4
3 5 18 21 23 24:29:2 10 9 1 2 5
4 5 14 18 19 25:39:4 10 5 9 6 5
2 6 13 15 19 21:28:2 9 3 7 6 1
2 9 14 16 19 22:26:2 5 5 4 6 4
1 5 13 15 19 21:30:3 10 3 7 6 1
1 6 14 16 19:27:3 9 5 4 6
4 9 15 16 19 20 21:34:8 5 7 4 6 3 1
1 5 14 25:23:3 10 5 5
10 11 24:9:3 1 5
1 8 14 18 19 24 25:44:3 6 5 9 6 10 5
2 8 13 25:27:2 12 3 10
10 13 22:10:3 3 4
1 6 7 14 25:33:6 9 8 5 5
1 6 14 16 19:27:3 9 5 4 6
1 3 5 14:24:3 1 10 10
2 6 13 15 19:27:2 9 3 7 6
5 6 7 10 16 23 25:41:10 9 8 3 4 2 5
1 5 13 15 19:29:3 10 3 7 6
1 3 7 14 16 19 22:31:3 1 8 5 4 6 4
1 7 14 16 22:24:3 8 5 4 4
1 5 6 14 15 19:40:3 10 9 5 7 6
1 6 14 16 19:27:3 9 5 4 6
8 10 13:12:6 3 3
4 7 14 15 19:30:4 8 5 7 6
1 5 14 25:23:3 10 5 5
1 6 11 14 18 19 25:56:6 18 1 5 9 12 5
1 5 13 15 19 23:31:3 10 3 7 6 2
1 3 5 13 15 19:30:3 1 10 3 7 6
2 6 14 15 18 24:51:2 18 5 7 9 10
1 5 14:28:3 20 5
4 5 14 18 19 25:39:4 10 5 9 6 5
2 6 13 14 18 24 25:43:2 9 3 5 9 5 10
1 6 11 14 19 21 23:37:6 9 1 10 6 1 4
9 10 11 16 17 21 23 24:23:5 3 1 4 2 1 2 5
1 5 14:28:3 20 5
2 6 9 13 16 22:38:4 9 10 3 4 8
4 5 14 18 19 25:39:4 10 5 9 6 5
1 4 5 12 22:22:3 4 10 1 4
2 6 13 15 19:27:2 9 3 7 6
4 5 14:19:4 10 5
4 7 14 15 19 21:31:4 8 5 7 6 1
4 5 14 18 19 25:39:4 10 5 9 6 5
1 5 13 15 19 23:31:3 10 3 7 6 2
13 21 25:9:3 1 5
4 7 14 15 19:30:4 8 5 7 6
2 9 14 16 19 22:26:2 5 5 4 6 4
1 3 5 14 15 19:32:3 1 10 5 7 6
4 7 14 15 19 22 25:44:4 8 10 7 6 4 5
3 4 20 21 25:14:1 4 3 1 5
2 3 7 16 22:24:2 2 8 4 8
1 5 14 15 19:31:3 10 5 7 6
4 7 14 15 19:30:4 8 5 7 6
1 5 14 15 19:31:3 10 5 7 6
4 7 14 15 19:30:4 8 5 7 6
1 5 14 15:25:3 10 5 7
1 6 14 16 19 21:28:3 9 5 4 6 1
2 6 13 15 19:27:2 9 3 7 6
4 5 14 15 19 25:44:4 10 5 14 6 5
4 5 12 14 15 19:33:4 10 1 5 7 6
4 5 14 15 19:47:8 10 10 7 12
2 6 13 15 19:27:2 9 3 7 6
1 7 14 16 19 22:30:3 8 5 4 6 4
5 17 22 23:24:10 2 8 4
8 12 16:11:6 1 4
1 5 13 14:21:3 10 3 5
1 5 13 15 19 21 23:32:3 10 3 7 6 1 2
1 5 13 15 19 23:31:3 10 3 7 6 2
1 7 13 16 19 22 25:40:3 8 6 4 6 8 5
7 25:13:8 5
4 17 25:15:8 2 5
1 5 14 18 24 25:50:6 20 5 9 5 5
1 5 13 15 19 25:34:3 10 3 7 6 5
1 7 13 16 19 22 25:44:3 8 3 4 12 4 10
3 24:6:1 5
1 5 14 15 19:31:3 10 5 7 6
1 5 14:31:6 20 5
1 7 14 16 19 22:30:3 8 5 4 6 4
2 9 14 16 19 22:26:2 5 5 4 6 4
7 21:9:8 1
2 6 13 15 19 21:28:2 9 3 7 6 1
1 3 7 14 16 19 22:31:3 1 8 5 4 6 4
1 3 7 14 16 19 22:31:3 1 8 5 4 6 4
4 5 14 18 19 25:39:4 10 5 9 6 5
1 13 15 19:19:3 3 7 6
1 3 5 13 15 19 23:32:3 1 10 3 7 6 2
11 15 20 21 23:15:1 7 3 2 2
3 5 10 12 16 23:34:1 20 6 1 4 2
3 5 10 14 24 25:30:2 10 3 5 5 5
2 6 11 25:19:4 9 1 5
2 9 14 16 19 22:26:2 5 5 4 6 4
1 6 14 18 19 25:37:3 9 5 9 6 5
1 5 13 15 19:29:3 10 3 7 6
2 6 7 13:26:6 9 8 3
4 5 14:19:4 10 5
1 7 14 16 19:32:3 8 5 4 12
5 8 9 12 21 25:28:10 6 5 1 1 5
4 5 14 18 19 25:39:4 10 5 9 6 5
6 7 8 20 22 23 24:37:9 8 6 3 4 2 5
1 7 14 16 19 22:30:3 8 5 4 6 4
1 6 14 15 24 25:34:3 9 5 7 5 5
13 16 17 22 24:18:3 4 2 4 5
1 6 14 16 19 21:28:3 9 5 4 6 1
4 7 14 15 19:41:8 8 5 14 6
5 11 16 20 23 24:38:10 2 8 6 2 10
4 7 14 15 19:30:4 8 5 7 6
4 5 14 25:24:4 10 5 5
2 5 13 15 19 25:52:4 20 3 14 6 5
4 7 14 15 19:30:4 8 5 7 6
2 4 9 16 20:25:4 4 10 4 3
4 7 14 15 19 22 25:39:4 8 5 7 6 4 5
1 5 13 15 19 23:31:3 10 3 7 6 2
1 5 13 15 19 23:31:3 10 3 7 6 2
1 6 13 14 15 19 24 25:43:3 9 3 5 7 6 5 5
1 5 14 15 19:50:9 10 5 14 12
7 9 10 14 15:28:8 5 3 5 7
1 5 14 15 19:31:3 10 5 7 6
4 5 14 15 19:32:4 10 5 7 6
1 5 14 15 19:31:3 10 5 7 6
2 9 14 16 19 21 22:27:2 5 5 4 6 1 4
1 8 14 15 19 24:38:3 6 5 7 12 5
1 14 15 19:21:3 5 7 6
1 4 16 19 23 24 25:40:3 4 4 12 2 10 5
7 9 12 13 16:25:8 5 1 3 8
1 5 14 15 19 20:46:9 10 5 7 12 3
1 5 11 14 18 24 25:55:6 10 1 5 18 10 5
1 6 10 13 18 19 21:34:3 9 3 3 9 6 1
2 3 6 13 15 19:28:2 1 9 3 7 6
2 6 13 15 19:27:2 9 3 7 6
12 22:5:1 4
1 7 14 16 19 22:30:3 8 5 4 6 4
5 8 10 24:40:20 12 3 5
1 10 13 20:12:3 3 3 3
1 3 6 14 16 19:28:3 1 9 5 4 6
7 14 15 19:26:8 5 7 6
4 7 14 15 19:30:4 8 5 7 6
1 7 11 12 20:17:3 8 1 2 3
2 9 14 16 19 21 22:27:2 5 5 4 6 1 4
1 6 14 25:22:3 9 5 5
4 5 14 18 19 25:39:4 10 5 9 6 5
4 7 14 15 19:30:4 8 5 7 6
1 8 12 14 15 19 24:33:3 6 1 5 7 6 5
3 4 7 14 15 19:31:1 4 8 5 7 6
2 6 14 18 23 24 25:46:2 18 5 9 2 5 5
1 7 14 16 19 22:30:3 8 5 4 6 4
1 5 14 15 19:31:3 10 5 7 6
5 8:16:10 6
1 5 14 15 19 21:32:3 10 5 7 6 1
1 19 20:12:3 6 3
1 5 13 15 19:29:3 10 3 7 6
1 6 14 16 19:27:3 9 5 4 6
5 13 15 19:26:10 3 7 6
4 5 14 18 19 25:39:4 10 5 9 6 5
1 3 5 13 15 19:30:3 1 10 3 7 6
1 5 14 15 19:31:3 10 5 7 6
1 6 14 15 22 24 25:38:3 9 5 7 4 5 5
1 5 13 15 19:29:3 10 3 7 6
1 8 14 15 19 20 24:42:3 6 5 14 6 3 5
2 6 15 19:24:2 9 7 6
2 5 14:17:2 10 5
16 19:14:8 6
4 7 19:18:4 8 6
4 9 10 13 15 22:26:4 5 3 3 7 4
4 5 14 18 19 25:55:4 10 10 9 12 10
1 5 13 15 19:29:3 10 3 7 6
1 7 14 16 19 21 22:31:3 8 5 4 6 1 4
1 6 14 16 19:27:3 9 5 4 6
4 10 11 16 19 20 23:31:4 6 1 4 6 6 4
1 3 5 14 15 19:32:3 1 10 5 7 6
2 9 14 16 19 22:26:2 5 5 4 6 4
7 23:10:8 2
2 6 13 15 19 21:28:2 9 3 7 6 1
4 11 14 18 21 22 25:33:8 1 5 9 1 4 5
1 18 23:19:6 9 4
1 5 13 15 19:29:3 10 3 7 6
2 6 11 25:18:2 9 2 5
1 5 13 15 19 23:41:3 20 3 7 6 2
1 6 14 25:22:3 9 5 5
1 5 14 25:31:6 10 10 5
1 7 14 16 19 22:30:3 8 5 4 6 4
1 5 14 18:40:6 20 5 9
1 6 14:25:6 9 10
1 9 14 25:18:3 5 5 5
1 5 13 15 19:29:3 10 3 7 6
3 10 17 20 23 24 25:27:2 3 2 3 2 5 10
4 7 14 15 19:30:4 8 5 7 6
3 13 21 23:7:1 3 1 2
10 16 18 23:27:3 4 18 2
2 6 13 15 19:27:2 9 3 7 6
1 3 5 14 15 19:32:3 1 10 5 7 6
1 6 14 16 19:27:3 9 5 4 6
2 9 14 16 19 22:31:2 10 5 4 6 4
1 3 5 13 15 19:30:3 1 10 3 7 6
1 5 13 15 19:29:3 10 3 7 6
7 12 20:12:8 1 3
1 5 14 15 19:31:3 10 5 7 6
1 5 14 15 19:31:3 10 5 7 6
2 14 16 19 22:21:2 5 4 6 4
1 6 11 13 15:30:6 9 2 6 7
9 11 13 14 17 21 22:25:5 1 3 5 2 1 8
4 7 14 15 19 21:31:4 8 5 7 6 1
2 3 7 22:15:2 1 8 4
1 8 14 15 19 24:35:6 6 5 7 6 5
1 5 13 15 19:29:3 10 3 7 6
4 5 14 18 19 25:39:4 10 5 9 6 5
7 13 23:13:8 3 2
1 6 14 15 18 24 25:43:3 9 5 7 9 5 5
1 6 14 16 19:27:3 9 5 4 6
5 14 15 19:28:10 5 7 6
4 7 14 15 19:30:4 8 5 7 6
4 5 14 20 25:36:8 10 5 3 10
1 5 13 15 19 21:30:3 10 3 7 6 1
4 7 14 15 19:30:4 8 5 7 6
2 6 13 20:21:6 9 3 3
4 5 14 15 19 20:41:4 10 5 7 12 3
1 5 14 15 19:31:3 10 5 7 6
4 6 8 10 11 16 17 22:33:4 9 6 3 1 4 2 4
6 11 16 18:23:9 1 4 9
4 5 11 14:30:4 20 1 5
2 4 21:7:2 4 1
1 7 14 16 19 22:30:3 8 5 4 6 4
6 17:11:9 2
1 6 13 19 21 23:24:3 9 3 6 1 2
3 4 5 14 18 19 25:40:1 4 10 5 9 6 5
2 3 9 14 16 19 22:27:2 1 5 5 4 6 4
1 3 7 14 16 19 22:31:3 1 8 5 4 6 4
4 5 7 14 18 19 25:52:4 10 8 5 9 6 10
1 5 14 15 19 21:32:3 10 5 7 6 1
2 8 13 25:16:2 6 3 5
17 21 23:5:2 1 2
4 5 14:33:8 20 5
1 5 14 15 19:31:3 10 5 7 6
24 25:10:5 5
1 5 13 15 19 23:31:3 10 3 7 6 2
1 5 13 15 19 23:31:3 10 3 7 6 2
4 8 11 19 21 22 24:36:8 6 1 6 1 4 10
1 7 14 16 19 22:30:3 8 5 4 6 4
2 9 14 16 19 21 22:27:2 5 5 4 6 1 4
1 5 14:21:6 10 5
1 5 13 15 19:29:3 10 3 7 6
7 16 21 23 25:25:8 4 1 2 10
4 5 14 18 19 25:48:4 10 5 18 6 5
1 5 14 15 19:31:3 10 5 7 6
5 7 8 12 17 20:31:10 8 6 2 2 3
12 16 20 22:12:1 4 3 4
2 6 14 18 24 25:40:2 9 5 9 5 10
2 6 13 15 19:27:2 9 3 7 6
1 8 14 15 16 19 24:46:6 6 5 14 4 6 5
4 7 14 15 19:30:4 8 5 7 6
3 10 12 15 22:23:1 3 1 14 4
4 7 14 15 19:30:4 8 5 7 6
4 7 14 15 19:30:4 8 5 7 6
1 8 14:14:3 6 5
4 7 14 15 19:37:4 8 5 14 6
1 6 14 16 19:27:3 9 5 4 6
4 7 10 14 15 19:40:4 8 3 5 14 6
1 6 14 16 19:27:3 9 5 4 6
1 4 6 8 13 18:34:3 4 9 6 3 9
1 5 13 15 19 23:31:3 10 3 7 6 2
4 5 14 25:24:4 10 5 5
1 5 13 15 19 23:31:3 10 3 7 6 2
2 14 16 19 22:21:2 5 4 6 4
3 8 11 15 21 25:29:2 12 1 7 2 5
2 9 14 16 19 21 22:27:2 5 5 4 6 1 4
2 5 7 10 13 17 20 21:34:4 10 8 3 3 2 3 1
6 8 22 25:28:9 6 8 5
4 7 14:21:8 8 5
3 4 7 14 15 19:31:1 4 8 5 7 6
6 12 17 23:18:9 1 4 4
2 9 14 16 19 22:26:2 5 5 4 6 4
2 6 13 15 19:27:2 9 3 7 6
4 5 14 19:25:4 10 5 6
6 9 17 19:29:9 10 4 6
4 7 14:22:4 8 10
1 3 5 13 15 19:30:3 1 10 3 7 6
4 9 12 13 15 19 20:29:4 5 1 3 7 6 3
1 5 14 15 19:31:3 10 5 7 6
2 6 13 15 19:27:2 9 3 7 6
6 9 17 23:18:9 5 2 2
1 5 14 15 19:31:3 10 5 7 6
1 5 14 15 19:31:3 10 5 7 6
2 4 8 10 19 25:30:2 8 6 3 6 5
1 5 13 15 19:29:3 10 3 7 6
4 7 14 15 19:30:4 8 5 7 6
2 8 13 25:16:2 6 3 5
1 5 13 15 19:29:3 10 3 7 6
1 9 15 16 18:28:3 5 7 4 9
3 14 16 18 20 21:23:1 5 4 9 3 1
1 8 14 18 19 24 25:55:3 6 10 9 12 5 10
4 7 14 15 19:30:4 8 5 7 6
8 10 18 23:20:6 3 9 2
1 7 14 16 19 22:30:3 8 5 4 6 4
1 2 7 14 16 19 22:37:3 2 8 10 4 6 4
1 2 5 13 21:31:3 4 20 3 1
4 5 14 18 19 21 25:40:4 10 5 9 6 1 5
1 5 13 15 19:29:3 10 3 7 6
2 6 8 10 13 20 22 24:38:2 9 6 6 3 3 4 5
8 17 25:13:6 2 5
2 3 6 10 13:20:4 1 9 3 3
2 10 16 17 25:20:2 3 8 2 5
1 5 14 15 19:34:6 10 5 7 6
4 5 14 18 19 25:39:4 10 5 9 6 5
6 12 13 20 23 24:28:9 1 3 3 2 10
1 6 14 15 24 25:34:3 9 5 7 5 5
1 5 10:16:3 10 3
6 7 12 16 17 22 25:33:9 8 1 4 2 4 5
2 13 15:12:2 3 7
1 5 13 15 19 23:31:3 10 3 7 6 2
3 9 10 12 15 22:26:1 10 3 1 7 4
3 12 16 19 21 22 24:27:1 1 4 6 1 4 10
19 21:8:6 2
1 5 14 15 19:31:3 10 5 7 6
2 6 13:14:2 9 3
2 6 10 13 23 25:24:2 9 3 3 2 5
4 7 14 15 19 22 25:53:4 16 5 7 12 4 5
1 3 6 14 16 19:28:3 1 9 5 4 6
5 12 17:26:20 2 4
1 6 14 15 24 25:39:3 9 5 7 10 5
1 9 11 15 16:25:3 10 1 7 4
1 5 14:26:6 10 10
1 5 14 15 19:31:3 10 5 7 6
2 6 13 15 19:27:2 9 3 7 6
4 5 14 18 19 25:39:4 10 5 9 6 5
3 11 12 13 14 19 20:21:1 1 2 3 5 6 3
16 17 25:11:4 2 5
1 6 14 15 24 25:37:6 9 5 7 5 5
1 5 14 15 19 25:39:6 10 5 7 6 5
1 6 14:25:6 9 10
1 6 10 14 15 24 25:44:3 9 3 5 14 5 5
2 3 6 13:19:6 1 9 3
2 4 9 14 16 19 22:30:2 4 5 5 4 6 4
1 9 14:13:3 5 5
2 9 14 16 19 22:26:2 5 5 4 6 4
2 6 14 18 24 25:37:4 9 5 9 5 5
1 8 14:14:3 6 5
5 18 23:21:10 9 2
1 7 14 16 19 21 22:31:3 8 5 4 6 1 4
7 11 12 17:12:8 1 1 2
1 5 11 14 25:32:6 10 1 10 5
4 5 14 18 19 25:39:4 10 5 9 6 5
4 5 14 25:24:4 10 5 5
3 4 7 14 15 19:31:1 4 8 5 7 6
2 6 13 25:21:4 9 3 5
1 5 13 15 19 21 23:32:3 10 3 7 6 1 2
4 5 14 18 19 25:39:4 10 5 9 6 5
1 5 14 15 19 23 25:47:6 10 5 7 12 2 5
1 3 5 13 15 19 23:32:3 1 10 3 7 6 2
6 8 13:18:9 6 3
1 5 13 15 19 21 23:32:3 10 3 7 6 1 2
3 4 8 13 21:15:1 4 6 3 1
1 3 6 14 16 19:28:3 1 9 5 4 6
1 5 14 15 19:31:3 10 5 7 6
2 6 13 15 19:27:2 9 3 7 6
4 7 14 15 19:30:4 8 5 7 6
15 18 19 20 23:27:7 9 6 3 2
1 6 10 11 13 15:29:3 9 6 1 3 7
2 3 9 14 16 19 22:27:2 1 5 5 4 6 4
1 5 13 15 19:29:3 10 3 7 6
1 5 14 25:36:6 20 5 5
1 6 14 16 19:27:3 9 5 4 6
2 11 16 21 25:13:2 1 4 1 5
1 21 22:11:6 1 4
1 2 12:6:3 2 1
2 9 14 16 19 22:32:4 5 5 8 6 4
1 5 14 15 19:31:3 10 5 7 6
1 6 14 15 25:32:6 9 5 7 5
1 7 14 16 19 22:30:3 8 5 4 6 4
1 5 14 18:30:6 10 5 9
4 7 14 15 19 22 25:57:8 16 5 7 12 4 5
1 5 13 15 19:29:3 10 3 7 6
1 5 9 14:36:6 20 5 5
2 9 14 16 19 22:26:2 5 5 4 6 4
1 7 14 16 19 22:30:3 8 5 4 6 4
1 5 14 15:28:6 10 5 7
2 6 13:23:2 18 3
4 7 14 15 19:30:4 8 5 7 6
6 10 11 17 21 23:21:9 3 2 2 1 4
4 7 9 10 17:22:4 8 5 3 2
4 5 7 14:41:8 20 8 5
1 5 13 15 19 23:31:3 10 3 7 6 2
9 18 22 23 24:25:5 9 4 2 5
1 7 14 16 19 22:30:3 8 5 4 6 4
1 5 13 15 19:29:3 10 3 7 6
2 9 14 16 19 21 22:27:2 5 5 4 6 1 4
1 6 13 15 19 24 25:38:3 9 3 7 6 5 5
1 6 14 16 19:27:3 9 5 4 6
2 6 10 14 18 20:40:2 18 3 5 9 3
6 8 10 12 16 24:34:9 12 3 1 4 5
2 6 13 15 19:27:2 9 3 7 6
4 5 14 15 19 24:41:8 10 5 7 6 5
11 22 25:15:1 4 10
1 3 6 14 16 19:28:3 1 9 5 4 6
1 4 19 20 22:26:3 4 12 3 4
1 6 7 14:28:6 9 8 5
2 6 13 15 19:27:2 9 3 7 6
3 23 24:8:1 2 5
1 6 14 16 19:27:3 9 5 4 6
7 14:13:8 5
4 5 14 15 19 25:44:4 10 5 14 6 5
3 5 12 17 21 25:21:1 10 2 2 1 5
1 6 14 16 19:27:3 9 5 4 6
1 5 14:21:6 10 5
1 5 14 15 19 23 25:38:3 10 5 7 6 2 5
1 7 14 16 19 22:30:3 8 5 4 6 4
2 6 13 15 19:27:2 9 3 7 6
2 3 6 13 15 19:28:2 1 9 3 7 6
1 5 13 15 19:29:3 10 3 7 6
2 5 13:15:2 10 3
3 5 6 8 14 19 23:41:1 10 9 6 5 6 4
1 6 13 15 19 24 25:43:3 9 3 7 6 10 5
1 6 14 16 19 21:28:3 9 5 4 6 1
1 5 13 15 19 23:31:3 10 3 7 6 2
4 7 14:29:8 16 5
1 5 14 25:31:6 10 5 10
1 3 7 14 16 19 22:31:3 1 8 5 4 6 4
1 5 13 15 19:29:3 10 3 7 6
6 7 17 20:31:18 8 2 3
2 6 13 15 19:27:2 9 3 7 6
2 8 14 15 19:26:2 6 5 7 6
1 5 13 15 19:39:3 20 3 7 6
1 6 14:25:6 9 10
1 8 14 18 19 24 25:58:3 6 5 18 6 10 10
4 5 14 16 25:33:4 10 5 4 10
4 5 14 18 19 21 25:40:4 10 5 9 6 1 5
2 6 15 24:23:2 9 7 5
1 6 14 16 19 21:28:3 9 5 4 6 1
1 5 14 15 19:31:3 10 5 7 6
1 6 8 9 12 18 20 22:44:6 9 6 5 2 9 3 4
4 5 14 18 19 25:39:4 10 5 9 6 5
4 5 14 19 25:30:4 10 5 6 5
4 6 8 13 19 21 25:34:4 9 6 3 6 1 5
1 5 14 25:26:6 10 5 5
4 5 14 18 19 25:39:4 10 5 9 6 5
1 5 13 15 19 21 23:32:3 10 3 7 6 1 2
1 3 6 18 19:38:3 2 18 9 6
1 6 14 21:26:6 9 10 1
4 6 7 9:26:4 9 8 5
1 7 14 16 19 22:30:3 8 5 4 6 4
2 6 13 15 19:27:2 9 3 7 6
4 5 14:19:4 10 5
1 7 13 15 16 19 22 25:44:3 8 3 7 8 6 4 5
1 4 5 14:40:6 4 20 10
2 4 8 19 23:20:2 4 6 6 2
2 6 13 15 19:27:2 9 3 7 6
4 5 14 18 19 25:39:4 10 5 9 6 5
1 6 7 16 22 24:33:3 9 8 4 4 5
2 9 14 16 19 22:26:2 5 5 4 6 4
4 5 14 18 19 25:39:4 10 5 9 6 5
1 5 14 25:23:3 10 5 5
1 5 14 15 17 19:33:3 10 5 7 2 6
4 10 11 15 18 22:28:4 3 1 7 9 4
2 6 13 15 19:27:2 9 3 7 6
1 5 14 15 19:31:3 10 5 7 6
1 5 14:31:6 20 5
1 6 14:25:6 9 10
1 5 13 15 19 23:31:3 10 3 7 6 2
2 6 9 14 16 19 22:40:2 9 10 5 4 6 4
1 6 8 14:23:3 9 6 5
8 9 18 20 22:27:6 5 9 3 4
4 7 14 15 19:30:4 8 5 7 6
1 5 14:31:6 20 5
5 8 11:17:10 6 1
4 6 14 18 24:32:4 9 5 9 5
2 5 11 13 23 25:23:2 10 1 3 2 5
3 14 17 21:9:1 5 2 1
8 25:11:6 5
2 4 5 12 15 17 24 25:38:4 4 10 1 7 2 5 5
1 6 14 18 19 25:37:3 9 5 9 6 5
1 3 10 16 17 20 25:24:6 1 3 4 2 3 5
4 16:8:4 4
2 5 8 14 15 19:36:2 10 6 5 7 6
2 5 13 15 19 25:35:4 10 3 7 6 5
2 9 14 16 19 22:26:2 5 5 4 6 4
4 7 14 15 19:30:4 8 5 7 6
1 3 5 13 15 19 23:32:3 1 10 3 7 6 2
4 5 16:18:4 10 4
1 5:23:3 20
4 7 14 15 19:30:4 8 5 7 6
4 5 14 18 19 25:39:4 10 5 9 6 5
4 5 11 14 25:29:8 10 1 5 5
2 9 14 16 19 22:26:2 5 5 4 6 4
1 5 14:24:9 10 5
6 8 15 19:28:9 6 7 6
1 5 13 15 19 21:30:3 10 3 7 6 1
5 13 15 19 23:28:10 3 7 6 2
5 6 15 18 25:52:10 9 14 9 10
1 5 14:34:9 20 5
13 23 24:10:3 2 5
4 7 14 15 19:30:4 8 5 7 6
4 5 11 13 16 18 20:44:4 20 1 3 4 9 3
1 9 14 25:26:6 5 5 10
1 7 13 16 19 22 25:33:3 8 3 4 6 4 5
4 7 14 15 19 22 25:46:4 8 5 14 6 4 5
1 7 14 16 19 22:30:3 8 5 4 6 4
1 5 14 15 19:31:3 10 5 7 6
2 9 14 16 19 21 22:27:2 5 5 4 6 1 4
2 6 13 25:21:4 9 3 5
1 8 14:14:3 6 5
1 8 14 25:19:3 6 5 5
2 6 15 19:24:2 9 7 6
1 5 13 15 19 23:31:3 10 3 7 6 2
2 6 9 16 25:25:2 9 5 4 5
1 5 8 14 15 19 24:47:3 10 6 5 7 6 10
1 5 14 21:22:6 10 5 1
1 5 13 15 19 23:31:3 10 3 7 6 2
2 9 14 16 19 22:26:2 5 5 4 6 4
1 5 13 15 19 23:31:3 10 3 7 6 2
2 9 14 16 19 22:26:2 5 5 4 6 4
2 6 13:18:6 9 3
2 6 13 15 19:27:2 9 3 7 6
1 6 13 15 19 24 25:49:3 9 3 7 12 5 10
1 5 14 15 19:31:3 10 5 7 6
4 5 14 15 19:32:4 10 5 7 6
2 9 14 16 19 22:26:2 5 5 4 6 4
5 10 11 21:15:10 3 1 1
3 4 5 7 10 19 24 25:46:1 8 10 8 3 6 5 5
4 5 14 18 19 21 25:40:4 10 5 9 6 1 5
1 2 5 13 15 19 25:54:3 4 20 3 7 12 5
2 9 14 16 19 22:26:2 5 5 4 6 4
1 9 11 19 20 22:22:3 5 1 6 3 4
1 8 9 14 18 19 24 25:49:3 6 5 5 9 6 10 5
1 5 13 15 19 23:31:3 10 3 7 6 2
1 5 14 15 19 21:32:3 10 5 7 6 1
4 5 14 23 25:26:4 10 5 2 5
1 7 14 16 19 22:30:3 8 5 4 6 4
4 5 14 18 19 25:39:4 10 5 9 6 5
4 7 14 15 19:30:4 8 5 7 6
1 6 14 16 19:27:3 9 5 4 6
1 5 13 15 19 21 23:32:3 10 3 7 6 1 2
4 9 12 14 15 24:44:8 5 2 10 14 5
2 3 6 13 15 19:28:2 1 9 3 7 6
1 6 14:25:6 9 10
1 7 14 16 19 22:30:3 8 5 4 6 4
2 9 14 16 19 22:26:2 5 5 4 6 4
3 5 14 16 17 18 24:42:2 10 10 4 2 9 5
1 5 14 15 19:41:6 10 5 14 6
1 5 13 15 19 23:31:3 10 3 7 6 2
1 5 13 15 19:29:3 10 3 7 6
1 6 14 16 19:33:3 9 5 4 12
1 6 14 16 19:27:3 9 5 4 6
1 14 16 19:18:3 5 4 6
4 5 14 25:38:8 20 5 5
2 9 16 19 22:21:2 5 4 6 4
1 3 5 13 15 19:30:3 1 10 3 7 6
1 7 8 14 16 19:32:3 8 6 5 4 6
1 5 13 15 19:29:3 10 3 7 6
2 3 6 13 15 19:28:2 1 9 3 7 6
1 5 13 15 19:29:3 10 3 7 6
1 7 14:21:3 8 10
2 6 13 15 19:30:2 9 6 7 6
7 8 15:21:8 6 7
3 9 11 12 18 19 24:43:1 5 1 1 18 12 5
1 7 13 14 16 19 22:33:3 8 3 5 4 6 4
1 7 14 16 19 22:30:3 8 5 4 6 4
3 4:5:1 4
1 5 13 15 19:29:3 10 3 7 6
1 3 6 14 16 19:28:3 1 9 5 4 6
2 3 4 8 14 15 22 23:31:2 1 4 6 5 7 4 2
1 6 14 16 19:27:3 9 5 4 6
4 5 14 18 19 25:39:4 10 5 9 6 5
1 5 13 15 19:29:3 10 3 7 6
10 12 20 24:16:3 2 6 5
1 7 14 16 19 22:30:3 8 5 4 6 4
1 7 14 16 19 22:30:3 8 5 4 6 4
1 7 14:16:3 8 5
1 5 14 15 19:31:3 10 5 7 6
2 9 14 16 19 22:26:2 5 5 4 6 4
1 3 5 14 15 19:32:3 1 10 5 7 6
2 6 13 15 19:27:2 9 3 7 6
5 7 9 15 23:32:10 8 5 7 2
1 7 14 16 19 21 22:31:3 8 5 4 6 1 4
1 5 13 15 19 23:31:3 10 3 7 6 2
1 5 13 15 19:29:3 10 3 7 6
2 9 14 16 19 22:26:2 5 5 4 6 4
1 6 14 16 19:27:3 9 5 4 6
2 9 14 16 19 22:26:2 5 5 4 6 4
1 6 8 14 15 19 24:46:3 9 6 5 7 6 10
1 5 14 15 19:31:3 10 5 7 6
2 10 14 16 17 20:19:2 3 5 4 2 3
1 5 13 15 19 23:31:3 10 3 7 6 2
6 19:15:9 6
6 15 21:17:9 7 1
1 6 14 18 19 25:46:3 9 5 18 6 5
1 7 14 19 22:26:3 8 5 6 4
1 5 14:36:6 20 10
2 10 11 18 20 22:22:2 3 1 9 3 4
10 14:13:3 10
4 7 10 14 15 19 22 25:51:8 8 3 10 7 6 4 5
1 8 14:14:3 6 5
1 5 13 15 19 23:31:3 10 3 7 6 2
2 6 13:14:2 9 3
1 5 13 15 19:29:3 10 3 7 6
4 5 14 25:29:4 10 10 5
1 5 13 15 19:29:3 10 3 7 6
2 3 6 13 15 19:28:2 1 9 3 7 6
1 5 7 14:32:9 10 8 5
2 6 13 15 19:27:2 9 3 7 6
11 15 21 23 24:16:1 7 1 2 5
1 5 13 15 19 23:31:3 10 3 7 6 2
4 7 14:17:4 8 5
3 5 9 12 13 23:29:1 10 10 1 3 4
4 7 17 18 19 25:40:4 8 2 9 12 5
1 3 5 13 15 19 23:32:3 1 10 3 7 6 2
1 5 13 15 19:29:3 10 3 7 6
4 7 14 15 19:30:4 8 5 7 6
1 6 14 16 19:27:3 9 5 4 6
1 5 7 14 15 19:48:6 10 8 5 7 12
1 2 3 4 9 19 22 23:27:3 2 1 4 5 6 4 2
1 6 14 15 18 24 25:43:3 9 5 7 9 5 5
1 8 14:17:6 6 5
1 5 14:24:9 10 5
1 6 14 16 19:27:3 9 5 4 6
3 4 5 7 23 24:32:1 4 10 8 4 5
1 3 5 13 15 19 23:32:3 1 10 3 7 6 2
1 8 14 18 19 24 25:56:3 12 10 9 12 5 5
4 5 14 18 19 25:39:4 10 5 9 6 5
2 6 13 15 19 21:28:2 9 3 7 6 1
4 5 14 18 19 25:39:4 10 5 9 6 5
9 14 20 21:14:5 5 3 1
2 6 13 15 19:27:2 9 3 7 6
3 5 6 13 14 15 17 20:40:1 10 9 3 5 7 2 3
1 7 14:24:3 16 5
1 7 14 16 19 22:30:3 8 5 4 6 4
4 6 14 18 24:37:4 9 10 9 5
1 6 14 16 19:27:3 9 5 4 6
6 15 19 22:26:9 7 6 4
1 5 13 15 19 23:31:3 10 3 7 6 2
3 4 5 14 18 19 25:40:1 4 10 5 9 6 5
1 7 14 16 19 22:30:3 8 5 4 6 4
8 9 11 16 18:30:6 10 1 4 9
4 5 14:19:4 10 5
1 5 14 25:31:6 10 10 5
2 9 14 15 19 21 22 23:32:2 5 5 7 6 1 4 2
1 7 14 16 19 22:30:3 8 5 4 6 4
1 7 14 16 19 22:30:3 8 5 4 6 4
1 7 14 16 19 22:30:3 8 5 4 6 4
21 24:6:1 5
2 9 14 16 19 22:26:2 5 5 4 6 4
2 16 25:17:4 8 5
1 7 14 16 19 22:30:3 8 5 4 6 4
1 3 6 14 16 19:28:3 1 9 5 4 6
1 5 15 19:26:3 10 7 6
1 5 13 15 19 23:31:3 10 3 7 6 2
4 7 14 15 19:30:4 8 5 7 6
7 18 19:23:8 9 6
1 7 14 16 19 22:30:3 8 5 4 6 4
1 5 13 15 19 21:30:3 10 3 7 6 1
1 5 14 15 19:37:9 10 5 7 6
2 9 14 16 19 22:26:2 5 5 4 6 4
1 6 14 16 19:27:3 9 5 4 6
4 13 14 15 21:20:4 3 5 7 1
1 5 7 9 18 19 22:45:3 10 8 5 9 6 4
2 6 13 15 19:27:2 9 3 7 6
1 11 25:9:3 1 5
1 7 14 16 19 22:30:3 8 5 4 6 4
1 5 13 15 19 23:31:3 10 3 7 6 2
1 8 14:25:3 12 10
4 7 14 15 19:30:4 8 5 7 6
1 5 7 14 18 24 25:48:6 10 8 5 9 5 5
1 5 9 16 20 21 25:37:3 10 5 4 3 2 10
2 6 13 15 19:27:2 9 3 7 6
1 4 5 14:25:6 4 10 5
1 3 5 14 15 19:32:3 1 10 5 7 6
1 5 13 15 19:29:3 10 3 7 6
2 6 13 25:19:2 9 3 5
2 3 6 13 15 19:28:2 1 9 3 7 6
5 12 13 19 23 25:27:10 1 3 6 2 5
4 7 14 15 19 22 25:44:4 8 10 7 6 4 5
4 5 14 18 19 25:39:4 10 5 9 6 5
1 5 13 15 19 23:41:3 20 3 7 6 2
1 6 14 16 19:27:3 9 5 4 6
2 9 14 16 19 22:26:2 5 5 4 6 4
2 5 14 16 17 19 23 25:36:2 10 5 4 2 6 2 5
2 4 9 14:16:2 4 5 5
1 5 14 15 19:43:9 10 5 7 12
2 3 4 5 8 10 25:31:2 1 4 10 6 3 5
10 12 13:10:3 1 6
4 14 18 19 25:29:4 5 9 6 5
14 16 21 25:16:5 4 2 5
5 17 21:13:10 2 1
1 5 13 15 19:29:3 10 3 7 6
4 5 14 18 19 21 25:40:4 10 5 9 6 1 5
2 5 13 15 19 25:35:4 10 3 7 6 5
1 6 8 25:23:3 9 6 5
7 14 15 18 22 23:47:16 5 7 9 8 2
1 5 16 21 24:33:3 20 4 1 5
1 7 14 16 19 22:30:3 8 5 4 6 4
1 5 13 15 19 23:31:3 10 3 7 6 2
1 6 14 25:22:3 9 5 5
7 8 17 18 21:27:8 6 2 9 2
2 9 14 16 19 22:26:2 5 5 4 6 4
1 7 13 16 19 22 25:40:6 8 3 4 6 8 5
1 5 13 15 19:29:3 10 3 7 6
4 6 14 18 24:32:4 9 5 9 5
2 3 9 14 16 19 22:27:2 1 5 5 4 6 4
16 20 21:12:8 3 1
1 5 14 15 19:31:3 10 5 7 6
6 8 10 13 16 17 18 25:41:9 6 3 3 4 2 9 5
7 10 23:13:8 3 2
1 5 14 15 19:34:6 10 5 7 6
7 9 13 21:20:8 5 6 1
3 4 7 14 15 19:31:1 4 8 5 7 6
1 3 5 13 15 19:30:3 1 10 3 7 6
1 5 14 15 19:31:3 10 5 7 6
2 6 13 15 19:27:2 9 3 7 6
1 5 14:34:9 20 5
4 5 14 18 19 25:39:4 10 5 9 6 5
2 9 14 16 19 22:26:2 5 5 4 6 4
4 5 14 18 19 25:39:4 10 5 9 6 5
13 14 17 18:24:3 10 2 9
1 5 14 15 19:31:3 10 5 7 6
1 5 14 15 19 25:41:3 10 10 7 6 5
8 10 11 15 18 20:36:6 3 1 14 9 3
1 4 5 14:33:9 4 10 10
2 6 13 15 19:27:2 9 3 7 6
4 6 14 18 24:32:4 9 5 9 5
2 6 13 15 19:27:2 9 3 7 6
4 7 14 15 19:30:4 8 5 7 6
1 7 14 16 19 22:30:3 8 5 4 6 4
2 6 13 15 19:27:2 9 3 7 6
3 11 14:7:1 1 5
1 5 14:18:3 10 5
3 4 5 9 16 18 21:34:1 4 10 5 4 9 1
2 6 13 15 19 21:28:2 9 3 7 6 1
1 3 5 13 15 19 23:32:3 1 10 3 7 6 2
1 8 13 14 18 19 24 25:42:3 6 3 5 9 6 5 5
2 3 17 21:9:2 1 4 2
2 9 14 16 19 22:26:2 5 5 4 6 4
1 7 14 16 19 21 22:31:3 8 5 4 6 1 4
4 5 14 18 19 25:39:4 10 5 9 6 5
2 5 13 15 19 25:35:4 10 3 7 6 5
1 8 14 15 19 24:32:3 6 5 7 6 5
10 13 14 17:16:3 6 5 2
1 6 9 14 18 19 25:51:3 18 5 5 9 6 5
1 5 13 15 19:29:3 10 3 7 6
19 20:9:6 3
1 3 7 14 16 19 22:31:3 1 8 5 4 6 4
1 5 14 25:23:3 10 5 5
4 8 14 15 18 19 23 25:50:8 6 5 7 9 6 4 5
4 5 14:23:8 10 5
4 7 14 15 19:30:4 8 5 7 6
1 7 8 14 15 19 24:40:3 8 6 5 7 6 5
4 6 7 8 10 15 18 25:65:4 9 16 12 3 7 9 5
1 8 14 18 19 20 24 25:48:3 12 5 9 6 3 5 5
4 5 14 15 19 25:44:4 10 5 14 6 5
1 5 8 14:29:3 10 6 10
2 4 7 14:36:2 8 16 10
2 6 13 15 19:27:2 9 3 7 6
5 13 15 19 23:28:10 3 7 6 2
1 7 14 16 19 22:30:3 8 5 4 6 4
3 4 5 14 18 19 25:40:1 4 10 5 9 6 5
1 5 8 13 15 19:38:6 10 6 3 7 6
4 5 14 18 19 25:39:4 10 5 9 6 5
1 3 5 14 15 19:32:3 1 10 5 7 6
1 12 13 15 16 19:24:3 1 3 7 4 6
1 5 14 15 19:36:3 10 10 7 6
1 7 14 16 19 22:30:3 8 5 4 6 4
1 5 14 19:24:3 10 5 6
1 5 13 15 19 21:30:3 10 3 7 6 1
1 8 11 12 16 22 25:24:3 6 1 1 4 4 5
1 7 14 16 19 21 22:31:3 8 5 4 6 1 4
2 9 14 16 19 22:26:2 5 5 4 6 4
1 5 14 15 19:42:9 10 10 7 6
1 2 5 14 16 19 23 25:45:3 2 10 5 4 12 4 5
4 7 14 15 19:30:4 8 5 7 6
1 3 7 14 16 19 22:31:3 1 8 5 4 6 4
4 20 25:12:4 3 5
1 3 5 13 15 19:30:3 1 10 3 7 6
10 11 22 24:16:6 1 4 5
1 5 13 15 19:29:3 10 3 7 6
1 2 5 7 8 10 25:37:3 2 10 8 6 3 5
1 5 13 15 19 23:31:3 10 3 7 6 2
2 6 14 18 24 25:35:2 9 5 9 5 5
4 7 14 15 19:37:4 8 5 14 6
3 6 16 23:16:1 9 4 2
4 5 11 13:21:4 10 1 6
4 18 25:18:4 9 5
7 12 14 15 19:27:8 1 5 7 6
1 7 14 16 19 22:30:3 8 5 4 6 4
2 9 14 16 19 22:32:2 5 5 4 12 4
1 5 14 15 19:31:3 10 5 7 6
3 4 7 14 15 19:31:1 4 8 5 7 6
1 5 14 18 24 25:49:6 10 5 18 5 5
1 7 14 16 19:26:3 8 5 4 6
1 5 6 14 18 24 25:59:6 20 9 5 9 5 5
1 5 10 14:27:9 10 3 5
2 10 18 23:16:2 3 9 2
1 5 14 15 19:31:3 10 5 7 6
1 2 6 12 24:21:3 2 9 2 5
1 5 13 15 19 21 23:32:3 10 3 7 6 1 2
20 24:8:3 5
1 5 13 14 18 20:36:3 10 6 5 9 3
8 9 11 21:13:6 5 1 1
1 6 14 16 19:27:3 9 5 4 6
1 5 14 15 19:37:9 10 5 7 6
2 4 5 14:21:2 4 10 5
1 6 14 18 19 25:42:3 9 5 9 6 10
3 5 11 14 16 18 25:45:1 20 1 5 4 9 5
4 7 14 15 19 21:31:4 8 5 7 6 1
1 3 9 13 18:21:3 1 5 3 9
12 20:4:1 3
2 6 13 25:19:2 9 3 5
4 5 14:33:8 20 5
21 22:10:2 8
1 6 14 16 19:27:3 9 5 4 6
2 6 13 15 19:34:2 9 3 14 6
4 7 14:17:4 8 5
4 7 14 15 19 21:31:4 8 5 7 6 1
8 9 13 15 17:23:6 5 3 7 2
1 5 13 15 19:32:6 10 3 7 6
1 6 14 16 19:27:3 9 5 4 6
1 7 14 16 19 21 22:31:3 8 5 4 6 1 4
8 11 15 19:26:12 1 7 6
1 3 5 14 15 19:32:3 1 10 5 7 6
4 7 14 15 19 22 25:46:4 8 5 14 6 4 5
1 7 14 16 19 22:30:3 8 5 4 6 4
4 5 7 10 23 25:38:8 10 8 3 4 5
1 2 24:10:3 2 5
4 7 14:17:4 8 5
4 5 14 18 19 25:39:4 10 5 9 6 5
1 3 6 14 16 19:28:3 1 9 5 4 6
1 7 14 16 19 22:30:3 8 5 4 6 4
1 6 13 15 19 24 25:60:6 18 6 14 6 5 5
4 5 14 18 19 25:39:4 10 5 9 6 5
1 6 14 16 19:27:3 9 5 4 6
1 6 14 16 19 21:28:3 9 5 4 6 1
4 7 14:17:4 8 5
4 7 14 15 19:30:4 8 5 7 6
5 18 20 22 24:31:10 9 3 4 5
6 7 15:24:9 8 7
4 7 14 15 19:30:4 8 5 7 6
1 7 14 16 19 22:33:6 8 5 4 6 4
4 5 14:19:4 10 5
2 6 13 15 19:27:2 9 3 7 6
1 7 14 16 19 22:30:3 8 5 4 6 4
1 12 13 20:10:3 1 3 3
1 2 4 6 12:33:3 2 8 18 2
4 7 14 15 19:30:4 8 5 7 6
4 5 14 18 19 25:39:4 10 5 9 6 5
1 3 6 14 16 19:28:3 1 9 5 4 6
1 5 13 15 19 21 23:32:3 10 3 7 6 1 2
3 9 20 25:14:1 5 3 5
1 5 13 15 19 23:31:3 10 3 7 6 2
2 9 14 16 19 22:26:2 5 5 4 6 4
1 5 14 15 19:31:3 10 5 7 6
2 6 13 15 19:27:2 9 3 7 6
1 6 14 16 19:41:6 9 10 4 12
4 7 14 15 19:30:4 8 5 7 6
2 8 13 25:16:2 6 3 5
1 5 13 15 19 21:30:3 10 3 7 6 1
2 6 13 15 25:35:2 18 3 7 5
1 8 23:11:3 6 2
2 3 6 13 15 19:28:2 1 9 3 7 6
2 8 13 25:21:2 6 3 10
2 6 13 15 19:27:2 9 3 7 6
1 7 14 16 19 21 22:31:3 8 5 4 6 1 4
4 5 14 18 19 25:39:4 10 5 9 6 5
1 3 5 14 15 19:32:3 1 10 5 7 6
1 7 14 16 19 21 22:31:3 8 5 4 6 1 4
2 8 13 25:16:2 6 3 5
1 3 5 13 15 19 23:32:3 1 10 3 7 6 2
2 6 13 15:21:2 9 3 7
12 22:9:1 8
4 5 14 18 19 21 25:40:4 10 5 9 6 1 5
4 7 14 15 19:30:4 8 5 7 6
2 6 13 15 19:27:2 9 3 7 6
2 3 9 14 16 19 22:27:2 1 5 5 4 6 4
1 7 11 13 16 19 22 25:34:3 8 1 3 4 6 4 5
1 6 7 11 18 21 25:39:6 9 8 1 9 1 5
3 4 5 14 18 19 25:40:1 4 10 5 9 6 5
1 5 14 25:38:3 20 5 10
4 5 14 18 19 25:39:4 10 5 9 6 5
13 25:8:3 5
1 5 9 13 15 19:34:3 10 5 3 7 6
4 14 18 19 25:29:4 5 9 6 5
1 6 12 13 15 19 24 25:48:3 18 1 3 7 6 5 5
2 9 14 16 19 22:26:2 5 5 4 6 4
2 5 13 15 19 25:35:4 10 3 7 6 5
3 4 5 14 18 19 25:40:1 4 10 5 9 6 5
6 14 16 19:24:9 5 4 6
4 5 7 14 18 19 25:47:4 10 8 5 9 6 5
1 5 14 15 19:31:3 10 5 7 6
4 16 20 21:12:4 4 3 1
2 6 13 25:19:2 9 3 5
1 5 14:18:3 10 5
4 7 9 25:22:4 8 5 5
1 6 14 16 19:27:3 9 5 4 6
4 5 14 18 19 25:39:4 10 5 9 6 5
1 3 5 13 15 19 23:32:3 1 10 3 7 6 2
1 5 14:28:3 20 5
1 8 14 18 19 24 25:39:3 6 5 9 6 5 5
1 7 14 21:17:3 8 5 1
4 5 14 18 19 25:39:4 10 5 9 6 5
4 5 14 15 19:32:4 10 5 7 6
1 7 14 16 19 22:30:3 8 5 4 6 4
4 5 14 18 19 25:39:4 10 5 9 6 5
2 9 14 16 19 22:26:2 5 5 4 6 4
2 9 14 16 19 22:26:2 5 5 4 6 4
1 5 13 15 19 23:31:3 10 3 7 6 2
1 5 14 15 19 23 25:41:6 10 5 7 6 2 5
2 8 13 25:16:2 6 3 5
2 3 9 14 16 19 22:27:2 1 5 5 4 6 4
2 6 13 15 19:27:2 9 3 7 6
14 16 18 20:25:5 8 9 3
1 7 14 16 19 21 22:31:3 8 5 4 6 1 4
8 11 16 20:14:6 1 4 3
2 9 14 16 19 22:26:2 5 5 4 6 4
2 4 16:10:2 4 4
1 6 14 16 19:27:3 9 5 4 6
2 9 14 16 19 22:26:2 5 5 4 6 4
4 7 15 19:25:4 8 7 6
1 5 14 15 19:31:3 10 5 7 6
2 6 14 18 24 25:42:4 9 5 9 10 5
1 8 13 14:17:3 6 3 5
1 6 14 15 24 25:42:6 9 5 7 5 10
2 9 14 16 19 22:26:2 5 5 4 6 4
2 3 4 9 13 14 24:30:2 1 4 10 3 5 5
2 6 13 15 19 21:28:2 9 3 7 6 1
2 8 13 25:16:2 6 3 5
4 5 14 18 19 25:39:4 10 5 9 6 5
2 6 13 15 19:27:2 9 3 7 6
1 6 14 16 19:27:3 9 5 4 6
1 5 14:24:9 10 5
2 6 8 11 12 17 24:35:2 18 6 1 1 2 5
2 6 14 18 24 25:40:2 9 5 9 10 5
1 5 14 22:37:3 20 10 4
2 8 13 18 22 23:32:4 6 3 9 8 2
1 6 14 16 19:27:3 9 5 4 6
4 7 14 15 19:30:4 8 5 7 6
8 14 21 24:17:6 5 1 5
1 7 8 13 16 19 22 25:39:3 8 6 3 4 6 4 5
4 7 14:21:8 8 5
2 6 13 15 19:27:2 9 3 7 6
11 13 17 19 24:19:1 3 4 6 5
1 5 13 15 19:29:3 10 3 7 6
5 8 11 14 19:29:10 6 2 5 6
1 6 14 15 24 25:43:3 18 5 7 5 5
2 9 14 16 19 22:26:2 5 5 4 6 4
2 6 13 15 19:27:2 9 3 7 6
4 5 14 18 19 21 25:40:4 10 5 9 6 1 5
1 5 14 15 19:31:3 10 5 7 6
1 6 14 16 18 19:45:3 18 5 4 9 6
1 5 13 15 19 23:31:3 10 3 7 6 2
1 7 14 16 19 22:30:3 8 5 4 6 4
1 3 5 14 15 19:32:3 1 10 5 7 6
1 4 13 14 17 18 24:34:6 4 3 5 2 9 5
1 7 13 16 19 22 25:44:6 16 3 4 6 4 5
2 3 6 13 15 19:28:2 1 9 3 7 6
1 5 14 15 19:31:3 10 5 7 6
3 4 7 14 15 19:31:1 4 8 5 7 6
1 5 13 15 19 23:31:3 10 3 7 6 2
2 9 14 16 19 22:26:2 5 5 4 6 4
8 9 15 20 22:25:6 5 7 3 4
3 6 10 13 17 18 19 25:41:2 9 3 3 4 9 6 5
4 9 13 15 21:28:4 10 6 7 1
4 5 14 25:24:4 10 5 5
1 6 7 14 16 19:44:6 9 8 5 4 12
2 9 14 16 19 22:26:2 5 5 4 6 4
14 18 19 24 25:30:5 9 6 5 5
1 13 14 15 20 21:30:3 3 5 14 3 2
2 6 13 15 19:27:2 9 3 7 6
1 6 14 16 19:27:3 9 5 4 6
4 7 14 15 19 21:31:4 8 5 7 6 1
2 6 13 15 19:27:2 9 3 7 6
1 5 14 15 19 23 25:58:3 10 5 14 12 4 10
3 16 22:13:1 4 8
1 2 4 6 14 21:36:3 4 4 18 5 2
8 9 10 12 13 14:23:6 5 3 1 3 5
1 6 14 16 19:27:3 9 5 4 6
4 5 14 18 19 25:39:4 10 5 9 6 5
4 6 14 18 24:37:4 9 10 9 5
1 5 9 24:23:3 10 5 5
4 7 14 15 19:30:4 8 5 7 6
1 7 14 16 19 22:30:3 8 5 4 6 4
1 6 14 16 19:49:6 18 5 8 12
4 5 14 18 19 21 25:40:4 10 5 9 6 1 5
7 19 24:24:8 6 10
2 4 8 10 15 23:24:2 4 6 3 7 2
4 7 14 15 19:30:4 8 5 7 6
4 7 14 15 19 22 25:50:8 8 5 14 6 4 5
1 5 14 15 19:31:3 10 5 7 6
4 5 14 18 19 25:39:4 10 5 9 6 5
1 7 14 16 19 22:34:3 8 5 4 6 8
1 6 11 14 15 24 25:45:3 9 1 5 7 10 10
2 6 13 15 19:27:2 9 3 7 6
4 5 14 18 19 25:39:4 10 5 9 6 5
1 3 5 14 15 19:32:3 1 10 5 7 6
3 4 5 14 18 19 25:40:1 4 10 5 9 6 5
2 6 13:14:2 9 3
4 7 14 15 19 21:31:4 8 5 7 6 1
1 8 14:14:3 6 5
1 5 14 15 19:31:3 10 5 7 6
1 6 14 16 19:27:3 9 5 4 6
3 4 7 11 18 19 25:34:1 4 8 1 9 6 5
2 6 13 15 19 21:28:2 9 3 7 6 1
2 21:3:2 1
2 6 13 15 19:27:2 9 3 7 6
2 9 14 16 19 22:26:2 5 5 4 6 4
4 11 15 21 23 24 25:25:4 1 7 1 2 5 5
4 7 14 15 19 21:31:4 8 5 7 6 1
1 5 13 15 19 23:31:3 10 3 7 6 2
4 5 14 18 19 25:39:4 10 5 9 6 5
1 8 14:19:3 6 10
1 6 14 16 19:27:3 9 5 4 6
3 7 15 16 23:22:1 8 7 4 2
2 9 14 16 19 22:26:2 5 5 4 6 4
4 5 7 16 22:38:8 10 8 8 4
1 6 14 16 19:27:3 9 5 4 6
2 6 13 15 19 21:28:2 9 3 7 6 1
4 5 14 18 19 25:39:4 10 5 9 6 5
1 5 13 15 19:29:3 10 3 7 6
1 5 14 15 19:31:3 10 5 7 6
4 5 14 18 19 25:39:4 10 5 9 6 5
2 3 9 14 16 19 22:27:2 1 5 5 4 6 4
7 14:13:8 5
4 7 14 15 19:30:4 8 5 7 6
1 3 5 13 15 19 23:32:3 1 10 3 7 6 2
1 5 14:36:6 20 10
4 7 14:17:4 8 5
4 7 14 15 19:30:4 8 5 7 6
2 6 13 15 19:27:2 9 3 7 6
3 15 21:9:1 7 1
2 6 15 19:24:2 9 7 6
1 6 14 16 19 21:28:3 9 5 4 6 1
1 5 14 19:37:6 20 5 6
3 7 8 9 21:21:1 8 6 5 1
3 5 6 8 11 13 22:37:1 10 9 6 1 6 4
1 6 14 16 19:27:3 9 5 4 6
4 7 14 15 19:30:4 8 5 7 6
3 7 9 17 20:19:1 8 5 2 3
1 3 5 14 15 19:32:3 1 10 5 7 6
1 5 13 15 19:29:3 10 3 7 6
2 9 14 16 19 22:26:2 5 5 4 6 4
6 20:15:9 6
7 8 10 14 18 20 21 23:37:8 6 3 5 9 3 1 2
4 5 14 18 19 25:39:4 10 5 9 6 5
1 7 14 16 19 22:30:3 8 5 4 6 4
12 18 20 22:26:1 18 3 4
3 7 9 12 14 18 25:34:1 8 5 1 5 9 5
5 13 15 19:26:10 3 7 6
1 3 5 14 15 19:32:3 1 10 5 7 6
1 5 13 15 19:29:3 10 3 7 6
1 5 14:21:6 10 5
1 6 14 16 19:27:3 9 5 4 6
17 19:8:2 6
1 5 13 15 19 21:30:3 10 3 7 6 1
1 3 7 14 16 19 22:31:3 1 8 5 4 6 4
4 7 14 15 19:30:4 8 5 7 6
1 5 14 15 19:31:3 10 5 7 6
1 3 5 14 15 19:32:3 1 10 5 7 6
1 6 14 16 19:27:3 9 5 4 6
3 16 24:10:1 4 5
3 6 24:15:1 9 5
6 14 20:22:9 10 3
4 8 9 10 20 23 25:28:4 6 5 3 3 2 5
5 9 21:16:10 5 1
1 5 13 15 19:29:3 10 3 7 6
4 5 14 18 19 25:39:4 10 5 9 6 5
1 6 14 16 19:27:3 9 5 4 6
2 6 13:18:6 9 3
2 3 5 12 14 21:22:4 1 10 1 5 1
1 9 14 15 19 20 23:36:3 5 10 7 6 3 2
4 5 14 18 19 25:39:4 10 5 9 6 5
1 3 5 14 25:24:3 1 10 5 5
2 6 14 18 21 24 25:36:2 9 5 9 1 5 5
1 5 13 15 19:29:3 10 3 7 6
4 5 14 18 19 25:39:4 10 5 9 6 5
1 6 14 15 24 25:41:3 9 5 14 5 5
4 7 14 15 19:30:4 8 5 7 6
2 9 14 15 16 19 22:38:2 10 5 7 4 6 4
1 6 14 16 19:27:3 9 5 4 6
3 9 17 25:13:1 5 2 5
2 23 24 25:19:2 2 10 5
1 5 13 15 19:29:3 10 3 7 6
1 6 14 16 19:27:3 9 5 4 6
1 7 14 16 19 22:30:3 8 5 4 6 4
2 6 13 21:28:6 18 3 1
9 10 12:9:5 3 1
1 5 14 15 19:34:6 10 5 7 6
9 17:12:10 2
1 5 14 15 19:31:3 10 5 7 6
1 2 8 14:16:3 2 6 5
6 17 22:15:9 2 4
4 7 14 15 19 22 25:46:4 8 5 14 6 4 5
1 5 13 15 19 21:30:3 10 3 7 6 1
1 5 13 15 19 21 23:32:3 10 3 7 6 1 2
1 5 14 15 19:31:3 10 5 7 6
1 5 14 22:35:6 20 5 4
4 7 14 15 19:30:4 8 5 7 6
2 9 14 16 19 22:26:2 5 5 4 6 4
4 15 22 23:17:4 7 4 2
1 8 11 12 16 22 25:29:3 6 1 1 4 4 10
1 5 14 25:28:3 10 5 10
2 3 9 13 17 19 24:29:2 1 5 3 2 6 10
3 12 21 25:8:1 1 1 5
2 3 14 19 20:17:2 1 5 6 3
1 3 5 13 15 19 23:32:3 1 10 3 7 6 2
1 5 13 15 19:29:3 10 3 7 6
1 6 7 13 15 19 24 25:55:3 9 8 6 7 12 5 5
1 7 14 16 19 22:30:3 8 5 4 6 4
1 5 13 15 19 23:31:3 10 3 7 6 2
1 3 6 19 21:20:3 1 9 6 1
11 12 24:8:2 1 5
2 5 14 16 17 19 23 25:36:2 10 5 4 2 6 2 5
1 2 7 15 16 20 22 23:42:3 2 8 14 4 3 4 4
1 7 13 16 19 22 25:33:3 8 3 4 6 4 5
1 5 13 15 19 23:31:3 10 3 7 6 2
3 5 6 12 21:23:1 10 9 2 1
1 5 13 15 19 23:31:3 10 3 7 6 2
4 7 14 15 19:30:4 8 5 7 6
2 3 6 13 15 19:28:2 1 9 3 7 6
1 5 13 15 19:29:3 10 3 7 6
4 5 14:33:8 20 5
1 5 14:24:9 10 5
1 5 14 25:31:6 10 5 10
1 8 14 18 19 24 25:39:3 6 5 9 6 5 5
1 6 14:25:6 9 10
5 11 13 16:19:10 2 3 4
2 11 13 19 22 24:24:2 1 6 6 4 5
1 5 14 15 19:31:3 10 5 7 6
1 5 13 15 19 21 23:32:3 10 3 7 6 1 2
4 7 14 15 19:30:4 8 5 7 6
1 6 14 16 19:27:3 9 5 4 6
2 3 9 14 16 19 22:27:2 1 5 5 4 6 4
1 3 7 14 16 19 22:31:3 1 8 5 4 6 4
3 4 5 14 18 19 25:40:1 4 10 5 9 6 5
16 25:9:4 5
1 7 14 16 19 22:30:3 8 5 4 6 4
14 19 20:14:5 6 3
1 5 14:18:3 10 5
2 11 14 16 18:26:2 1 10 4 9
2 6 13 15 19 21:28:2 9 3 7 6 1
1 2 18:14:3 2 9
1 10 17 18:17:3 3 2 9
2 8 9 14:29:2 12 5 10
2 9 14 16 19 22:26:2 5 5 4 6 4
2 6 13 15 19:27:2 9 3 7 6
4 7 14 15 19:38:4 16 5 7 6
1 5 13 15 19 23:31:3 10 3 7 6 2
1 6 14 18 19 25:37:3 9 5 9 6 5
2 5 14 16 19 23 25:39:2 10 10 4 6 2 5
2 5 14 16 19 23 25:36:2 10 5 4 6 4 5
2 6 13 15 19:27:2 9 3 7 6
1 7 14 16 19 22:30:3 8 5 4 6 4
4 5 14 18 19 25:39:4 10 5 9 6 5
7 11 16 18 22 25:31:8 1 4 9 4 5
2 6 13 15 19:27:2 9 3 7 6
4 5 14 18 19 25:39:4 10 5 9 6 5
1 3 11 15 20 21 23 24:23:3 1 1 7 3 1 2 5
2 6 13 15 19:27:2 9 3 7 6
3 4 5 9 15 22:31:1 4 10 5 7 4
1 5 13 15 19:29:3 10 3 7 6
1 6 8 14 15 19 24:41:3 9 6 5 7 6 5
6 14 16 19:24:9 5 4 6
1 5 13 15 19 23:31:3 10 3 7 6 2
1 7 14 16 19 22:30:3 8 5 4 6 4
1 5 14:18:3 10 5
2 5 14 16 19 23 25:34:2 10 5 4 6 2 5
1 6 14 16 19 21:28:3 9 5 4 6 1
6 17 19 23:19:9 2 6 2
2 6 13 15 19:27:2 9 3 7 6
4 6 14 18 24:41:4 9 5 18 5
1 8 15 17 23:20:3 6 7 2 2
4 7 14 15 19:30:4 8 5 7 6
4 5 14:19:4 10 5
1 7 14 16 19 22:30:3 8 5 4 6 4
2 6 13 15 19 21:28:2 9 3 7 6 1
9 25:15:5 10
6 7 15 17 20 22:33:9 8 7 2 3 4
4 5 14:19:4 10 5
1 5 13 15 19 23:31:3 10 3 7 6 2
1 3 5 13 15 19 23:32:3 1 10 3 7 6 2
1 5 13 15 19:29:3 10 3 7 6
4 5 14 18 19 25:39:4 10 5 9 6 5
2 8 13 25:16:2 6 3 5
1 5 13 15 19:29:3 10 3 7 6
4 11 24:10:4 1 5
2 6 13 20:17:2 9 3 3
1 16 18 21 25:35:3 8 18 1 5
2 9 14 16 19 22:26:2 5 5 4 6 4
1 5 14 15 19:31:3 10 5 7 6
1 5 13 15 19 23:31:3 10 3 7 6 2
4 7 14 15 19 21:31:4 8 5 7 6 1
2 13 15 19:18:2 3 7 6
1 5 13 15 19 23:31:3 10 3 7 6 2
1 8 14:20:3 12 5
4 8:10:4 6
1 7 14 16 19 22:30:3 8 5 4 6 4
6 8 10 14:23:9 6 3 5
1 5 14 15 19:31:3 10 5 7 6
2 4 10 11 12 13 16 20:21:2 4 3 1 1 3 4 3
1 5 13 14 15 19:34:3 10 3 5 7 6
1 7 14 16 19 22:30:3 8 5 4 6 4
1 5 13 15 19:29:3 10 3 7 6
3 5 7 13 15 16 20 24:41:1 10 8 3 7 4 3 5
2 6 13 15 19:27:2 9 3 7 6
9 16:9:5 4
3 4 5 14 18 19 25:40:1 4 10 5 9 6 5
1 6 14 16 19:27:3 9 5 4 6
2 3 8 9 12 22:21:4 1 6 5 1 4
1 7 14:24:3 16 5
4 7 14 15 19:30:4 8 5 7 6
1 8 13 18:21:3 6 3 9
1 6 14 16 19:27:3 9 5 4 6
5 9 17 20 22:29:10 10 2 3 4
1 5 14 15 19:31:3 10 5 7 6
1 9 14 25:18:3 5 5 5
1 13 15 19:19:3 3 7 6
1 10:6:3 3
1 3 7 14 16 19 22:31:3 1 8 5 4 6 4
6 12 22:14:9 1 4
1 5 14 15 19:31:3 10 5 7 6
1 5 13 15 19:29:3 10 3 7 6
1 6 14 16 19:27:3 9 5 4 6
4 5 14 18 19 25:53:4 10 5 18 6 10
6 12 14 17 18 21:32:9 1 10 2 9 1
2 9 14 16 19 22:31:2 5 10 4 6 4
7 9 18 21:23:8 5 9 1
1 3 5 13 15 19:30:3 1 10 3 7 6
3 8 9 15:19:1 6 5 7
8 11 17:15:12 1 2
1 7 14 16 19 22:30:3 8 5 4 6 4
5 13 14 21 22:27:10 3 5 1 8
2 6 10 18:26:2 9 6 9
4 5 14 18 19 25:39:4 10 5 9 6 5
4 5 14:33:8 20 5
1 5 14 15 19:31:3 10 5 7 6
1 3 4 15 16 20 21:23:3 1 4 7 4 3 1
2 6 13 15 19:27:2 9 3 7 6
1 5 13 15 19 23:31:3 10 3 7 6 2
4 6 14 18 24:32:4 9 5 9 5
1 5 13 15 19 23:31:3 10 3 7 6 2
1 6 13 15 19 24 25:46:6 9 3 7 6 5 10
2 6 13 15 19:27:2 9 3 7 6
1 6 14 15 24 25:34:3 9 5 7 5 5
4 5 14:33:8 20 5
2 5 13:15:2 10 3
20 21:5:3 2
1 5 14:21:6 10 5
1 5 14 19:37:6 20 5 6
2 8 13 24 25:23:4 6 3 5 5
4 5 14 15 19:51:8 20 10 7 6
6 11 15 21:27:18 1 7 1
1 6 14 25:25:6 9 5 5
2 6 13 20 25:25:2 9 6 3 5
1 8 14 15 19 24:38:3 12 5 7 6 5
1 3 6 14 16 19:28:3 1 9 5 4 6
1 4 5 11:18:3 4 10 1
2 5 7 9 10 14 18:56:2 10 8 5 3 10 18
4 7 14 15 19:30:4 8 5 7 6
1 7 14 16 19 22:30:3 8 5 4 6 4
1 5 14 25:26:6 10 5 5
8 9 13 18:26:6 5 6 9
4 5 13 14 15 19:49:8 20 3 5 7 6
2 3 9 14 16 19 22:27:2 1 5 5 4 6 4
5 16 18 20 21 24:32:10 4 9 3 1 5
1 4 8 11 16 23:26:3 4 12 1 4 2
1 7 14 16 19 22:30:3 8 5 4 6 4
1 7 14 16 19 21 22:31:3 8 5 4 6 1 4
1 5 13 15 19:29:3 10 3 7 6
6 14 16:18:9 5 4
1 6 12 14 15 24 25:35:3 9 1 5 7 5 5
2 9 14 16 19 22:26:2 5 5 4 6 4
1 6 14 18 19 25:52:3 9 5 18 12 5
1 5 13 15 19 23:31:3 10 3 7 6 2
1 7 14 16 19 22:30:3 8 5 4 6 4
2 9 14 16 19 22:26:2 5 5 4 6 4
1 4 8 14 18 22:31:3 4 6 5 9 4
4 5 14 18 19 25:39:4 10 5 9 6 5
1 6 14 25:27:3 9 10 5
2 13 19:11:2 3 6
2 6 13 15 19 21:28:2 9 3 7 6 1
2 8:8:2 6
1 6 14 16 19:27:3 9 5 4 6
1 6 14 16 19:27:3 9 5 4 6
8 12 14 16 18 22 25:39:6 1 10 4 9 4 5
1 2 5 13 15 19 23:36:6 2 10 3 7 6 2
4 5 14:19:4 10 5
1 5 13 15 19 23:31:3 10 3 7 6 2
1 5 6 8 11 18:38:3 10 9 6 1 9
2 8 11 19 20:18:2 6 1 6 3
8 11 16 21:12:6 1 4 1
7 13 19 20 21 24:34:8 3 6 6 1 10
1 7 14 16 22:24:3 8 5 4 4
1 13 20 22:17:3 3 3 8
1 7 14 16 19 22:30:3 8 5 4 6 4
1 5 13 15 19 23:31:3 10 3 7 6 2
11 13 15:14:1 6 7
1 7 14 16 19 22:30:3 8 5 4 6 4
1 5 14 15 19:31:3 10 5 7 6
2 9 14 16 19 22:26:2 5 5 4 6 4
4 7 14 15 19:30:4 8 5 7 6
3 4 7 14 15 19:31:1 4 8 5 7 6
1 5 14 15 19:31:3 10 5 7 6
1 5 14:31:6 20 5
1 6 13 15 19 24 25:38:3 9 3 7 6 5 5
1 3 5 14 15 19:32:3 1 10 5 7 6
4 7 14 15 19:30:4 8 5 7 6
1 8 11 14:15:3 6 1 5
1 5 14 15 19:31:3 10 5 7 6
1 5 13 15 19 23:31:3 10 3 7 6 2
1 5 14 15 19:31:3 10 5 7 6
4 11 15 17 21:15:4 1 7 2 1
1 3 5 14 15 19:32:3 1 10 5 7 6
3 6 10 20:25:1 18 3 3
5 10 23:15:10 3 2
1 5 8 14 15 19:47:3 20 6 5 7 6
1 6 14 16 19:27:3 9 5 4 6
4 5 14 18 25:33:4 10 5 9 5
1 5 14 15 19:31:3 10 5 7 6
6 14 23:16:9 5 2
1 5 13 15 19:29:3 10 3 7 6
2 6 13 20 25:27:2 9 3 3 10
4 7 14 15 19:30:4 8 5 7 6
1 8 14 18 19 24 25:39:3 6 5 9 6 5 5
11 21:2:1 1
11 15 17 19 20 21 24:32:1 14 2 6 3 1 5
4 7 14 15 19:30:4 8 5 7 6
8 12 22 23 24:18:6 1 4 2 5
1 2 3 4 21 22 23:17:3 2 1 4 1 4 2
1 7 14 16 22:24:3 8 5 4 4
7 12 16 18:22:8 1 4 9
4 7 14 15 19:30:4 8 5 7 6
2 10 11 12 17 25:14:2 3 1 1 2 5
3 13 22:8:1 3 4
2 9 14 16 19 22:26:2 5 5 4 6 4
4 7 14 15 19:30:4 8 5 7 6
4 5 14 18 19 25:39:4 10 5 9 6 5
7 10 20 21:15:8 3 3 1
1 6 14 16 19:27:3 9 5 4 6
1 5 13 15 19 23:31:3 10 3 7 6 2
1 5 13 15 19 23:31:3 10 3 7 6 2
2 6 13 15 19:27:2 9 3 7 6
1 8 9 10 23 24:37:3 12 10 3 4 5
7 11 16:25:16 1 8
1 6 14 16 19 21:28:3 9 5 4 6 1
4 5 14 18 19 25:39:4 10 5 9 6 5
1 7 14 16 19 22:30:3 8 5 4 6 4
1 7 14 16 19 22:30:3 8 5 4 6 4
1 7 14 16 19 22:30:3 8 5 4 6 4
1 5 13 15 19:29:3 10 3 7 6
