1 5 14:31:6 20 5
1 3 6 14:26:6 1 9 10
7 9 14 19:74:24 15 5 30
1 5 14:31:6 20 5
4 5 14:33:8 20 5
1 5 14:58:3 40 15
2 9 16 18:31:4 5 4 18
1 3 5 14:25:9 1 10 5
3 6 18:74:2 27 45
1 5 14:31:6 20 5
5 6 7 17 18:101:20 36 32 4 9
1 6 14:25:6 9 10
1 14:11:6 5
2 5 13:51:6 30 15
1 3 5 14:32:6 1 20 5
1 5 13 15 19:74:12 20 15 21 6
1 5 14:24:9 10 5
1 6 14 20:33:6 9 15 3
4 5 14:33:8 20 5
5 14 19:83:40 25 18
11 13 17 19:39:4 3 8 24
2 6 13:18:6 9 3
4 7 10 14:43:12 8 3 20
1 5 14:31:6 20 5
1 6 14:25:6 9 10
1 6 14:25:6 9 10
1 4 15 20:63:6 16 35 6
1 5 8 9 19:104:3 50 30 15 6
1 5 12 14 15 19:76:3 30 1 15 21 6
1 5 14:31:6 20 5
4 6 20:36:12 9 15
1 5 13 15 19:82:12 20 3 35 12
3 6 17 19:54:1 27 2 24
1 6 14 16 19:82:12 45 15 4 6
1 5 14:24:9 10 5
1 5 14:24:9 10 5
1 4 9:44:3 16 25
4 5 7 14:57:4 30 8 15
1 6 14:25:6 9 10
3 5 6 10 17:87:5 30 45 3 4
6 10 12 13 14 15:84:45 6 1 6 5 21
1 3 5 14:25:9 1 10 5
1 6 14:25:6 9 10
1 5 14:24:9 10 5
2 3 6 13:19:6 1 9 3
1 6 14:25:6 9 10
1 5 14:31:6 20 5
4 7 14:44:16 8 20
2 6 13:18:6 9 3
1 5 14:24:9 10 5
3 8 11 12:31:5 18 4 4
2 5 13 16 17:83:10 50 9 12 2
1 5 14:24:9 10 5
3 4 5 14:34:1 8 20 5
6 9 12 18:57:18 20 1 18
1 5 14:57:12 30 15
2 3 6 13:19:6 1 9 3
1 5 14:31:6 20 5
2 7 9 14:50:4 16 5 25
2 6 13:18:6 9 3
3 9 17:27:1 20 6
1 5 14:24:9 10 5
1 5 14:31:6 20 5
2 9 12 14 16 17:44:2 15 4 5 12 6
1 6 14:25:6 9 10
4 5 14 15 19:128:20 50 20 14 24
1 5 14:24:9 10 5
3 5 8 15 18 19:87:3 30 6 21 9 18
1 5 14:24:9 10 5
2 8 14 15 19:77:8 6 5 28 30
2 6 10 13 15 19:77:6 27 3 9 14 18
2 6 13:18:6 9 3
1 7 14 16 19:65:3 32 20 4 6
2 3 6 13:19:6 1 9 3
1 5 14 15 19:65:6 10 15 28 6
1 5 14:39:9 20 10
4 5 14:33:8 20 5
6 7 13:67:18 40 9
4 14 15 20:78:20 15 28 15
1 3 5 14:25:9 1 10 5
3 7 8 12 13 14 17:80:1 8 30 4 12 15 10
1 5 14:31:6 20 5
1 5 14:31:6 20 5
1 5 14:31:6 20 5
1 3 6 14 16 19:109:9 1 36 25 20 18
6 7 12 16:23:9 8 2 4
1 5 14:31:6 20 5
1 2 3 4 6 10:56:12 8 4 20 9 3
2 4 9 11 13 20:32:10 4 5 4 6 3
1 5 14:36:6 20 10
4 5 14 15 19:50:16 10 5 7 12
1 6 14:25:6 9 10
1 3 5 14:32:6 1 20 5
6 10 11 15 17:64:45 3 3 7 6
5 7 8 11 16 18:153:50 16 18 4 20 45
7 8 9 15 16 19:127:40 12 20 21 16 18
6 7 16 20:90:18 40 20 12
4 7 14:22:4 8 10
2 14 17 19 20:58:6 25 6 18 3
3 4 5 14:34:1 8 20 5
1 6 14:62:12 45 5
1 3 5 14:25:9 1 10 5
1 5 14:24:9 10 5
1 10 17:26:6 12 8
3 4 5 14:34:1 8 20 5
4 5 14:33:8 20 5
1 7 14:61:12 24 25
1 3 6 14:26:6 1 9 10
1 5 14:31:6 20 5
1 8 14:37:9 18 10
2 9 11 15 16 20:69:2 20 3 28 4 12
7 14 18 19 20:95:32 15 27 18 3
2 3 4 10 15 18 19:40:2 3 4 3 7 9 12
1 3 5 14:32:6 1 20 5
1 5 14 15 19:133:12 50 20 21 30
2 6 13:18:6 9 3
1 5 14:31:6 20 5
2 6 13:18:6 9 3
6 15 20:53:9 35 9
1 8 13 14:34:9 12 3 10
3 4 5 14:34:1 8 20 5
2 4 6 8 13 15:94:6 20 9 18 6 35
2 6 13:18:6 9 3
6 8 13 14 16 19:105:45 12 12 10 20 6
1 5 7 14 15 19:143:15 30 8 25 35 30
4 5:28:8 20
1 4 5 13 15 19:74:3 4 20 6 35 6
4 5 14:75:20 30 25
1 7 14 16 19:57:6 24 5 4 18
2 3 6 13:19:6 1 9 3
1 3 6 11 14 16:49:9 4 9 5 10 12
1 6 14:25:6 9 10
5 6 8 9 11 13:112:10 45 24 20 1 12
4 7 14 15 19:80:8 24 15 21 12
4 5 14:33:8 20 5
1 6 14 16 19:60:6 9 25 8 12
1 5 14:31:6 20 5
1 5 14:57:12 20 25
4 5 14:33:8 20 5
9 14 16:50:20 10 20
4 7 14 15 19:91:12 8 20 21 30
2 6 13:18:6 9 3
2 6 13:41:2 36 3
1 3 6 14:26:6 1 9 10
4 8 11 13:16:4 6 3 3
1 3 6 14:26:6 1 9 10
8 10 12 18 20:75:18 3 3 36 15
1 5 14:24:9 10 5
1 5 14 19:77:6 40 25 6
1 7 14:49:15 24 10
2 6:15:6 9
1 3 13 19:48:3 3 12 30
1 5 14 15 19:65:9 10 20 14 12
1 5 14 15 19:50:15 10 5 14 6
2 6 13:62:8 45 9
2 10 12 17 19:34:8 3 1 10 12
4 5 14:33:8 20 5
4 7 9 10 18:86:20 8 25 15 18
6 15 16 19:69:9 28 8 24
1 2 4 10 18:34:6 2 8 9 9
1 5 14:31:6 20 5
1 5 14:24:9 10 5
4 5 14:33:8 20 5
1 3 5 14:25:9 1 10 5
1 5 11 12 17:47:12 20 4 5 6
3 9 10 12:36:3 20 9 4
1 5 14:24:9 10 5
1 6 14:25:6 9 10
1 5 14:31:6 20 5
2 3 5 10 15:62:2 3 40 3 14
4 5 14:61:16 40 5
2 6 13 15 19:119:6 36 12 35 30
2 6 13 20:45:6 27 9 3
4 5 14:33:8 20 5
2 9 18 19:51:2 25 18 6
6 8 19:57:9 30 18
1 5 14:31:6 20 5
1 6 14:25:6 9 10
1 3 5 14:25:9 1 10 5
1 2 13 18:57:15 6 9 27
2 6 13:18:6 9 3
1 5 14:24:9 10 5
2 6 13:18:6 9 3
2 6 13:18:6 9 3
2 4 14 15 17:42:2 4 20 14 2
1 5 14:24:9 10 5
2 6 13:18:6 9 3
2 5 13:34:8 20 6
1 3 5 14:32:6 1 20 5
5 14:15:10 5
4 5 14:33:8 20 5
1 3 6 14:26:6 1 9 10
3 4 5 14:34:1 8 20 5
4 5 14:33:8 20 5
1 5 14:24:9 10 5
1 3 5 14:32:6 1 20 5
3 4 5 14:34:1 8 20 5
4 5 14:33:8 20 5
1 5 14:31:6 20 5
1 5 13 16 17:36:6 10 6 12 2
1 2 10 19:38:12 8 12 6
1 6 14:25:6 9 10
5 14:15:10 5
1 4 5 6 10 16 20:114:12 8 50 18 15 8 3
1 4 11 12 15:52:6 16 5 4 21
5 14:25:20 5
4 5 14:33:8 20 5
1 3 5 14:32:6 1 20 5
4 5 11 14 15 19:121:16 40 1 25 21 18
5 6 7 18:126:50 18 40 18
11 12 14:21:1 5 15
1 5 14:31:6 20 5
1 3 5 14:25:9 1 10 5
2 13:9:6 3
2 6 13:18:6 9 3
2 3 6 13:19:6 1 9 3
4 5 8 11 19 20:90:20 20 30 2 12 6
4 6 16 18:82:20 45 8 9
1 7 8 17 19:72:12 32 18 4 6
2 3 6 13:19:6 1 9 3
1 5 14:24:9 10 5
1 8 14:32:3 24 5
1 14:16:6 10
7 14 18:65:24 5 36
1 6 14:25:6 9 10
1 3 5 14:32:6 1 20 5
1 3 6 14:26:6 1 9 10
1 5 14:24:9 10 5
4 5 14 19:63:12 40 5 6
2 5 9 13 18:60:10 10 25 6 9
2 3 6 13:19:6 1 9 3
4 5 11 14:54:8 20 1 25
4 5 14:33:8 20 5
1 5 14:31:6 20 5
1 7 14 16 19:67:6 40 5 4 12
1 6 14:25:6 9 10
1 3 6 14:26:6 1 9 10
1 3 5 14:32:6 1 20 5
1 5 14:31:6 20 5
1 5 8 14 20:73:12 10 30 15 6
2 4 7 17:26:10 4 8 4
1 5 14:70:15 50 5
4 5 14:33:8 20 5
6 9 12 15:47:18 5 3 21
2 3 6 13:19:6 1 9 3
1 5 14:31:6 20 5
1 3 5 14:25:9 1 10 5
1 5 14:24:9 10 5
1 6 14:25:6 9 10
2 5 13:37:2 20 15
1 3 6 14:26:6 1 9 10
1 5 14:73:3 50 20
1 3 5 10 11 20:40:6 3 10 3 3 15
3 4 5 14:34:1 8 20 5
1 5 12 14:71:15 30 1 25
1 8 14:29:6 18 5
4 5 10 20:40:4 30 3 3
1 5 7 14 15 19:114:3 30 8 15 28 30
4 5 14:33:8 20 5
1 6:15:6 9
2 3 6 13:19:6 1 9 3
2 5 8 14 15 19:107:8 10 24 25 28 12
4 5 14 15 19:120:8 50 25 7 30
2 6 13 20:59:2 45 9 3
4 5 9 14:60:20 20 5 15
7 11 13 14:43:16 4 3 20
1 4 5 14:68:3 20 40 5
1 5 13 15 19:53:9 10 15 7 12
2 7 20:38:2 24 12
1 6 14:25:6 9 10
2 13:9:6 3
6 7 18 19:104:45 32 9 18
4 5 14:33:8 20 5
4 5 14:33:8 20 5
2 10 11 14 20:50:10 6 4 15 15
11 16 20:12:5 4 3
2 6 13:18:6 9 3
2 6 13:18:6 9 3
2 6 7 13:69:10 45 8 6
1 13 19:45:12 9 24
1 4 5 7 9 11 16:105:15 20 50 8 5 3 4
5 6 10 16 18:104:30 45 12 8 9
2 6 13:18:6 9 3
4 11 17:13:4 1 8
4 8 10 12 16:50:12 18 3 5 12
1 7 8 14 16 19:86:3 24 6 15 20 18
2 3 6 13:19:6 1 9 3
1 5 14 15 19:89:9 40 20 14 6
2 3 6 13:19:6 1 9 3
1 5 14:24:9 10 5
4 5 14:33:8 20 5
2 6 13:18:6 9 3
1 5 14 15 19:97:6 50 15 14 12
1 5 14:24:9 10 5
1 6 14:25:6 9 10
3 5 14 18 20:108:1 40 25 27 15
2 6 13:18:6 9 3
4 5 14:51:16 30 5
1 3 5 14:25:9 1 10 5
2 6 13:18:6 9 3
4 5:28:8 20
3 4 5 14:34:1 8 20 5
2 6 13:18:6 9 3
4 6 10 14 16 19:111:12 45 3 25 8 18
1 5:19:9 10
1 6 14:45:3 27 15
4 5 10 14 15 19:100:12 20 3 25 28 12
1 2 5 14 15 18:78:12 8 10 25 14 9
4 5 14 15 19:149:16 50 25 28 30
9 13 16 17:57:20 9 20 8
1 6 14:25:6 9 10
1 5 14:24:9 10 5
2 6 13:18:6 9 3
1 5 14:24:9 10 5
1 5 14:31:6 20 5
3 4 15 19 20:59:4 4 21 24 6
1 5 14:31:6 20 5
3 4 5 14:34:1 8 20 5
1 6 14:25:6 9 10
2 3 8 14 15 19:57:8 1 6 15 21 6
1 6 14:25:6 9 10
1 5 14:31:6 20 5
6 9 10 11 13:44:9 15 15 2 3
1 5 14:31:6 20 5
2 6 13:18:6 9 3
5 10 12 15 16:70:40 3 5 14 8
1 5 14:24:9 10 5
2 6 13:18:6 9 3
4 5 14:33:8 20 5
4 5 14:33:8 20 5
1 16 19:36:12 12 12
2 5 13:25:2 20 3
1 6 14:25:6 9 10
5 7 12 20:53:30 16 1 6
2 6 13:18:6 9 3
3 4 7 14 15 19:57:1 16 16 5 7 12
1 3 6 14:26:6 1 9 10
4 5 14:33:8 20 5
1 5 14:24:9 10 5
1 5 14:40:15 10 15
3 4 5 14 15 19:71:1 20 20 10 14 6
4 5 14:33:8 20 5
1 5 14:70:15 40 15
1 14 18 19:59:6 20 9 24
1 5 14 15 19:102:3 40 20 21 18
2 5 13 19:67:10 30 9 18
2 6 8 14 15 19:88:4 9 24 10 35 6
1 3 5 14:25:9 1 10 5
2 6 13:18:6 9 3
2 6 13:56:8 36 12
4 7 14:67:12 40 15
2 6 13:18:6 9 3
1 3 6 14:26:6 1 9 10
1 5 14:24:9 10 5
1 8 14:54:15 24 15
1 5 14:24:9 10 5
2 5 6 18:65:10 10 27 18
2 5 13 18:37:2 20 6 9
8 15 19:63:24 21 18
1 5 14:31:6 20 5
4 5 14:33:8 20 5
4 5 14:33:8 20 5
2 6 13:18:6 9 3
4 5 14:33:8 20 5
1 17 19 20:54:12 6 30 6
1 6 14:25:6 9 10
3 4 9 10 15 19 20:106:4 12 25 9 35 18 3
1 6 14:25:6 9 10
5 8 10 12:40:10 12 15 3
2 6 13:41:2 27 12
1 5 14:24:9 10 5
2 6 13:18:6 9 3
1 5 14:48:3 40 5
2 3 6 13:19:6 1 9 3
6 11 15 17 20:40:9 5 21 2 3
3 4 5 14:34:1 8 20 5
3 11 12 14:15:4 5 1 5
6 7 13 15 16 19:103:27 24 9 7 12 24
1 6 14:25:6 9 10
2 6 13:50:2 36 12
1 5 14:24:9 10 5
2 10 13 16 17 18:58:4 12 9 20 4 9
6 14:19:9 10
5 10 11 16 17:55:20 9 2 16 8
1 3 5 14:32:6 1 20 5
4 5 14:33:8 20 5
1 8 14:24:3 6 15
8 10 11 17 18 19:64:6 15 2 8 27 6
4 7 14 15 19:110:20 40 5 21 24
7 10 11 18:41:16 15 1 9
4 7 14 16:72:8 40 20 4
1 6 14:25:6 9 10
1 6 14:25:6 9 10
3 8 16 17:27:5 12 8 2
1 5 14:31:6 20 5
9 13 15 18 20:83:5 6 21 45 6
2 4 5 14 15 19:120:2 16 40 15 35 12
2 6 13:18:6 9 3
1 6 14:25:6 9 10
3 5 18 19 20:68:4 40 9 12 3
2 8 14 15 18 19:79:2 24 25 7 9 12
1 6 14:25:6 9 10
1 7 14 16 19:98:9 40 15 16 18
1 5 14:24:9 10 5
1 3 5 14:32:6 1 20 5
9 14 20:42:20 10 12
1 6 14:25:6 9 10
6 10 12 16 18:121:45 15 4 12 45
1 5 14 15 19:79:15 30 15 7 12
1 5 14:24:9 10 5
3 10 12:12:1 9 2
1 5 14:31:6 20 5
1 5 14:24:9 10 5
1 5 14 15 19:90:12 30 15 21 12
3 7 8 13 18 19:118:4 24 12 15 45 18
2 4 6 13:53:4 4 36 9
1 5 14:31:6 20 5
5 14:25:20 5
2 8 18:53:2 6 45
4 7 14 15 19:83:16 16 5 28 18
1 5 14:31:6 20 5
4 5 14:33:8 20 5
1 3 5 14:25:9 1 10 5
2 6 10 19:58:4 36 12 6
7 13 18:91:40 15 36
1 6 14:25:6 9 10
1 6 14 16 19:112:12 45 25 12 18
7 13 18 19 20:72:24 3 18 12 15
4 5 14 15 19:122:20 40 25 7 30
1 4 5 13 15 19:69:15 4 10 6 28 6
1 6 14:25:6 9 10
1 5 14:57:12 40 5
3 4 9 17 20:54:4 16 20 8 6
1 5 14:51:6 40 5
1 5 14:37:12 20 5
4 5 14:33:8 20 5
2 6 13:18:6 9 3
2 6 13:18:6 9 3
1 6 14:74:9 45 20
9 12 17:18:10 4 4
2 6 13:32:8 18 6
1 11 12:21:15 1 5
4 6 9 15 16:95:20 36 5 14 20
1 3 5 14:32:6 1 20 5
1 5 14:24:9 10 5
1 3 6 14:66:9 1 36 20
3 4 5 14:34:1 8 20 5
9 10 18 19:38:5 9 18 6
4 5 14:33:8 20 5
2 8 14 15 19:64:4 30 5 7 18
1 5 6 16:101:12 50 27 12
3 4 5 14:34:1 8 20 5
4 17 20:29:16 4 9
1 6 11 14:47:12 9 1 25
1 6 11 14:50:15 9 1 25
1 7 14 16 19:98:9 40 15 16 18
7 10 13 17:55:32 6 9 8
1 7 10 14:35:3 24 3 5
4 5 14:33:8 20 5
2 5 8 17 20:61:2 10 24 10 15
8 12 19 20:55:18 4 30 3
1 7 14 15:42:12 8 15 7
1 5 14:31:6 20 5
1 5:26:6 20
4 7 9 14 17 20:92:20 40 10 10 6 6
2 10 13 14 15 17 18:71:8 3 12 5 14 2 27
1 5 14:36:6 10 20
4 9 13 20:48:4 20 12 12
1 6 14:25:6 9 10
1 6 14:25:6 9 10
1 3 5 14:32:6 1 20 5
1 3 6 14:26:6 1 9 10
3 10 12 13 14 18:34:1 6 5 3 10 9
4 5 14 15 19:94:12 40 10 14 18
2 3 7 10:21:8 2 8 3
1 5 10 13 15 19:105:15 20 3 15 28 24
1 3 6 14:26:6 1 9 10
2 6 13:18:6 9 3
3 7 8 11 14 19:104:4 40 24 4 20 12
8 11 18 19 20:106:18 1 45 30 12
4 5 6 8 16:94:12 20 18 24 20
1 3 5 14:25:9 1 10 5
2 5 13:42:6 30 6
1 12 13 14 16 19:78:9 3 12 20 4 30
4 5 14 15 19:102:16 20 15 21 30
8 10 11 15 17:67:30 12 5 14 6
1 5 14:24:9 10 5
1 5 10 14 15 19:122:15 40 3 25 21 18
2 4 11 16:43:6 16 5 16
4 5 14:33:8 20 5
2 6 13:18:6 9 3
1 5 14:42:12 20 10
1 4 20:22:9 4 9
4 5 14:33:8 20 5
1 6 11 14 16 19:81:3 18 1 25 16 18
4 5 8 14 15 19:88:20 10 6 15 7 30
8 9 16 18:53:12 10 4 27
4 7 10 13:60:20 16 9 15
1 8 14 16 18 20:98:9 12 25 4 45 3
3 7 8 10 14 15 18:126:3 24 12 3 25 14 45
