4 7 14:17:4 8 5
1 4 6 14 25:26:3 4 9 5 5
1 5 14 26:19:3 10 5 1
18 20:12:9 3
1 5 14 15 19:44:9 10 5 14 6
5 26:12:10 2
1 21 26:5:3 1 1
2 5 13:15:2 10 3
4 7 14:17:4 8 5
4 5 14:19:4 10 5
1 6 14 25:22:3 9 5 5
21 24:6:1 5
4 5 14 27:20:4 10 5 1
1 8 14:14:3 6 5
4 5 14:33:8 20 5
7 8 12:21:8 12 1
2 5 13 28:17:2 10 3 2
1 8 14:14:3 6 5
16 23:6:4 2
1 5 14:18:3 10 5
1 19:9:3 6
4 5:14:4 10
4 7 14 15 19 22 25:48:8 8 10 7 6 4 5
1 7 14 30:18:3 8 5 2
4 27:5:4 1
2 5 13 21:16:2 10 3 1
4 24 27:10:4 5 1
2 21 23:5:2 1 2
7 15 26:31:16 14 1
1 8 14:14:3 6 5
1 5 14 15 19:50:9 10 5 14 12
1 7 14:16:3 8 5
3 4 7 14:18:1 4 8 5
4 7 14 29:20:4 8 5 3
10 21:7:6 1
1 5 14 27:19:3 10 5 1
6 8 20 26:22:9 6 6 1
4 5 14:19:4 10 5
4 5 14:19:4 10 5
4 5 14:19:4 10 5
8 20:9:6 3
1 5 14 18:33:9 10 5 9
2 6 14 18 24 25:49:2 9 5 18 10 5
1 8 14 30:16:3 6 5 2
7 14:13:8 5
2 5 13:15:2 10 3
4 7 14:17:4 8 5
1 7 14:16:3 8 5
6 8 16 19:25:9 6 4 6
1 8 22:16:6 6 4
2 6 13:16:4 9 3
1 5 14:31:6 20 5
1 6 14 16 19 30:39:3 9 5 8 12 2
3 14:11:1 10
2 5 13 30:17:2 10 3 2
9 11 28:9:5 2 2
4 7 14 26:18:4 8 5 1
1 6 7 14 15 24 25:42:3 9 8 5 7 5 5
1 5 14:18:3 10 5
1 5 14 15 19:37:9 10 5 7 6
1 5 14:31:6 20 5
1 8 14:14:3 6 5
19 21:7:6 1
1 5 14 18 19 25 29:53:3 10 5 18 6 5 6
23 26:5:4 1
14 19 29:17:5 6 6
1 7 14:16:3 8 5
29 30:5:3 2
4 5 14:19:4 10 5
11 13 28:7:2 3 2
1 7 14 27:17:3 8 5 1
2 8 14 15 19:31:2 6 10 7 6
1 5 14 15 19:34:6 10 5 7 6
2 3 5 13:16:2 1 10 3
5 26 29:15:10 2 3
1 5 14:18:3 10 5
4 7 14:17:4 8 5
2 5 14 16 19 23 25:34:2 10 5 4 6 2 5
4 5 14 30:21:4 10 5 2
4 5 14:19:4 10 5
3 8 9 20:15:1 6 5 3
1 7 14 26:17:3 8 5 1
4 7 14:17:4 8 5
1 5 14 15 19 23 25:48:6 10 5 14 6 2 5
17 28:4:2 2
1 3 8 14:15:3 1 6 5
1 8 14:14:3 6 5
13 30:5:3 2
1 14 18:17:3 5 9
7 15:15:8 7
4 5 14:19:4 10 5
4 7 14 15 17 19 22 25:46:4 8 5 7 2 6 4 10
4 5 14:19:4 10 5
1 7 14:16:3 8 5
4 7 14:17:4 8 5
1 5 14 28:20:3 10 5 2
1 6 13 15 19 24 25:44:6 9 6 7 6 5 5
4 5 14:19:4 10 5
2 8 13 25:21:2 6 3 10
22 27 29:12:8 1 3
1 18 25:25:6 9 10
2 8 10 13 25:19:2 6 3 3 5
1 5 14:18:3 10 5
2 9 14 16 19 22:32:4 5 5 8 6 4
4 6 14 18 23 24:52:4 18 5 18 2 5
1 8 14:14:3 6 5
4 5 14:19:4 10 5
4 27:5:4 1
2 6 14 18 24 25 26:38:4 9 5 9 5 5 1
1 5 14:18:3 10 5
14 16 21:10:5 4 1
8 12:8:6 2
1 8 14:14:3 6 5
4 5 14:19:4 10 5
16 27:5:4 1
13 17 25 28:12:3 2 5 2
4 7 14:17:4 8 5
15 18 30:18:7 9 2
4 7 14 27:18:4 8 5 1
1 7 10 14 16 19 22:37:3 8 3 5 8 6 4
19 27:13:12 1
2 7 9 14 16 19 22:36:4 8 5 5 4 6 4
7 16 25:17:8 4 5
4 7 14:17:4 8 5
1 5 14:18:3 10 5
17 28:6:2 4
2 5 13:15:2 10 3
1 7 14:16:3 8 5
22 26:5:4 1
8 26 28:10:6 2 2
3 8:7:1 6
2 5 13:15:2 10 3
1 5 14:18:3 10 5
19 23:8:6 2
2 5 9 13:20:2 10 5 3
4 5 14 25:24:4 10 5 5
4 5 14:19:4 10 5
4 5 14:19:4 10 5
1 6 8 14 25:36:6 9 6 5 10
5 13:13:10 3
4 5 14:19:4 10 5
4 15 19 23:19:4 7 6 2
1 5 14:18:3 10 5
1 8 14 21:15:3 6 5 1
2 8 13 25:22:2 12 3 5
1 2 5 14 25:28:6 2 10 5 5
1 8 14:14:3 6 5
10 27:4:3 1
1 8 14:14:3 6 5
17 21 24:8:2 1 5
7 14:13:8 5
4 5 14 30:21:4 10 5 2
4 21:5:4 1
1 5:13:3 10
1 5 14 15 19:44:3 10 5 14 12
15 16:11:7 4
13 16:7:3 4
1 5 14:18:3 10 5
1 7 14:16:3 8 5
4 5 14 27:20:4 10 5 1
2 5 13 15 19 25:35:4 10 3 7 6 5
1 5:13:3 10
16 20 26:9:4 3 2
4 5 14:19:4 10 5
1 6 14 15 24 25:34:3 9 5 7 5 5
1 8 14:14:3 6 5
1 5 14:18:3 10 5
1 8 14:14:3 6 5
2 8 13 25:16:2 6 3 5
2 5 13:15:2 10 3
4 5 14 25 28:26:4 10 5 5 2
16 23:10:8 2
1 5 14 18 19 25 29:56:3 20 10 9 6 5 3
7 20:11:8 3
8 10 25 28:16:6 3 5 2
2 5 13:15:2 10 3
17 20 22:9:2 3 4
5 11:21:20 1
18 26:10:9 1
4 8 20 29:16:4 6 3 3
1 8 14:14:3 6 5
1 7 14:24:3 16 5
1 7 14:16:3 8 5
15 21:8:7 1
4 7 14:17:4 8 5
4 13:10:4 6
6 12 14:24:18 1 5
2 14 16 26:12:2 5 4 1
2 5 13:15:2 10 3
4 5 14 18 19 25:39:4 10 5 9 6 5
4 7 14:17:4 8 5
3 22:10:2 8
1 7 14 26:17:3 8 5 1
2 6 13:18:6 9 3
1 8 14:14:3 6 5
1 8 14:14:3 6 5
1 5 14 28:20:3 10 5 2
4 19 20:19:4 12 3
2 3 26 30:6:2 1 1 2
1 12 18 20:25:3 1 18 3
4 5 14 30:21:4 10 5 2
14 23:9:5 4
6 13:12:9 3
2 3 5 13:16:2 1 10 3
1 5 14:18:3 10 5
1 5 6 14 18 24 25:59:6 20 9 5 9 5 5
4 5 14:19:4 10 5
4 7 14 27:18:4 8 5 1
4 7 14:17:4 8 5
1 3 7 14:17:3 1 8 5
5 6 9:24:10 9 5
1 5 14 18 19 25 29:41:3 10 5 9 6 5 3
2 5 13 27:16:2 10 3 1
9 19:11:5 6
4 5 14 21:20:4 10 5 1
1 8 14:14:3 6 5
1 5 14 26:19:3 10 5 1
2 5 13:15:2 10 3
1 7 14:16:3 8 5
4 5 14 28:21:4 10 5 2
1 5 14:18:3 10 5
4 7 14 15 19 22 25:44:4 8 5 7 6 4 10
10 18 30:14:3 9 2
1 8 14:14:3 6 5
2 21:5:4 1
7 8 17:16:8 6 2
1 7 14:16:3 8 5
4 5 14:19:4 10 5
1 5 14:18:3 10 5
1 2 21:7:3 2 2
4 5 14:19:4 10 5
2 6 13 25:28:2 18 3 5
8 11 16:11:6 1 4
3 26:3:1 2
1 8 14:14:3 6 5
1 5 14:18:3 10 5
1 5 14:18:3 10 5
10 17 21:6:3 2 1
4 5 14:19:4 10 5
2 8 14 15 19:28:4 6 5 7 6
13 16 18:16:3 4 9
8 11:7:6 1
4 5 14 15 19:41:8 10 10 7 6
8 19 29:15:6 6 3
8 11 13 28:14:6 1 3 4
8 14:11:6 5
1 5 14:18:3 10 5
3 4 25:10:1 4 5
6 7 27:18:9 8 1
2 15 24:16:4 7 5
1 7 14:16:3 8 5
2 5 13:18:2 10 6
1 8 14:14:3 6 5
1 11 29:7:3 1 3
1 4 18:16:3 4 9
10 18:12:3 9
1 5 14 18 19 25 29:44:6 10 5 9 6 5 3
1 5 14 18 19 25 29:46:3 10 10 9 6 5 3
4 7 14:17:4 8 5
2 5 14 16 19 23 25:39:2 10 10 4 6 2 5
20 21 22 30:10:3 1 4 2
1 7 14:16:3 8 5
4 5 14:19:4 10 5
4 7 14:17:4 8 5
2 5 13 27:16:2 10 3 1
1 2 19 30:13:3 2 6 2
1 9 14 25:18:3 5 5 5
8 15 17:15:6 7 2
1 8 14:14:3 6 5
1 8 14:17:6 6 5
1 7 14 23:23:3 8 10 2
1 5 14:18:3 10 5
4 5 14:19:4 10 5
1 5 14 17 25:43:6 20 10 2 5
1 8 14 27:15:3 6 5 1
4 5 14:19:4 10 5
1 8 14 18 19 24 25:51:6 6 5 18 6 5 5
4 7 14:17:4 8 5
5 14:15:10 5
4 7 14:17:4 8 5
2 5 13:15:2 10 3
2 5 13:15:2 10 3
2 5 13:15:2 10 3
2 6 13:14:2 9 3
1 5 14:18:3 10 5
4 7 14:17:4 8 5
1 7 14:16:3 8 5
4 7 14:17:4 8 5
1 8 14:14:3 6 5
9 13 15:20:10 3 7
1 5 14:18:3 10 5
15 30:9:7 2
1 8 14:14:3 6 5
2 6 9 13:23:6 9 5 3
1 8 14:14:3 6 5
1 8 14:14:3 6 5
2 5 13:15:2 10 3
1 5 14 15 19 23 25:41:6 10 5 7 6 2 5
6 10 17:14:9 3 2
1 5 14:18:3 10 5
2 6 13 21 25:20:2 9 3 1 5
4 10 11:8:4 3 1
1 7 14:16:3 8 5
4 7 14 30:19:4 8 5 2
1 8 14:17:6 6 5
1 8 14:20:3 12 5
4 5 14:19:4 10 5
4 5 14 15 19:36:8 10 5 7 6
14 18:14:5 9
1 8 14:14:3 6 5
1 9 14 25:18:3 5 5 5
4 7 14:17:4 8 5
1 7 14 21:17:3 8 5 1
1 5 14:18:3 10 5
4 7 14:17:4 8 5
4 5 8:30:4 20 6
1 7 14:16:3 8 5
1 5 14:18:3 10 5
22 23 26:10:4 4 2
2 6 13:14:2 9 3
9 14 26 29:14:5 5 1 3
4 5 14 27:20:4 10 5 1
23 28 30:6:2 2 2
3 10 28:6:1 3 2
2 19 23 30:12:2 6 2 2
2 5 13:15:2 10 3
1 6 14 21:26:6 9 10 1
3 5 11:12:1 10 1
2 5 13:15:2 10 3
4 5 14:19:4 10 5
4 26:5:4 1
1 7 14 27:17:3 8 5 1
4 7 14:17:4 8 5
4 5 14:19:4 10 5
5 6 26:20:10 9 1
1 8 14:14:3 6 5
1 7 14:16:3 8 5
1 7 14:16:3 8 5
1 5 14:18:3 10 5
2 5 13:15:2 10 3
1 17 25:12:3 4 5
1 7 14:16:3 8 5
2 5 13:15:2 10 3
1 5 14 15 19:49:9 10 10 14 6
4 7 14:17:4 8 5
4 5 14:19:4 10 5
1 3 6 14 16 19:34:3 1 9 5 4 12
4 7 14:17:4 8 5
1 8 14 30:16:3 6 5 2
1 7 14:16:3 8 5
1 3 5 14:19:3 1 10 5
1 8 14 18 19 24 25:44:3 6 10 9 6 5 5
4 5:14:4 10
1 5 14 18 19 25 29:50:3 10 5 18 6 5 3
1 7 14 26:17:3 8 5 1
1 8 14:14:3 6 5
4 5 14 18 19 25:39:4 10 5 9 6 5
4 7 14 21:18:4 8 5 1
9 26:7:5 2
8 14:11:6 5
27 28:5:1 4
1 7 14 21:17:3 8 5 1
3 12 27:3:1 1 1
1 5 14 21:19:3 10 5 1
7 24:21:16 5
5 12 26:23:20 2 1
2 5 13:15:2 10 3
1 5 14:18:3 10 5
5 8 15:29:10 12 7
5 13 19:19:10 3 6
2 5 13:15:2 10 3
1 8:9:3 6
23 30:4:2 2
4 5 14 28:21:4 10 5 2
15 21:8:7 1
1 7 14:16:3 8 5
2 5 13:15:2 10 3
4 6 14 18 24:32:4 9 5 9 5
7 18 22:21:8 9 4
4 5 14 18 19 25:39:4 10 5 9 6 5
8 12 14 27:13:6 1 5 1
9 13:8:5 3
2 6 14 18 24 25:42:4 9 5 9 10 5
1 3 8 14:15:3 1 6 5
1 6 13 15 19 24 25:44:3 9 3 7 12 5 5
4 5 14:19:4 10 5
2 5 13:15:2 10 3
4 5 14:19:4 10 5
4 5 14 25:29:4 10 10 5
1 4 5 14 18 19 25 29:45:3 4 10 5 9 6 5 3
2 17 25:9:2 2 5
4 5 14:19:4 10 5
1 5 13 15 18 19 23:49:3 10 3 14 9 6 4
4 5 14 15 19 25:44:4 10 5 14 6 5
2 6 13 15 19:34:2 9 3 14 6
4 7 14:17:4 8 5
1 8 14:14:3 6 5
2 5 13 28:17:2 10 3 2
4 5 14:19:4 10 5
1 17:5:3 2
2 5 13 15 19 25:35:4 10 3 7 6 5
1 5 14 30:20:3 10 5 2
1 5 14:26:6 10 10
1 8 14:17:6 6 5
4 5 14:19:4 10 5
15 19 24:18:7 6 5
1 15 16:14:3 7 4
1 5 14 25:26:6 10 5 5
2 5 13:15:2 10 3
4 5 14 15 19:43:8 10 5 14 6
1 5 14:18:3 10 5
1 5 14:18:3 10 5
1 5 14:18:3 10 5
16 20 23 29:12:4 3 2 3
3 4 7 14:18:1 4 8 5
2 5 14 16 19 23 25:38:2 10 5 8 6 2 5
1 5 13 15 19:29:3 10 3 7 6
1 5 14:18:3 10 5
4 7 14:17:4 8 5
1 5 14 15 19 23 25:53:6 10 5 14 6 2 10
3 14 18 26:16:1 5 9 1
1 7 14 27:17:3 8 5 1
4 5 14 25:24:4 10 5 5
2 5 13:15:2 10 3
2 28 30:6:2 2 2
1 8 13 25:23:3 12 3 5
2 5 13:15:2 10 3
1 5 14:18:3 10 5
2 5 13:15:2 10 3
1 5 14 30:20:3 10 5 2
4 7 14 15 19 22 25:39:4 8 5 7 6 4 5
7 15 18:24:8 7 9
2 6 29:16:4 9 3
18 19:24:18 6
4 5 14 26:20:4 10 5 1
4 5 14:19:4 10 5
2 5 13:15:2 10 3
2 5 13:15:2 10 3
1 3 5 14:19:3 1 10 5
1 5 14:18:3 10 5
1 8 14:14:3 6 5
4 5 14:19:4 10 5
1 5 14:18:3 10 5
1 7 14:16:3 8 5
1 5 14:24:9 10 5
8 23 24:13:6 2 5
5 14:15:10 5
2 5 13:15:2 10 3
2 5 13:15:2 10 3
2 5:12:2 10
4 7 14:17:4 8 5
1 8 14:14:3 6 5
2 5 13:15:2 10 3
4 7 14 30:19:4 8 5 2
1 5 14:18:3 10 5
1 5 14 15 19:31:3 10 5 7 6
1 8 14 15 16 19 24:36:3 6 5 7 4 6 5
4 5 14 21:20:4 10 5 1
1 7 14 16 19 22:44:3 16 5 4 12 4
2 4 5 13:19:2 4 10 3
1 7 14:16:3 8 5
1 5 14:18:3 10 5
2 5 13:15:2 10 3
1 7 14:16:3 8 5
2 5 13 28:17:2 10 3 2
9 11 30:8:5 1 2
2 5 13:15:2 10 3
6 9:14:9 5
6 17:13:9 4
1 5 14 26:19:3 10 5 1
3 4 5 14:20:1 4 10 5
2 3 5 13:16:2 1 10 3
1 7 14 21:17:3 8 5 1
4 14:9:4 5
1 7 14:16:3 8 5
1 5 14:18:3 10 5
2 6 13 25:28:2 18 3 5
1 5 14 15 19:46:6 10 10 14 6
1 7 14:16:3 8 5
4 7 14:17:4 8 5
4 5 14:19:4 10 5
2 5 13:15:2 10 3
2 6 7 14 18 24 25:43:2 9 8 5 9 5 5
2 9:7:2 5
12 18 23:22:2 18 2
2 8 13 17 25:18:2 6 3 2 5
1 6 13 15 19 24 25:45:3 9 3 14 6 5 5
2 15 18:18:2 7 9
4 6 14 18 24:45:8 9 5 18 5
1 8 14:14:3 6 5
3 4 7 14:18:1 4 8 5
2 5 13:15:2 10 3
1 8 14:14:3 6 5
1 6 14 16 19:27:3 9 5 4 6
1 7 14:16:3 8 5
4 6 16:21:8 9 4
1 5 14:18:3 10 5
1 5 14 18 19 25 27 29:50:3 10 10 9 6 5 1 6
2 6 13:25:4 18 3
4 7 14:17:4 8 5
1 5 14 27:19:3 10 5 1
5 15 16:21:10 7 4
12 22 30:7:1 4 2
8 13:9:6 3
1 6 14 16 18 19 25:46:3 9 10 4 9 6 5
1 6 14 18 19 25:40:6 9 5 9 6 5
17 18 21:12:2 9 1
2 5 13:15:2 10 3
2 8 14 15 19:31:2 6 10 7 6
1 8 14:14:3 6 5
8 22:10:6 4
8 9 16 21:16:6 5 4 1
1 10:6:3 3
4 5 14:19:4 10 5
4 9:9:4 5
1 5 14 18 19 25 29:44:3 10 5 9 6 5 6
15 22:11:7 4
1 8 14:14:3 6 5
1 6 14 16 19:33:3 9 5 4 12
4 7 14:17:4 8 5
13 24 27:14:3 10 1
1 8 14:14:3 6 5
2 6 13:27:6 18 3
1 9:8:3 5
1 5 14 18 19 25 28 29:53:3 20 5 9 6 5 2 3
1 8 14:14:3 6 5
1 3 8 14:15:3 1 6 5
22 26:9:8 1
1 2 7:13:3 2 8
10 11 12:5:3 1 1
1 8 14:14:3 6 5
2 8 25:13:2 6 5
1 3 7 14:17:3 1 8 5
4 5 14:19:4 10 5
10 21:7:6 1
4 5 14 15 19:43:8 10 5 14 6
2 5 13:15:2 10 3
2 8 14 15 19:26:2 6 5 7 6
6 18 21:28:18 9 1
1 8 14 18 19 24 25:50:3 6 10 9 12 5 5
4 7 14 26:18:4 8 5 1
4 5:14:4 10
1 7 14:16:3 8 5
4 6 14 18 24:32:4 9 5 9 5
13 23 29:13:3 4 6
9 16:18:10 8
1 5 14:18:3 10 5
10 23:7:3 4
1 5 14 24:36:6 20 5 5
10 14:8:3 5
1 5 13 15 19:39:3 20 3 7 6
1 8 14:14:3 6 5
6 21 28:21:18 1 2
4 5 14:19:4 10 5
9 29:8:5 3
1 5 14:18:3 10 5
1 3 7 14:17:3 1 8 5
1 8 14 15 19 24:32:3 6 5 7 6 5
1 5 14:18:3 10 5
1 7 14:16:3 8 5
4 7 14 15 19:42:4 8 10 14 6
1 5 14 25:36:6 20 5 5
3 4 7 14:18:1 4 8 5
4 7 14:17:4 8 5
14 17 26:8:5 2 1
4 5 14:19:4 10 5
4 7 14:17:4 8 5
4 22 23:10:4 4 2
5 22 27:15:10 4 1
4 7 14:17:4 8 5
4 5 14:19:4 10 5
4 5 14 27:20:4 10 5 1
4 5 14:19:4 10 5
2 6 13 15 16 19:31:2 9 3 7 4 6
4 5 14 15 19 25:55:4 10 5 14 12 10
1 5 14 25:26:6 10 5 5
2 6 14 18 24 25:35:2 9 5 9 5 5
1 10:6:3 3
1 7 14:16:3 8 5
2 6 11:14:4 9 1
1 5 13 15 19:32:6 10 3 7 6
4 5 14 25:29:4 10 10 5
4 5 14:23:8 10 5
4 7 14 15 19:35:4 8 10 7 6
4 5 14 28:21:4 10 5 2
1 7 14:16:3 8 5
1 8 14:14:3 6 5
1 5 8 14:37:6 20 6 5
2 5 13 30:17:2 10 3 2
1 5 14 27:19:3 10 5 1
6 13 28:14:9 3 2
2 8 14 15 19 24:45:4 6 10 14 6 5
4 6 14 18 24:46:4 9 5 18 10
16 21 27:7:4 2 1
1 7 14 16 19 22:38:3 16 5 4 6 4
6 10:12:9 3
20 22 29:10:3 4 3
24 28:7:5 2
4 7 14:17:4 8 5
12 14 25:17:2 5 10
2 5 13 27:16:2 10 3 1
2 26 28:5:2 1 2
1 8 14 30:16:3 6 5 2
1 8 14:14:3 6 5
1 8 14:14:3 6 5
1 7 14 21:17:3 8 5 1
6 27:10:9 1
1 6 14 18 19 25:37:3 9 5 9 6 5
1 7 14:16:3 8 5
2 5 13:15:2 10 3
1 5 14:18:3 10 5
7 21 29:12:8 1 3
1 11:4:3 1
1 6 13 15 19 24 25:38:3 9 3 7 6 5 5
1 8 14:14:3 6 5
4 7 14:17:4 8 5
4 7 14:17:4 8 5
4 5 14:19:4 10 5
16 18 27:14:4 9 1
1 8 14 28:16:3 6 5 2
2 8 13 25:16:2 6 3 5
1 7 14:16:3 8 5
15 22 24:16:7 4 5
1 8 14 28:16:3 6 5 2
4 5 14 30:21:4 10 5 2
2 8 9 14 15 19:40:4 6 5 5 14 6
4 5 14 15 19 24 25:54:4 10 10 14 6 5 5
5 13:13:10 3
1 5 14:18:3 10 5
2 3 5 13:16:2 1 10 3
2 5 13 15 19 25:41:4 10 3 7 12 5
3 15 22:12:1 7 4
4 7 14:17:4 8 5
1 7 14:16:3 8 5
4 5 14:19:4 10 5
10 12 20:7:3 1 3
1 6 14 25:22:3 9 5 5
8 16:14:6 8
1 7 14 21:17:3 8 5 1
2 3 5 13:16:2 1 10 3
4 7 14 26:18:4 8 5 1
4 7 14:17:4 8 5
11 29:4:1 3
1 5 14:18:3 10 5
15 23:9:7 2
3 6 17:21:1 18 2
21 27:2:1 1
2 5 13:15:2 10 3
4 5 14 15 19:36:8 10 5 7 6
1 5 14 30:20:3 10 5 2
8 11:8:6 2
9 27:6:5 1
1 5 12 14 15 19:35:6 10 1 5 7 6
7 18 21:18:8 9 1
1 8 14:14:3 6 5
1 5 14 28:20:3 10 5 2
17 20 23 29:13:2 6 2 3
2 5 13:15:2 10 3
2 5 13 30:17:2 10 3 2
1 15:10:3 7
4 5 14:19:4 10 5
2 5 14 16 19 23 25:38:4 10 5 4 6 4 5
4 5 14 30:21:4 10 5 2
2 7 21:14:4 8 2
27 30:5:1 4
1 5 14 18 19 25 29:41:3 10 5 9 6 5 3
1 7 14:16:3 8 5
2 6 12 13 15 19:37:2 18 1 3 7 6
6 26 27:11:9 1 1
1 7 14:16:3 8 5
1 3 8 14:15:3 1 6 5
2 6 13:18:6 9 3
11 26 28:4:1 1 2
2 3 30:5:2 1 2
18 23 29:14:9 2 3
26 29:4:1 3
1 8 14 18 19 24 25:53:3 6 5 18 6 5 10
1 6 11 14 15 24 25:40:3 9 1 5 7 10 5
2 3 16:7:2 1 4
4 7 14:17:4 8 5
1 2:5:3 2
1 5 14:18:3 10 5
4 7 14:17:4 8 5
1 5 14 21:19:3 10 5 1
4 5 14:19:4 10 5
7 11 17:19:16 1 2
3 5 7 19:25:1 10 8 6
4 13 23:9:4 3 2
2 6 13 15 19:27:2 9 3 7 6
2 9 14 16 19 22:31:2 5 10 4 6 4
2 5 13:15:2 10 3
1 8 14:19:3 6 10
1 7 9 14 16 19 22:40:3 8 5 10 4 6 4
1 5 14:18:3 10 5
1 5 14:18:3 10 5
7 22 27:17:8 8 1
2 5 13 28:17:2 10 3 2
4 5 14:19:4 10 5
2 13:5:2 3
1 7 14:16:3 8 5
1 5 14:18:3 10 5
4 25:14:4 10
1 7 14:16:3 8 5
1 8 14:14:3 6 5
1 8 14:17:6 6 5
8 13 18:18:6 3 9
2 5 13:15:2 10 3
7 14:13:8 5
4 7 14:17:4 8 5
2 5 13:15:2 10 3
4 5 14 27:20:4 10 5 1
1 5 14 15 18 19:46:3 10 5 7 9 12
1 7 14:16:3 8 5
1 7 14:16:3 8 5
11 19 23:9:1 6 2
2 5 13:15:2 10 3
1 8 14:14:3 6 5
4 7 14:17:4 8 5
1 5 14:18:3 10 5
8 10 12 13:13:6 3 1 3
1 8 14 30:16:3 6 5 2
1 5 6 14 15 24 25:44:3 10 9 5 7 5 5
4 5 14:19:4 10 5
1 7 14 16 19 29:37:3 16 5 4 6 3
1 7 14 21:17:3 8 5 1
4 13:7:4 3
1 8 14:14:3 6 5
1 8 14:14:3 6 5
2 5 13:15:2 10 3
4 5 12 14 15 19:33:4 10 1 5 7 6
1 6 14 18 19 25 26:38:3 9 5 9 6 5 1
4 7 14:17:4 8 5
4 7 14:17:4 8 5
15 16 19:24:14 4 6
2 8 13 25:16:2 6 3 5
1 5 13 15 19 23:31:3 10 3 7 6 2
1 5 13 15 19 27:30:3 10 3 7 6 1
9 14:10:5 5
22 29:7:4 3
4 7 14 15 18 19 22 25:48:4 8 5 7 9 6 4 5
4 7 14 15 19:47:8 8 5 14 12
2 10 21:8:4 3 1
1 5 14:18:3 10 5
2 5 13:15:2 10 3
7 17:12:8 4
1 5 14 15 19 23 25:44:3 10 5 7 12 2 5
3 6 7 22:22:1 9 8 4
5 14 25:20:10 5 5
9 27 30:15:10 1 4
1 5 14 25:23:3 10 5 5
1 6 14 15 23 24 25:50:3 18 5 7 2 10 5
1 8 14:14:3 6 5
1 9 14 25:18:3 5 5 5
1 4 5 14 15 19:47:9 4 10 5 7 12
4 7 14:17:4 8 5
1 5 12 14 25:37:6 10 1 10 10
1 8 14:14:3 6 5
10 14 21:9:3 5 1
9 21 30:8:5 1 2
1 5 14 29:39:6 20 10 3
1 8 14 28:16:3 6 5 2
1 8 14 30:16:3 6 5 2
1 5 14 18 19 25 29:50:3 10 5 18 6 5 3
4 7 14 15 19 22 25:39:4 8 5 7 6 4 5
1 5 13 15 19:29:3 10 3 7 6
2 5 30:16:2 10 4
2 5 13:15:2 10 3
13 17 29:8:3 2 3
1 16:7:3 4
4 5 14 15 19 25:44:4 10 5 14 6 5
4 7 14 28:19:4 8 5 2
3 4 5 14:20:1 4 10 5
1 7 14:16:3 8 5
1 5 14:18:3 10 5
7 15:15:8 7
4 7 14 27:18:4 8 5 1
11 23 29:6:1 2 3
21 26 29:5:1 1 3
4 5 14 15 19 27:42:8 10 10 7 6 1
1 7 14 28:18:3 8 5 2
4 7 14 30:19:4 8 5 2
2 8 14 15 19:26:2 6 5 7 6
3 6 27:20:1 18 1
4 7 14 15 19:35:4 8 10 7 6
4 7 14:17:4 8 5
6 9 29:17:9 5 3
1 7 14:16:3 8 5
2 8 14 15 19:26:2 6 5 7 6
1 5 14 15 19 26:35:6 10 5 7 6 1
1 8 14:14:3 6 5
8 12:7:6 1
4 7 14:17:4 8 5
2 5 13:15:2 10 3
1 6 11 14:35:6 18 1 10
17 21 30:6:2 2 2
3 16 18 29:26:1 4 18 3
12 19:8:2 6
1 7 10 14 16 19 22:33:3 8 3 5 4 6 4
1 7 14:16:3 8 5
4 7 14:17:4 8 5
17 20 23:12:4 6 2
4 16 18:25:8 8 9
4 7 14 15 18 19 22 25:52:8 8 5 7 9 6 4 5
4 5 14:19:4 10 5
1 8 14 18 19 24 25 27:45:3 6 5 9 6 10 5 1
10 24 28 29:13:3 5 2 3
10 17:5:3 2
10 13 22:10:3 3 4
1 5 14:18:3 10 5
1 5 14 18 24 25:40:6 10 5 9 5 5
1 6 14 18 19 25:47:3 9 10 9 6 10
2 5 13 27:16:2 10 3 1
1 8 14 28:16:3 6 5 2
1 7 14:16:3 8 5
1 5 14 28:20:3 10 5 2
1 4 6 30:27:3 4 18 2
3 16 28:8:2 4 2
6 11 21:13:9 2 2
7 14:13:8 5
1 7 14:16:3 8 5
4 7 14:17:4 8 5
9 30:9:5 4
1 5:13:3 10
1 6 14 25:22:3 9 5 5
1 5 8 14 15 19:40:6 10 6 5 7 6
12 18 26:11:1 9 1
2 5 13:15:2 10 3
1 5 13 14 25:29:6 10 3 5 5
13 25:8:3 5
1 8 14 15 19 24:32:3 6 5 7 6 5
1 7 14:16:3 8 5
4 14 23:11:4 5 2
1 5 14:31:6 20 5
1 7 14:16:3 8 5
1 3 8 14:15:3 1 6 5
4 5 14:19:4 10 5
1 7 13 16 19 22 25:41:3 16 3 4 6 4 5
1 8 14:14:3 6 5
4 7 14:17:4 8 5
2 5 6 13 25:37:2 10 9 6 10
4 5 14:19:4 10 5
2 4 5 14:23:4 4 10 5
1 5 14:21:6 10 5
2 10 18:14:2 3 9
10 21:7:6 1
1 8 14 21:15:3 6 5 1
8 28 30:10:6 2 2
4 7 14 15 19 22 25:39:4 8 5 7 6 4 5
1 5 14:21:6 10 5
6 16 20 27:21:9 8 3 1
4 7 14 26:18:4 8 5 1
2 5 13:15:2 10 3
24 26:6:5 1
1 5 14 25:23:3 10 5 5
1 7 14:16:3 8 5
2 6 13 15 19:36:2 18 3 7 6
1 9 14 25:18:3 5 5 5
2 5 13:15:2 10 3
1 5 14:18:3 10 5
7 14 19:19:8 5 6
4 5 14 23:35:8 20 5 2
1 7 14:16:3 8 5
1 5 14:18:3 10 5
2 8 21:11:4 6 1
1 7 13 14:19:3 8 3 5
2 9 14 16 19 22:35:2 5 10 8 6 4
1 3 5 14:19:3 1 10 5
2 6 14 18 24 25 30:37:2 9 5 9 5 5 2
1 7 14 16 19:34:3 16 5 4 6
4 5 14:19:4 10 5
1 5 14 15 19 23 25:43:3 10 5 7 6 2 10
2 8 14 15 19:26:2 6 5 7 6
4 5 14:19:4 10 5
1 7 14:16:3 8 5
2 5 13:15:2 10 3
1 6 14 25:22:3 9 5 5
4 7 23:14:4 8 2
1 12 16:11:6 1 4
18 19:15:9 6
1 5 14:18:3 10 5
1 6 14 16 19 21:38:3 9 5 8 12 1
2 6 13 25:24:2 9 3 10
4 7 14:17:4 8 5
1 7 14:16:3 8 5
2 9 14 16 19 22:30:2 5 5 8 6 4
4 7 14:17:4 8 5
4 7 14:17:4 8 5
1 5 14:18:3 10 5
1 8 14 15 19 24:32:3 6 5 7 6 5
4 5 14:19:4 10 5
4 5 14:19:4 10 5
1 4 5 14:37:3 4 20 10
1 7 17:21:3 16 2
1 5 14 25:28:3 10 5 10
2 3 5 13:16:2 1 10 3
1 7 14:16:3 8 5
2 5 13:15:2 10 3
2 6 29:14:2 9 3
1 5 13 15 19:29:3 10 3 7 6
10 15 17 21:13:3 7 2 1
4 6 14 18 24:32:4 9 5 9 5
4 6 14 18 21 24:33:4 9 5 9 1 5
10 21:4:3 1
1 7 14:16:3 8 5
4 7 19:36:8 16 12
9 15 23:14:5 7 2
1 5 14:18:3 10 5
1 7:11:3 8
1 7 14:16:3 8 5
17 18 19:28:4 18 6
4 7 14:17:4 8 5
1 8 14 21:15:3 6 5 1
12 20:4:1 3
1 7 14:16:3 8 5
4 5 14 15 19 25:44:4 10 5 14 6 5
2 5 13:15:2 10 3
1 8 14:14:3 6 5
1 3 7 14:17:3 1 8 5
1 8 14:14:3 6 5
20 22 24 25:17:3 4 5 5
1 9 14 25:18:3 5 5 5
1 7 14 30:18:3 8 5 2
4 7 14:17:4 8 5
2 5 13:17:4 10 3
1 5 14:18:3 10 5
2 6 13 14 18 24 25:43:2 9 3 5 9 10 5
7 17 28:12:8 2 2
4 17 26 28:9:4 2 1 2
4 7 14:17:4 8 5
1 7 14:16:3 8 5
11 12 29:6:1 2 3
4 7 14 28:19:4 8 5 2
1 7 14:16:3 8 5
4 5 14:19:4 10 5
2 8 13 25:16:2 6 3 5
8 23 30:10:6 2 2
2 5 13:15:2 10 3
1 5 14 23:26:9 10 5 2
11 16:9:1 8
1 8 14:14:3 6 5
9 22:13:5 8
1 3 5 14:19:3 1 10 5
1 10 21:7:3 3 1
2 5 13:15:2 10 3
1 8 14:14:3 6 5
10 16 19 28:15:3 4 6 2
4 7 14:17:4 8 5
4 5 14:23:8 10 5
1 8 14 27:15:3 6 5 1
1 6 14 15 24 25:34:3 9 5 7 5 5
2 6 13:18:6 9 3
1 7:11:3 8
1 8 14:14:3 6 5
16 18 22:17:4 9 4
8 9 12 13:15:6 5 1 3
2 5 13:15:2 10 3
2 5 13:15:2 10 3
1 5 13 15 19 23:36:3 10 6 7 6 4
1 5 14 28:20:3 10 5 2
4 7 14:17:4 8 5
7 27:18:16 2
4 5 14:19:4 10 5
4 5 14:33:8 20 5
1 7 14 16 19 26:40:6 8 5 8 12 1
13 18 23:16:3 9 4
9 12 28:8:5 1 2
2 5 13 21:16:2 10 3 1
2 6 13 15 19:27:2 9 3 7 6
1 3 8 14:15:3 1 6 5
10 11 17:6:3 1 2
1 13 26 30:9:3 3 1 2
1 7 14:16:3 8 5
4 5 14:19:4 10 5
4 7 14:17:4 8 5
1 5 14:18:3 10 5
1 14 24:13:3 5 5
12 16 20 21:12:1 4 6 1
1 7 14 30:18:3 8 5 2
2 7 24:15:2 8 5
1 8 14:14:3 6 5
1 5 14 15 19:31:3 10 5 7 6
2 6 13 25:19:2 9 3 5
15 19 20 30:18:7 6 3 2
1 5 14 18 24 25:40:6 10 5 9 5 5
1 6 14:25:6 9 10
1 5 14 15 19:49:9 10 10 14 6
1 5 14 19:24:3 10 5 6
1 7 14:16:3 8 5
3 4 7 14:18:1 4 8 5
1 9 14 25:18:3 5 5 5
2 5 13 30:17:2 10 3 2
4 7 14 26:18:4 8 5 1
1 8 14:14:3 6 5
2 6 13:18:6 9 3
4 7 14 21:18:4 8 5 1
1 9 14 25:18:3 5 5 5
4 5 14 21:20:4 10 5 1
3 4 5 14:20:1 4 10 5
4 7 14:17:4 8 5
19 29:9:6 3
