5 6 10 11 12 18:68:30 9 6 2 3 18
16 23 24 25 26 28:39:4 6 15 5 3 6
3 11 16 17 25 27 29 30:34:3 1 8 2 5 2 9 4
1 2 12 16 23 26:27:6 6 1 8 4 2
20 29:12:9 3
2 3 5 12 15 16 25 28:68:4 1 20 1 14 12 10 6
9 14 19:32:10 10 12
7 14 17:41:24 15 2
12 14 19 20 24 25 29 30:63:2 10 12 9 10 5 9 6
10 11 13 21 23 27 28:25:3 1 9 1 4 1 6
15 17 21:13:7 4 2
2 3 4 8 11 20 24 27:37:4 2 12 6 3 3 5 2
2 3 5 13 16 18 20 28:53:2 3 10 9 12 9 6 2
3 6 20 27 28 30:49:3 27 9 2 4 4
2 8 10 19 25 26:40:4 6 6 12 10 2
7 11 14 15 16 26:39:8 2 5 14 8 2
1 10 18 26 29:36:6 6 18 3 3
2 6 7 8 19:71:4 27 16 12 12
10 11 13 14 17 18 22:39:3 3 3 15 2 9 4
5 24 25 26 27:39:20 5 10 3 1
1 7 8 21:39:3 16 18 2
2 5 20 22 23 25 28:46:2 10 3 8 2 15 6
13 14:13:3 10
18 21 24:35:27 3 5
2 4 6 22 29:39:2 12 18 4 3
2 8:18:6 12
11 16 20 23:20:1 12 3 4
2 5 11 19 22 26 28:34:4 10 2 6 4 2 6
11 16 18 21 23 24 27 29:40:1 12 9 1 6 5 3 3
4 5 10 11 20 28:49:8 20 9 1 9 2
16 19 25 28:43:12 12 15 4
9 11 13 14 16 19 23:48:5 1 9 5 12 12 4
3 8 9 12 23 24 27 28:54:1 12 15 2 6 15 1 2
1 2 6 8 11 16 26 27:73:6 6 27 18 1 12 2 1
2 3 4 5 15 24 30:74:4 1 8 30 14 15 2
26 27:6:3 3
5 10 14 16 18 22 24 27:96:30 9 15 8 18 4 10 2
1 5 11 12 16 17 28:31:6 10 3 2 4 2 4
3 14 18 25 26 27:40:2 10 18 5 2 3
2 3 6 9 10 16:36:2 2 9 10 9 4
11 19 27:16:1 12 3
7 11 25 28:34:16 1 15 2
14 22:14:10 4
2 3 7 9 10 11 17:39:4 3 8 10 6 2 6
2 7 8:26:6 8 12
5 6 11 13 16 21 22 25:84:30 9 3 9 12 2 4 15
13 15 17 23 25 26 28 29:41:6 7 4 4 10 2 2 6
1 4 12 16 19 22 23 29:63:6 4 3 8 18 12 6 6
4 7 8 9 26:54:12 24 12 5 1
2 7 12 13 15 17:47:2 16 3 3 21 2
10 14 26:10:3 5 2
13 18 20 27:24:6 9 6 3
1 2 5 8 22:32:6 6 10 6 4
2 8 11 19 22:35:2 18 1 6 8
11 14 26 29:17:3 10 1 3
2 9:16:6 10
12 22 24:16:3 8 5
2 6 17 21 26 27:19:2 9 4 1 2 1
4 9 21 25:26:4 15 2 5
3 7 11 19:33:2 24 1 6
6 12 13 14 17 21:56:27 1 6 15 4 3
14 15 18 23 30:48:15 7 18 2 6
1 2 4 9 19 28 29:46:3 2 8 10 18 2 3
3 16 20 21:26:3 12 9 2
1 8 14 16 26 30:30:3 12 5 4 2 4
3 8 12 21 29:12:1 6 1 1 3
13 14 15 16 27:50:9 5 21 12 3
2 5 10 12 13 23 29:57:2 30 9 3 3 4 6
1 8 9 13 18 29 30:63:6 6 5 9 27 6 4
3 7 24 28:25:1 8 10 6
9 23:21:15 6
1 8 11 17 28:24:3 6 3 6 6
8 23 27:9:6 2 1
1 2 16 19 20 30:30:6 4 4 6 6 4
5 20 22:27:10 9 8
1 5 9 19 23 27:48:9 10 15 6 6 2
15 20 21 27 30:38:21 9 2 2 4
1 8 10 13 14 20 26 29:53:9 6 3 9 5 9 3 9
6 15 18:43:9 7 27
8 18:24:6 18
4 12 16 19:31:12 3 4 12
3 6 12 15 16 18 22 26:86:1 27 1 7 8 27 12 3
3 9 12 13 14 17 22 24:61:1 10 1 6 15 6 12 10
12 13 15 30:16:1 6 7 2
4 5 10 14:47:8 20 9 10
4 5 9:57:12 30 15
9 12 21 28 29:24:15 2 2 2 3
8 9 17 18 19 22 28 29:58:6 15 4 9 6 8 4 6
10 15 16 17 23 30:40:9 7 12 4 4 4
7 8 12 17 18 28:55:8 18 1 6 18 4
8 20 25:27:6 6 15
22 30:16:12 4
4 12:11:8 3
11 18:19:1 18
2 4 6 17 20 21 25 28:65:4 12 18 2 9 1 15 4
8 17 21 22 27:29:12 6 1 8 2
9 28:21:15 6
9 10 12 13 15 19 26:58:10 9 2 3 14 18 2
1 16 19 21 22:24:3 4 6 3 8
9 11 14:22:15 2 5
2 7 10 14 15 26 27:46:2 8 9 10 14 2 1
3 21 29:8:3 2 3
23 29:10:4 6
2 7 8 9 13 20 24 30:58:4 8 18 5 6 6 5 6
3 4 6 11 16 20 21 28:47:1 4 27 1 4 3 1 6
4 10 12 15 17 20 21 28:54:8 9 2 21 6 3 1 4
2 5 9 12 20 29:54:2 30 10 3 3 6
4 5 7 8 12 20 27:65:12 10 16 18 3 3 3
4 11 12 19 23 25 30:37:4 3 1 18 2 5 4
7 17 24:30:16 4 10
4 14 20 23 24:41:8 10 6 2 15
16 26:15:12 3
6 8 11 20 24 27:55:18 18 3 3 10 3
16 17 18 19 20 22 26 30:59:8 2 18 6 6 12 1 6
4 5 7 11 13 16 23 24:80:12 20 24 1 6 8 4 5
6 14 30:43:27 10 6
8 10 15 20 30:31:6 9 7 3 6
8 9 12 18 20 24 29:54:6 15 2 9 3 10 9
3 8 14 18 23 25:47:1 18 10 9 4 5
1 13 22:17:3 6 8
1 5 17 20 25 26 28 29:53:9 20 6 3 5 1 6 3
5 14 19 20 21 22 30:57:20 15 6 9 1 4 2
5 7 11 14 16 17 28 30:64:20 16 1 15 4 4 2 2
9 25 26 28:35:15 15 3 2
21 22 23 29 30:18:1 4 6 3 4
12 21 22 28:21:2 1 12 6
14 27:11:10 1
4 6 8 12 17 18 21:65:4 27 18 3 2 9 2
1 2 29:15:6 6 3
1 3 6 25 28:41:9 2 18 10 2
7 9 13 15 20 21 27:57:8 15 6 21 3 1 3
1 2 16 26:22:9 4 8 1
2 10 18 20 21 23 26 27:42:2 6 18 9 2 2 1 2
6 8 18:24:9 6 9
4 26:11:8 3
4 6 10 16 19 20 22 25:61:4 9 6 4 18 3 12 5
9 15 19 29 30:39:5 7 18 3 6
4 10 14 30:38:12 9 15 2
6 8 10 13 19 20 28 29:50:9 6 9 6 6 6 2 6
10 11 21 30:18:9 1 2 6
5 6 7 8 12 15 18 25:108:10 9 24 12 2 14 27 10
11 13:8:2 6
8 15 18 19 20 28:72:18 21 18 6 3 6
11 13 14 16 21 27:34:1 6 15 8 2 2
14 16 29 30:23:10 4 3 6
6 8 10 15 16 21 22:69:18 6 6 21 8 2 8
1 4 9 11 15 19 23 30:68:9 4 15 1 21 12 2 4
1 4 11 21 29:19:6 4 2 1 6
10 23 24:30:9 6 15
1 2 4 7 8 13 23 26:66:9 4 4 16 18 9 4 2
6 12 15 16 19 26 28:52:9 1 21 12 6 1 2
1 3 8 19 23 26:50:9 2 18 12 6 3
2 10 13 15 17 30:37:2 3 3 21 2 6
6 13 16:42:27 3 12
2 4 10 17 28:22:4 8 6 2 2
13 14 15 16 17 18 20 21:71:3 15 21 4 6 18 3 1
2 10 11:10:2 6 2
6 24:23:18 5
6 11 13 14 16 18 20:59:18 3 9 10 4 9 6
8 21 24 30:16:6 1 5 4
14 15:24:10 14
7 27 30:22:16 2 4
9 10 14 17 21 23 27:39:10 6 5 6 3 6 3
4 7 8 11 14 21:46:12 16 6 1 10 1
2 12 22:9:4 1 4
11 27 28:5:2 1 2
4 5 9 16 17 19 26 29:68:4 30 5 8 4 6 2 9
2 9 12 26 27:22:6 10 3 2 1
12 16 17 25:22:1 12 4 5
5 6 7 21 27:67:20 18 24 2 3
6 7 10 12 20:51:18 24 3 3 3
11 13 16 18 19 22 24 25:59:2 6 12 9 6 4 5 15
7 16:12:8 4
10 14 29:27:6 15 6
2 8 13 14 15 16 22:54:4 6 6 5 21 8 4
10 14 16 19 28 29 30:50:6 10 4 18 4 6 2
4 6 16 19 23 25 28 30:69:4 18 12 12 2 15 4 2
5 14 16:34:20 10 4
8 14 18 23 25:39:6 15 9 4 5
3 5 9 10 12 13 22 28:71:1 30 10 9 1 6 12 2
3 6 14 24 25 28 30:53:2 18 15 5 5 2 6
10 16 21:18:9 8 1
10 19:12:6 6
6 8 20 27:48:27 12 6 3
14 16 17 24:30:5 8 2 15
3 4 13 18 20 23:47:1 4 6 27 3 6
1 2 3 10 12 19:37:6 6 3 9 1 12
5 10 11 14 22 24:32:10 6 2 5 4 5
5 14 15 19 22 24:42:10 10 7 6 4 5
9 14 24:35:10 10 15
8 26:19:18 1
14 19:23:5 18
1 2 4 16 18 19 27 28:69:3 2 8 8 27 12 3 6
1 2 5 13 21 26 28:43:9 2 20 3 2 3 4
4 16 18 20 22 27:39:8 4 9 3 12 3
2 6 10 12 13 24 26 30:51:4 18 6 1 6 10 2 4
16 26 27:14:12 1 1
4 6 7 8 11 16 19 27:69:4 9 16 18 1 8 12 1
15 17:13:7 6
7 24 26:31:24 5 2
3 10 21 24 29:27:3 3 3 15 3
8 19 26 29:42:18 12 3 9
3 17 19 20 21:29:3 2 18 3 3
2 21:3:2 1
11 20 21 22 23 24:44:1 9 3 12 4 15
9 17 24 26 27:30:15 4 5 3 3
8 12 21 27:11:6 2 1 2
2 15 17 25 26 29 30:53:4 21 6 10 1 9 2
12 19 20:17:2 6 9
1 2 18 22:26:3 6 9 8
6 8 14 17 20 28 29:55:9 12 15 4 6 6 3
3 6 13 19 21 28:50:2 18 6 18 2 4
6 12 15 16 20 25 29 30:68:27 2 7 4 6 15 3 4
7 15 28:47:24 21 2
3 6 14 15 16 18 21:81:3 27 15 14 12 9 1
5 8 16:46:20 18 8
3 9 10 11 16 19 20 24:65:3 10 6 3 12 12 9 10
8 15 20:36:12 21 3
1 16 22:14:6 4 4
9 13 23 24:25:5 6 4 10
3 10:5:2 3
23 29:15:6 9
6 15 20 22 24 27:66:18 21 3 12 10 2
20 23 28 30:15:3 6 2 4
5 19:26:20 6
2 3 7 9 11 16 18 22:84:4 2 16 10 1 12 27 12
21 24:16:1 15
5 7 8 10 14 18 21 22:105:20 24 18 9 5 18 3 8
6 18 19 20 27 28 30:77:27 27 6 9 2 2 4
6 8 9 17 24 29:72:27 18 5 6 10 6
2 3 4 5 29:50:4 1 12 30 3
18 19 21 26 27:37:27 6 1 2 1
20 27:4:3 1
2 7 17 19 26 30:43:6 24 2 6 3 2
1 3 19 23 28 29:28:6 3 12 2 2 3
1 2 11 19 20 21 22 25:52:6 6 1 12 6 3 8 10
1 3 5 8 18 22 25:78:3 2 30 6 18 4 15
2 18:33:6 27
9 17:9:5 4
4 8 12 15 19 24 25 30:46:8 6 2 7 6 10 5 2
1 5 7 13 18:55:6 20 8 3 18
2 7 12 17 19 20:35:6 8 2 4 6 9
4 5:22:12 10
13 18 21 22 27 28 30:49:6 18 1 12 2 4 6
3 13 14 16 17 24 27:41:2 3 15 8 2 10 1
1 6 12:38:9 27 2
14 21 22:22:15 3 4
2 4 12 20:20:6 4 1 9
13 15 18 22 30:47:3 21 9 8 6
5 22:32:20 12
8 10 12 17 21 23:39:12 9 3 6 3 6
2 5 14 15 16 28:64:6 20 10 14 12 2
4 5 7:42:4 30 8
1 12 14 17:28:6 1 15 6
2 4 9 17 19 27 28:48:6 4 15 6 12 1 4
3 6 7 18 28:61:2 27 8 18 6
5 6 10 12 14 27 28:53:10 27 3 2 5 2 4
28 29:8:2 6
10 15 29 30:28:6 7 9 6
4 20 21:10:4 3 3
1 6 19 23 24 25 28:69:9 9 18 2 15 10 6
19 23 26:15:12 2 1
6 7 8 15 16 18 24 26:119:27 24 12 14 8 27 5 2
2 4 10 13 16 18 19 30:52:6 8 6 3 4 9 12 4
1 6 16 24 27:29:9 9 4 5 2
4 6 7 10 23 27 28:55:12 9 16 9 4 1 4
6 9 10 11 23 29 30:37:9 15 3 3 2 3 2
3 5 6 8 11 17 21 29:83:1 30 18 18 3 2 2 9
1 3 21 23:14:6 1 3 4
28 30:10:6 4
24 26:18:15 3
7 11 16 20 21 22 23 25:63:16 1 4 9 2 12 4 15
2 14:11:6 5
1 6 11 17 23 28:32:9 9 2 4 4 4
7 17 30:16:8 6 2
12 18 22 28:26:1 9 12 4
24 29:14:5 9
7 29:25:16 9
9 10 17 19 21 26 30:33:5 3 4 12 1 2 6
20 25:8:3 5
6 11 22:24:9 3 12
2 3 4 28:15:2 3 4 6
1 4 9 17:37:9 12 10 6
11 19 27:9:1 6 2
2 24 26:22:4 15 3
9 19 23 24 28:35:5 12 6 10 2
9 20 25 26 29:26:5 6 5 1 9
3 8 11 21 23 25 27:23:1 6 1 3 6 5 1
2 6 9 10 14 21 25:73:6 27 10 9 10 1 10
1 4 7 8 15 21 25 28:61:9 4 8 6 14 1 15 4
4 10 12 14 22 28 30:53:8 9 1 15 8 6 6
18 24 28:36:27 5 4
4 14 21 24 25 26 30:42:4 10 3 10 10 3 2
15 17 18 19 29 30:47:7 4 9 12 9 6
7 10 11 14:39:24 9 1 5
1 2 4 5 19 26 29:58:3 2 4 20 18 2 9
2 15 16 18 21 22:54:2 7 4 27 2 12
20 30:7:3 4
4 5 6 7 13 16:72:12 10 9 24 9 8
3 4 6 17 25 26:56:1 8 27 2 15 3
1 15 22:42:9 21 12
6 10 14 20 27 30:40:9 6 15 3 3 4
9 14 16 18 19 25:59:5 10 12 9 18 5
3 4 6 10 11 12 20 26:52:3 8 18 9 3 2 6 3
2 3 5 12 19 20 25:56:6 1 10 3 18 3 15
7 22 23:26:8 12 6
11 23:5:3 2
7 8 14 22 23 26 27:42:16 6 5 4 6 3 2
2 19 20 23 26:37:4 18 9 4 2
21 24 25 26:23:1 10 10 2
2 7 15 17 21 28:40:2 8 21 4 1 4
10 19 27:22:3 18 1
6 9:24:9 15
7 14 16 28:47:24 5 12 6
3 4 6 7 8 10 26 30:76:2 12 9 24 18 3 2 6
1 2 10 17 27 28 30:28:3 2 3 6 2 6 6
6 7 13 16 18 22 23 25:78:9 16 6 4 18 8 2 15
1 5 7 8 14 18 19 22:93:6 10 24 6 10 27 6 4
1 2 8 9 19 21 27:43:3 2 6 15 12 2 3
1 4 20:30:9 12 9
5 9 11 14 16 17 18 25:85:20 15 3 5 8 6 18 10
2 6 8 14 22 26:38:2 9 12 10 4 1
4 11 17 24:25:8 3 4 10
7 9 15 21 24:54:24 15 7 3 5
7 8 13 16 27 29:59:24 12 9 8 3 3
3 6 8 9 12 18 26:66:1 27 12 15 1 9 1
1 12 19 20 24 25 27:48:3 3 12 9 5 15 1
8 13 15 18 19 22 25:86:6 9 7 27 18 4 15
7 8 19 21 24:48:8 12 12 1 15
6 9 13 16 22 28:53:18 10 3 12 8 2
26 27:4:3 1
11 14 24 25:28:3 5 5 15
1 7 10 15 16 29 30:74:3 24 6 21 12 6 2
2 13 21 26:15:6 6 2 1
3 4 28 30:15:3 4 6 2
3 8:8:2 6
8 9 23:22:6 10 6
2 12 13 19:14:4 1 3 6
1 7 16 23 24 29:58:9 24 12 2 5 6
6 18 25 27 29:41:18 9 5 3 6
1 5 9 11 15 29:48:9 10 10 3 7 9
5 22 26:40:30 8 2
1 7 18:49:6 16 27
26 29:6:3 3
1 8 16 18 22:74:9 18 8 27 12
1 5 6 9 17 22 23 28:82:6 30 27 5 2 4 2 6
4 7 8 9 14 18 22:81:4 24 6 15 10 18 4
4 5 6 8 13 17 28:63:8 20 18 6 3 6 2
7 10 19 27:41:16 6 18 1
13 17 18 28 29:44:3 6 27 2 6
14 19:23:5 18
15 16 17 24 27:52:21 8 6 15 2
5 8 10 24:54:20 18 6 10
3 19 27:14:1 12 1
7 15 16 24:28:8 7 8 5
17 19 20 21 26:26:2 18 3 1 2
2 13 24 30:29:6 6 15 2
10 20:15:9 6
1 2 3 10 11 13 17:29:3 4 1 3 3 9 6
3 10 17 20 26:21:1 9 6 3 2
6 10 16 22 26 29:59:27 9 4 12 1 6
4 14 21 27 29:28:8 10 2 2 6
1 11 19 20 24 25:53:9 2 6 6 15 15
2 7 9 12 21 26 29:52:6 16 15 1 2 3 9
1 3 4 15 16 23 26:44:3 1 12 7 12 6 3
9 11 13 14 15 17 19 28:59:10 1 9 10 7 2 18 2
2 3 10 12 14 19 22 28:37:2 2 6 1 10 6 8 2
2 16 23 25 27 29:30:4 4 6 10 3 3
2 4 7 11 26 29 30:38:2 4 16 1 3 6 6
3 11 14 17 29:18:1 2 10 2 3
2 9 15 21 28 29:46:6 10 14 3 4 9
5 10 12:29:20 6 3
5 9:40:30 10
13 18 23:33:9 18 6
2 9 20 21 30:27:4 10 6 3 4
10 13 16:30:9 9 12
1 6 17 19 21 25 29:59:3 18 4 18 2 5 9
18 28:15:9 6
13 26 27 28 29:17:6 1 2 2 6
6 29 30:29:18 9 2
5 6 9 15 16:70:20 9 15 14 12
3 5 20 29:38:2 30 3 3
1 3 7 10 14 25 29:63:9 2 16 3 15 15 3
4 15 20:27:4 14 9
2 6 7 10 13 19 22 27:84:4 27 24 3 9 6 8 3
8 10 17:11:6 3 2
1 16 21 22 24 25 29 30:42:6 8 2 4 5 10 3 4
13 14 16 17 21 28:27:9 5 4 6 1 2
1 7 22 24 27:42:6 16 4 15 1
4 12 15 23 25 27 29:62:12 1 21 4 15 3 6
5 9 11:16:10 5 1
15 17 18:18:7 2 9
9 10 15 21 23 26 27:30:5 9 7 1 2 3 3
2 4 12 14 19 20 23 24:59:6 4 2 15 18 3 6 5
13 16 18 27:30:3 8 18 1
4 7 9 10 11 15 24:63:12 16 5 3 3 14 10
2 5 10 12 20 29:35:4 10 3 3 9 6
5 9:20:10 10
4 7 10 11 17 18 27 28:64:12 8 3 1 6 27 3 4
2 3 8 13 20 25:40:2 1 18 6 3 10
3 6 9 22:45:1 27 5 12
9 14 19 21 30:42:15 15 6 2 4
2 6 10 14 23 30:48:6 18 6 10 4 4
8 10 12 18 20 24 25:45:6 3 1 9 6 10 10
8 21:14:12 2
4 7 8 9 11 15 19 29:77:8 8 18 10 3 21 6 3
21 22 23:17:1 12 4
3 4 5 14 15 16 18 24:104:3 8 10 15 14 12 27 15
1 6 7 8 15 25 29:74:9 9 24 12 7 10 3
1 4 15 21 23:28:3 12 7 2 4
7 10 21:16:8 6 2
14 19 22 26 29:56:15 18 12 2 9
1 2 6 13 14 20 21 25:64:9 2 27 3 5 6 2 10
8 22:24:12 12
1 4 8 25 27:39:9 12 12 5 1
3 7 13 15 19 26 28:57:3 8 9 14 18 3 2
7 10 14 20 21 23 27:35:8 3 5 9 2 6 2
3 9 10 11 22 23 24 28:47:1 5 6 2 12 4 15 2
7 17 21:32:24 6 2
1 2:8:6 2
2 5 13 16 17 21:32:6 10 3 8 4 1
9 28:19:15 4
1 7 9 10 11 13 15 24:65:6 16 10 3 3 3 14 10
12 13 15 20 26:24:2 3 14 3 2
12 19 21:8:1 6 1
2 5 11 14 15:55:2 30 1 15 7
2 7 8 15 27:35:6 8 12 7 2
7 8 14 22:69:24 18 15 12
23 27 29:8:4 1 3
1 8 13 17 18 21 22 23:50:3 12 3 4 18 2 4 4
4 12 15 18 21 22 24:56:12 2 14 9 2 12 5
1 13 14 16 25 27 28:51:3 9 15 12 5 3 4
2 10 12 15 18:43:2 6 1 7 27
2 3 9 16 17 19 25 26:59:4 3 10 12 6 12 10 2
1 6 14 16 20 30:55:6 18 10 8 9 4
2 5 10 22:27:4 10 9 4
2 11 20 22 23 26:23:2 2 6 8 2 3
2 9 30:16:2 10 4
5 11 15 24 29:70:30 2 14 15 9
2 10 28:7:2 3 2
7 8 9 16 19:76:24 18 10 12 12
2 7 8 11 15 18 22 25:82:2 24 6 3 21 9 12 5
3 8 13 19 20 27:43:3 18 3 12 6 1
5 7 16 28:44:20 8 12 4
2 7 9 11 16:43:4 24 10 1 4
6 10:36:27 9
1 5 6 17 19 20 25 27:85:9 20 9 2 18 9 15 3
7 25 27:19:8 10 1
3 6 8 11 14 16 17 20:47:3 9 6 2 10 12 2 3
2 3 4 5 7 23 25 26:49:4 3 12 10 8 6 5 1
10 19 21 24 28:37:9 12 2 10 4
4 11 21:14:8 3 3
7 10 16 19 22:46:8 6 12 12 8
6 10 14 16 20 24 26:79:27 3 15 8 9 15 2
15 19 28:35:21 12 2
2 16 27:11:4 4 3
11 16 20:18:3 12 3
15 19 28:36:14 18 4
11 14 15 18 26 29:55:1 10 21 18 2 3
1 3 14 25 26 30:26:9 1 5 5 2 4
18 20 21 26 30:41:27 9 1 2 2
7 10 12 13 16 20 21 23:41:8 9 2 3 8 6 1 4
4 9 13 15 17:42:12 15 6 7 2
6 13 23:38:27 9 2
1 2 4 5 9 10 15 21:83:6 2 12 20 10 9 21 3
1 2 11 28:20:6 6 2 6
20 22 26:19:9 8 2
9 12 15 16 18 20 26 28:56:15 1 14 8 9 3 2 4
2 22:14:2 12
6 26:12:9 3
6 15 19 26:44:9 14 18 3
13 16 22:27:3 12 12
1 10 13:21:3 9 9
1 5 8 13 21 27 29:47:9 10 6 9 3 1 9
14 22:27:15 12
5 8 13 15 28 29:59:30 12 3 7 4 3
2 9 11 17 21 24 26:29:6 5 1 6 3 5 3
4 12 13 15 19 24 26:71:8 1 6 21 18 15 2
17 25:12:2 10
14 22 24:37:15 12 10
12 22 28:15:1 12 2
1 12 25:26:9 2 15
5 6 9 24 26 27:80:30 27 15 5 1 2
11 21 29:13:1 3 9
8 9 10 14 15 23 30:52:6 15 6 10 7 2 6
12 21:4:3 1
3 29:12:3 9
1 15 22 27 29:37:3 21 8 2 3
9 23:9:5 4
12 22:11:3 8
1 7 8 19 20 23:61:3 24 18 6 6 4
3 20 24 28:17:2 3 10 2
1 3 11 14 15 21 22 25:54:6 3 1 15 14 1 4 10
2 3 25:15:2 3 10
1 2 3 6 14 19 27:51:9 6 2 9 5 18 2
2 5 13 21 23 27:43:2 30 3 3 2 3
7 14 28:17:8 5 4
3 22:10:2 8
9 15 19 22 23 25:67:15 21 12 8 6 5
10 11 13 20 23 27 28:28:9 3 3 3 2 2 6
