3 8:15:3 12
4 12:5:4 1
3 10 14:17:3 9 5
3 14:16:1 15
1 7 10 14:38:3 16 9 10
4 6 8 11 12 13 14:63:12 18 12 1 1 9 10
1 2 4 7 8 12:43:6 2 8 8 18 1
2 6 7 10 11 12:52:6 9 24 9 1 3
6 8 11 13 14:42:18 6 2 6 10
2 4 6 8:41:6 8 9 18
6 11 12 13 14:39:27 1 3 3 5
1 3 4 5 9 12:42:6 2 8 10 15 1
1 3 4 5 6 11 13 14:54:9 2 4 10 18 3 3 5
2 5 6 9 10 11 13 14:80:6 20 27 10 3 3 6 5
2 4 10 12 13 14:35:2 8 6 3 6 10
2 14:19:4 15
2 3 7 13 14:37:2 1 16 3 15
2 3 5 6 10 14:53:2 1 30 9 6 5
8 10 11 13:24:6 9 3 6
3 4 7 8:41:1 4 24 12
2 5 12:14:2 10 2
1 5 11 12:34:9 20 3 2
1 2 6 7 9 11 14:75:6 4 18 24 10 3 10
1 4 5 9 13:56:3 12 30 5 6
10 14:14:9 5
1 14:14:9 5
2 4 10 11:24:4 8 9 3
2 5 6 7 10 11 13 14:107:2 30 27 24 3 2 9 10
2 3 7 8 9 11 13:67:2 3 24 18 15 2 3
3 14:8:3 5
1 2 3 4 5 9 13:56:9 4 1 4 20 15 3
11 14:17:2 15
6 10 11 13:40:27 9 1 3
7 9 10 12 13:36:16 5 3 3 9
5 9 12 14:36:10 10 1 15
12 13:9:3 6
1 9:14:9 5
1 5 8 12:27:9 10 6 2
2 3 4 5 8 9 14:55:6 2 4 10 18 5 10
2 13:10:4 6
7 11 13 14:19:8 3 3 5
1 2 6 8 11 12:34:6 2 18 6 1 1
4 7 8 10 11 12 13 14:68:4 16 18 9 2 3 6 10
2 5 9 11 12 13:40:2 10 15 3 1 9
1 2 11 12 13:22:6 4 1 2 9
11 12:6:3 3
1 3 4 5 8 11 14:63:6 3 4 30 12 3 5
3 4 5 7 8 10 13:63:3 8 20 8 18 3 3
1 2 3 5 10 12:43:9 2 3 20 6 3
3 14:11:1 10
4 5 6 10 12:70:12 20 27 9 2
1 5:19:9 10
1 6 8 10:33:6 18 6 3
1 4 5 7 8 9 11 13:67:6 4 10 24 6 10 1 6
2 3 5 7:33:4 3 10 16
3 4 5 6 12:58:1 8 20 27 2
10 12 14:15:3 2 10
3 7 11:29:2 24 3
8 10 13:27:18 3 6
5 8 14:42:20 12 10
2 7 8:44:2 24 18
1 12 14:12:6 1 5
1 3 5 7 9 11:39:3 1 20 8 5 2
1 3 5 8:37:9 2 20 6
1 3 5 10 14:35:6 1 20 3 5
1 2 11 14:17:9 2 1 5
3 7 8 9 10:48:1 24 12 5 6
1 6 11 14:41:6 18 2 15
1 4 5 9 11:23:3 4 10 5 1
5 9 12:26:10 15 1
2 8 11:11:2 6 3
1 2 4 6 7 10 11 13:58:6 6 8 9 16 6 1 6
2 5 6 7 9 10 11 14:61:4 10 18 8 10 3 3 5
1 3 5:18:6 2 10
1 2 3 7 13:30:9 2 2 8 9
4 8:30:12 18
1 5 6 10 14:43:6 20 9 3 5
1 5:23:3 20
2 7:30:6 24
2 4 5 6 8 13:61:6 12 10 9 18 6
1 2 3 12 13:21:9 4 1 1 6
2 5 6 9 10 11 12:40:4 10 9 10 3 2 2
4 13 14:22:8 9 5
1 4 5 6 7 11:50:3 8 10 18 8 3
1 2 3 6 8 10 11 14:43:9 6 2 9 6 3 3 5
13 14:13:3 10
4 10:17:8 9
2 11 12:8:2 3 3
1 3 4 5 7 9 13:58:6 3 8 20 8 10 3
3 10 12 14:25:3 9 3 10
1 3 6 7 10 12:68:3 2 27 24 9 3
2 3 4 5 7 10 14:63:6 3 4 20 16 9 5
5 6:37:10 27
3 4 5 7 10 14:51:1 4 20 8 3 15
2 5 7 9 10 12 13:58:6 10 24 5 9 1 3
5 6 7 8 9 14:104:10 27 24 18 15 10
2 3 6 10 11:31:6 2 18 3 2
1 2 5 6 8 9 11 12:81:3 4 30 27 6 5 3 3
3 7 11 13 14:40:1 24 2 3 10
3 5 6 7 13 14:80:3 10 27 24 6 10
2 6 7 8 9 10 12 14:88:2 9 24 18 10 9 1 15
5 8 9 10:57:30 6 15 6
1 6 13:36:9 18 9
6 9 10 12 14:43:18 15 3 2 5
3 4 6 7 9 10:56:1 12 27 8 5 3
2 3 6 8 10 14:70:6 3 27 18 6 10
2 8:8:2 6
1 2 3 12 13:15:3 4 1 1 6
1 4:11:3 8
9 13:21:15 6
1 4 5 6 7 9 12:71:3 8 30 9 8 10 3
3 5 6 8 12 13:57:3 20 18 12 1 3
4 7 9 11 12 13:57:12 16 15 2 3 9
2 7 9 14:60:6 24 15 15
4 7 9 13:45:8 24 10 3
1 4 6 9 11 12 13 14:42:3 8 9 10 2 2 3 5
4 7 8:24:4 8 12
1 5 6 7 8 9 13:59:3 10 9 8 18 5 6
8 14:11:6 5
4 6 7 9 13 14:76:12 27 8 5 9 15
1 3 4 5 8 9 14:57:6 1 12 10 18 5 5
6 7 8:40:18 16 6
1 2 5 7 9 10 14:84:9 6 20 16 15 3 15
1 2 3 4 5 13:48:9 4 2 4 20 9
1 4 5 7 8 10 12:84:9 12 10 24 18 9 2
3 6 9 11 13:26:3 9 5 3 6
3 6 8 14:32:2 9 6 15
5 7 11 14:51:30 8 3 10
1 6 9 14:37:3 9 15 10
2 4 10 12:18:4 8 3 3
1 3 4 6 8 9 11:68:3 1 12 27 12 10 3
5 14:20:10 10
3 4 8 12:17:2 8 6 1
3 6 10:28:1 18 9
1 2 4 7:21:3 2 8 8
3 6:19:1 18
1 4 5 7 9 10 11:85:9 8 30 16 15 6 1
1 6:12:3 9
6 9 14:28:18 5 5
1 3 7 8 10 11 12:60:9 2 16 18 9 3 3
1 3 4 5 6 7 8 11:106:9 1 8 30 27 24 6 1
1 2 7 8 9 10 12 13:62:6 4 16 12 10 6 2 6
2 3:9:6 3
2 7 11 12 14:38:2 24 1 1 10
2 3 4 7:28:6 2 4 16
4 6 7 8 12:46:8 9 8 18 3
3 5 6 10 11:51:3 30 9 6 3
11 12 14:15:3 2 10
4 5 12 13:23:8 10 2 3
2 8 9 10 13:45:6 12 15 9 3
1 3 4 6 8 9 14:73:3 3 12 18 12 10 15
8 9:16:6 10
8 9 10:30:12 15 3
1 3 8 9 10 12 13:39:3 2 12 5 9 2 6
7 10:30:24 6
1 4 5 7 12 13:38:3 8 10 8 3 6
4 5 6 13:54:12 30 9 3
3 7 12 13 14:42:2 24 2 9 5
2 3 5 7 8 11 14:37:4 1 10 8 6 3 5
1 9:19:9 10
1 5 9 12 13:24:3 10 5 3 3
1 6 7 8 10 13:52:3 9 16 12 6 6
4 7 8 10 11 13:62:12 16 18 6 1 9
1 6 7 8 13 14:74:9 27 8 6 9 15
3 5 9 10 11 12 13:65:3 30 15 6 1 1 9
4 6 11 13:39:4 27 2 6
2 3 4 10 11 12:15:4 2 4 3 1 1
7 8 9 12:53:24 12 15 2
2 5 6 7 9 12 13 14:67:2 20 9 8 5 2 6 15
3 6 8 10 11 13:61:3 27 18 3 1 9
3 4 5 10 13:42:2 8 20 3 9
1 6:36:9 27
2 3 4 7 8 10 12 13:45:4 1 4 8 18 3 1 6
1 2 4 5 9 10 14:55:6 2 4 20 10 3 10
2 3 4 5 6 13:61:4 2 4 30 18 3
3 4 5 7 8 12:65:3 8 10 24 18 2
3 4 8 14:30:3 4 18 5
2 6 7 12 13 14:43:4 9 8 3 9 10
2 3 4 8 9 10:42:6 1 12 12 5 6
4 6 7 10 11:57:12 27 8 9 1
2 3 5 6 7 14:95:6 1 30 27 16 15
1 6 9 11:27:3 18 5 1
1 2 10 11 12 13 14:42:9 2 9 1 2 9 10
4 9:17:12 5
7 9 12:19:8 10 1
1 4 7 9 10 12:56:6 8 16 15 9 2
4 11 13:24:12 3 9
2 5 7 8 9 12:67:4 30 16 6 10 1
5 6 7 10 12 13:47:10 18 8 6 2 3
1 2 3 4 10 11 14:40:3 6 3 12 3 3 10
2 3 9 11:24:6 2 15 1
3 5 6 7 10 12 13:65:2 20 18 16 3 3 3
2 9 13:19:6 10 3
6 7 8 12:55:18 24 12 1
3 4 10 11:24:2 12 9 1
3 5 6 8 10:54:1 20 18 6 9
11 13:8:2 6
1 6 7 8 10 11:76:9 27 16 12 9 3
5 6 10 12 13:54:20 18 9 1 6
3 7 9 13:35:3 24 5 3
