440 559 572 890:16:2 8 5 1
232 520 801:21:9 7 5
39 566 659 676:19:4 3 6 6
408 784 977:10:2 5 3
321 675 788:17:6 5 6
231 321 448:15:8 6 1
33 166 286 881:15:3 5 6 1
102 540 972:13:1 9 3
259 508:16:9 7
140 226 878:15:1 8 6
54 779 993:9:3 3 3
443 885 989:6:1 2 3
307 427 729 730:8:4 2 1 1
345 489 716:10:3 6 1
393 745 812:15:8 3 4
70 726 895:4:1 1 2
263 307 407:13:7 4 2
455 677 699 730:15:4 6 4 1
459 674 878 977:20:4 7 6 3
488 531 753:20:6 10 4
484 705 946:12:6 4 2
504 590 775:14:8 4 2
1 75 393 699:17:3 2 8 4
14 726 957:6:2 1 3
461 895:6:4 2
498 561 752 946:15:5 4 4 2
296 543 935:15:4 9 2
158 344 384 691:19:5 3 9 2
314 736 862:9:2 2 5
566 599 677:12:3 3 6
96 292 696:9:1 6 2
226 440:10:8 2
73 209 818:16:2 9 5
618 678 954 961:16:3 7 3 3
290 365:12:5 7
327 353 591 600:14:6 3 2 3
86 678:10:3 7
345 388 478:16:3 8 5
261 699 904:14:7 4 3
291 353 798:14:6 3 5
86 375 712:14:3 9 2
362 812 987:14:7 4 3
318 367 469 587:18:4 7 3 4
119 402 746 877:11:1 1 3 6
145 867 946:8:1 5 2
134 278 562 944:15:2 6 4 3
261 354 716:12:7 4 1
484 588:9:6 3
362 370 432 734:18:7 9 1 1
235 305 631:17:10 3 4
156 225 458 801:20:3 9 3 5
318 330 487 769:21:4 8 6 3
58 229 470:17:3 10 4
411 482 646 925:13:2 5 5 1
101 143 554:13:2 2 9
12 229 294 835:24:2 10 6 6
627 653 699:14:5 5 4
630 632:12:6 6
166 375 566 716:18:5 9 3 1
298 463 837:13:5 4 4
440 690 705:10:2 4 4
487 855 881 915:15:6 5 1 3
62 99 572:7:1 1 5
131 412 877:8:1 1 6
62 355 809:8:1 3 4
670 978:8:5 3
99 393 947:11:1 8 2
118 476 493 533:22:2 5 5 10
880 885 894 923:10:5 2 2 1
18 766 772 813:12:4 2 2 4
16 126 557:12:2 1 9
240 261:16:9 7
138 804 930 992:11:2 5 2 2
494 632 783:15:5 6 4
145 297:5:1 4
206 245 291 610:26:9 9 6 2
39 346 641:14:4 4 6
18 328 462 587:17:4 6 3 4
318 482:9:4 5
628 889:6:5 1
74 206:10:1 9
200 482 609 785:14:3 5 1 5
99 342 494 526:18:1 4 5 8
554 562:13:9 4
387 439 489 612:16:8 1 6 1
60 292 703:11:3 6 2
54 329:9:3 6
245 389 489 590:28:9 9 6 4
136 179 361 408:13:1 3 7 2
247 280 697 705:20:8 5 3 4
211 227 495:26:10 10 6
112 116 440 854:10:2 2 2 4
100 268 384 862:23:3 6 9 5
102 956:5:1 4
130 459 885:8:2 4 2
70 434 516 874:14:1 2 6 5
220 245 610 745:25:11 9 2 3
229 345 522 885:21:10 3 6 2
44 296 554 906:17:2 4 9 2
501 900:10:8 2
299 444 549 671:18:4 1 8 5
12 101 700:6:2 2 2
779 954:6:3 3
74 91 484 485:14:1 2 6 5
122 136 152:6:2 1 3
342 444 577 964:13:4 1 4 4
145 200 505 932:12:1 3 7 1
505 700 712:11:7 2 2
552 572:15:10 5
526 644 696:14:8 4 2
353 804 940:11:3 5 3
449 661 778:9:1 6 2
804 830:9:5 4
805 900:6:4 2
131 179 522 577:14:1 3 6 4
78 297 361 893:16:3 4 7 2
606 712:5:3 2
136 736 745 932:7:1 2 3 1
318 699:8:4 4
833 1000:8:6 2
516 588 950:12:6 3 3
4 26 203 998:19:3 4 10 2
39 314 348 411:13:4 2 5 2
568 877 992:13:5 6 2
200 775:5:3 2
876 947:7:5 2
33 247 812:15:3 8 4
354 554 744 745:19:4 9 3 3
177 501 732 794:18:3 8 2 5
298 450 548 894:17:5 2 8 2
235 342 900:16:10 4 2
12 408 726 982:8:2 2 1 3
206 444 468 561:17:9 1 3 4
254 688 880:15:8 2 5
500 677 778:14:6 6 2
240 596 697:13:9 1 3
527 894 932:10:7 2 1
459 862:9:4 5
131 134 783:7:1 2 4
321 575 833:15:6 3 6
393 487 878 894:22:8 6 6 2
319 672 705 820:15:2 6 4 3
216 620:14:11 3
497 588 704:13:6 3 4
618 761:4:3 1
374 421 805 854:17:7 2 4 4
209 498 618 882:18:9 5 3 1
290 436 874 967:15:5 2 5 3
14 562 567 822:13:2 4 3 4
191 691:5:3 2
722 818 932 950:11:2 5 1 3
247 955:11:8 3
393 501 805 818:25:8 8 4 5
30 263:10:3 7
279 949:8:5 3
90 280 527 769:18:3 5 7 3
640 694 778:9:5 2 2
577 652:9:4 5
13 455 798 837:17:4 4 5 4
312 527 751 778:15:3 7 3 2
259 392 855 954:25:9 8 5 3
354 588:7:4 3
716 932:2:1 1
33 489 784 846:19:3 6 5 5
37 312 620:10:4 3 3
487 783 1000:12:6 4 2
488 517 705:17:6 7 4
330 941:10:8 2
458 631 744 844:14:3 4 3 4
354 393 584:17:4 8 5
44 305 753:9:2 3 4
436 606 895:7:2 3 2
13 590 642:12:4 4 4
177 328 582:12:3 6 3
381 915:13:10 3
263 486:13:7 6
86 250 581 618:19:3 8 5 3
261 375 504 522:30:7 9 8 6
73 609 627 956:12:2 1 5 4
779 827 846:14:3 6 5
122 476 501:15:2 5 8
26 88 843 937:13:4 2 5 2
90 640:8:3 5
314 677 860:13:2 6 5
206 294 329 769:24:9 6 6 3
75 131 280 947:10:2 1 5 2
497 940:9:6 3
426 977:5:2 3
50 448 585 946:10:4 1 3 2
505 958:10:7 3
263 675 792 954:20:7 5 5 3
8 849:7:3 4
280 450 493 628:17:5 2 5 5
344 504 508 885:20:3 8 7 2
408 431:4:2 2
452 827:10:4 6
122 658:9:2 7
30 418 712 954:9:3 1 2 3
582 585 640:11:3 3 5
591 882:3:2 1
64 676:7:1 6
262 432 588 809:14:6 1 3 4
461 549 785:17:4 8 5
47 249:9:2 7
196 882:6:5 1
357 434 858:13:5 2 6
189 535:14:4 10
597 708 734 820:9:1 4 1 3
661 745:9:6 3
443 646 784 890:12:1 5 5 1
191 249 751:13:3 7 3
400 517 734:16:8 7 1
56 314 597 778:7:2 2 1 2
112 389 798 982:19:2 9 5 3
42 250 402 699:17:4 8 1 4
57 443 695:4:1 1 2
10 634 752:11:3 4 4
370 628:14:9 5
731 911:3:1 2
827 858:12:6 6
572 596 966:9:5 1 3
232 268:15:9 6
104 700:3:1 2
37 73 406 965:10:4 2 1 3
236 594 597:12:10 1 1
183 281 431 788:15:3 4 2 6
556 827:16:10 6
488 677 688 993:17:6 6 2 3
47 330 554:19:2 8 9
440 599 840:10:2 3 5
272 312 491 915:19:7 3 6 3
222 500 642:18:8 6 4
121 672 819 1000:15:2 6 5 2
33 68 805:9:3 2 4
47 527 745:12:2 7 3
75 841:6:2 4
381 469 813:17:10 3 4
497 827 950 961:18:6 6 3 3
127 787:6:1 5
566 781:9:3 6
175 297 695:9:3 4 2
346 449 761 937:8:4 1 1 2
584 630:11:5 6
102 119 800:8:1 1 6
62 307:5:1 4
158 342 675:14:5 4 5
504 632 690:18:8 6 4
272 798 998:14:7 5 2
82 355 794:11:3 3 5
439 809:5:1 4
62 206 585 620:16:1 9 3 3
278 543:15:6 9
37 340 958:13:4 6 3
652 798:10:5 5
58 954:6:3 3
309 588 620:8:2 3 3
10 389 635 944:20:3 9 5 3
10 291 467 691:15:3 6 4 2
73 343:7:2 5
56 247 408 751:15:2 8 2 3
246 635 638 641:22:7 5 4 6
440 491:8:2 6
234 443 489 949:19:9 1 6 3
736 785:7:2 5
508 543 744:19:7 9 3
216 543:20:11 9
106 520 958:12:2 7 3
278 307 659:16:6 4 6
240 618:12:9 3
54 320 956:11:3 4 4
413 585:5:2 3
346 769:7:4 3
731 781:7:1 6
14 727 800 891:10:2 1 6 1
456 751:6:3 3
185 484 849 911:15:3 6 4 2
440 562 998:8:2 4 2
128 560:11:2 9
361 504:15:7 8
321 340 354 596:17:6 6 4 1
128 632 768 840:15:2 6 2 5
291 552 634:20:6 10 4
68 361 620 743:16:2 7 3 4
126 327:7:1 6
37 993:7:4 3
209 652:14:9 5
158 591:7:5 2
118 263 520 697:19:2 7 7 3
225 837:13:9 4
486 734 957:10:6 1 3
559 752:12:8 4
122 930 993:7:2 2 3
488 554 695 904:20:6 9 2 3
57 60 88 690:10:1 3 2 4
439 663 890:7:1 5 1
67 73 208:15:3 2 10
642 661 869:15:4 6 5
255 370 800 955:25:7 9 6 3
308 748 941:9:2 5 2
434 684 769 817:12:2 3 3 4
39 225 245 889:23:4 9 9 1
644 915 983:9:4 3 2
78 606:6:3 3
18 266 299:13:4 5 4
582 744 835:12:3 3 6
26 566 745 965:13:4 3 3 3
321 588 683:13:6 3 4
183 598:4:3 1
156 305 344 965:12:3 3 3 3
18 318 340 958:17:4 4 6 3
535 591:12:10 2
411 562 772:8:2 4 2
234 467 549 862:26:9 4 8 5
1 361 843 881:16:3 7 5 1
405 876:6:1 5
112 508:9:2 7
231 476 978:16:8 5 3
58 346 891:8:3 4 1
280 535:15:5 10
70 527:8:1 7
498 504:13:5 8
263 292 658:20:7 6 7
245 965:12:9 3
139 200 638:8:1 3 4
82 644 969:9:3 4 2
426 530 695 854:14:2 6 2 4
91 835 893:10:2 6 2
26 350 646:12:4 3 5
342 360 648:14:4 4 6
314 848:8:2 6
16 279 493 977:15:2 5 5 3
118 559:10:2 8
33 328 441 969:12:3 6 1 2
190 250 731:14:5 8 1
12 329 498 695:15:2 6 5 2
461 661 983:12:4 6 2
671 989:8:5 3
387 978:11:8 3
99 432 594:3:1 1 1
4 143 526:13:3 2 8
175 552:13:3 10
890 972:4:1 3
61 225 500 703:18:1 9 6 2
327 752 876:15:6 4 5
239 309 837:15:9 2 4
19 101 166:10:3 2 5
452 859:10:4 6
641 716:7:6 1
314 876:7:2 5
393 407 470 901:16:8 2 4 2
309 455:6:2 4
126 572 825:12:1 5 6
42 128 178 255:16:4 2 3 7
62 597 744 925:6:1 1 3 1
73 783:6:2 4
280 434:7:5 2
122 236 348 700:19:2 10 5 2
317 775 881:7:4 2 1
131 421:3:1 2
62 201 736 925:13:1 9 2 1
367 399 805 946:23:7 10 4 2
121 388 792 940:18:2 8 5 3
141 239 467:14:1 9 4
290 568:10:5 5
566 850:7:3 4
297 308 321 465:15:4 2 6 3
54 318 992 1000:11:3 4 2 2
4 227 444 612:15:3 10 1 1
332 385 732 781:25:8 9 2 6
517 531 732 819:24:7 10 2 5
86 116 470 566:12:3 2 4 3
496 562 850:14:6 4 4
193 468 837:10:3 3 4
294 552 606 691:21:6 10 3 2
100 249 410 432:12:3 7 1 1
384 434 612 893:14:9 2 1 2
458 721 769 779:10:3 1 3 3
249 597 714:10:7 1 2
281 413 496 874:17:4 2 6 5
45 485 660 772:18:4 5 7 2
82 152 520:13:3 3 7
121 848:8:2 6
16 476:7:2 5
319 327 798:13:2 6 5
508 522 688 841:19:7 6 2 4
229 365 674 794:29:10 7 7 5
298 305 712 858:16:5 3 2 6
556 783 937 946:18:10 4 2 2
278 559:14:6 8
249 648 785 969:20:7 6 5 2
57 557 597:11:1 9 1
279 319 493 647:16:5 2 5 4
60 344 444 972:10:3 3 1 3
26 983:6:4 2
575 688 966:8:3 2 3
128 187 272 731:13:2 3 7 1
74 653 794 841:15:1 5 5 4
220 408 496 631:23:11 2 6 4
450 985:4:2 2
302 320 647:10:2 4 4
439 743:5:1 4
443 800:7:1 6
191 291 783 925:14:3 6 4 1
225 610:11:9 2
354 443 535:15:4 1 10
732 844 933:8:2 4 2
187 314 393 623:19:3 2 8 6
347 827 915:13:4 6 3
328 440 678 762:18:6 2 7 3
127 384 631 894:16:1 9 4 2
231 427 783:14:8 2 4
402 537 684 730:15:1 10 3 1
203 512 655 683:27:10 6 7 4
581 612 655 900:15:5 1 7 2
19 134:5:3 2
688 900:4:2 2
317 961:7:4 3
290 894:7:5 2
33 332 844:15:3 8 4
30 547 600:16:3 10 3
88 128 874 906:11:2 2 5 2
405 527 530 792:19:1 7 6 5
441 531 932:12:1 10 1
287 671:11:6 5
531 556 893:22:10 10 2
577 721:5:4 1
156 177:6:3 3
712 950 961:8:2 3 3
91 145 468:6:2 1 3
90 222 745 946:16:3 8 3 2
8 18 688 895:11:3 4 2 2
168 972:8:5 3
127 533 835:17:1 10 6
1 208 674 813:24:3 10 7 4
26 126 393:13:4 1 8
96 278 281 635:16:1 6 4 5
299 734:5:4 1
73 88 522:10:2 2 6
330 638:12:8 4
452 661 778:12:4 6 2
487 766 906:10:6 2 2
299 318:8:4 4
209 960:12:9 3
216 357 825 998:24:11 5 6 2
343 530:11:5 6
642 752:8:4 4
133 234 748 900:17:1 9 5 2
56 562 703 842:14:2 4 2 6
255 317:11:7 4
100 309 345 860:13:3 2 3 5
571 813:8:4 4
571 860 869:14:4 5 5
26 328 526:18:4 6 8
130 712 769:7:2 2 3
374 623 671:18:7 6 5
436 704 730 734:8:2 4 1 1
138 504 599 884:15:2 8 3 2
501 653 753 937:19:8 5 4 2
211 652 820 915:21:10 5 3 3
158 443 761 967:10:5 1 1 3
340 441 484:13:6 1 6
392 982:11:8 3
193 318 911:9:3 4 2
209 465:12:9 3
644 687:6:4 2
166 227 448:16:5 10 1
925 964:5:1 4
130 141:3:2 1
133 458 530 998:12:1 3 6 2
127 498 691 893:10:1 5 2 2
448 471:5:1 4
88 491 609:9:2 6 1
130 279 441 688:10:2 5 1 2
320 600 630 670:18:4 3 6 5
152 915:6:3 3
262 736 781 787:19:6 2 6 5
236 275 317 691:23:10 7 4 2
307 494 596:10:4 5 1
13 202:15:4 11
91 266 439 552:18:2 5 1 10
457 646 968:13:4 5 4
671 766:7:5 2
286 501:14:6 8
44 635 705 712:13:2 5 4 2
126 201:10:1 9
628 704:9:5 4
247 292 321 374:27:8 6 6 7
296 319 683 804:15:4 2 4 5
370 957 966:15:9 3 3
500 957:9:6 3
500 762 933:11:6 3 2
958 986:5:3 2
193 216:14:3 11
402 505 779:11:1 7 3
178 869:8:3 5
497 543:15:6 9
488 527 671:18:6 7 5
348 849:9:5 4
101 130 884:6:2 2 2
54 235 298:18:3 10 5
