490 542 799:20:6 10 4
505 515:13:7 6
176 263 422 567:17:5 7 2 3
503 539:15:7 8
517 546 565:21:7 10 4
40 93 469 986:11:3 3 3 2
115 448:3:2 1
171 263 509 816:21:4 7 6 4
432 532 960:12:1 8 3
168 471 477 584:19:5 4 5 5
442 613:2:1 1
422 636:7:2 5
416 475 573 623:15:2 3 4 6
389 570 863 889:19:9 3 6 1
20 50 154:11:4 4 3
32 122 570 650:13:2 2 3 6
82 811:6:3 3
168 455:9:5 4
39 540 600:16:4 9 3
219 811:12:9 3
200 526:11:3 8
182 612:5:4 1
57 411 804:8:1 2 5
134 284 409:9:2 5 2
471 599 613:8:4 3 1
380 564 609 832:18:9 4 1 4
132 496 539 725:16:1 6 8 1
263 737 913:10:7 1 2
308 762 867:10:2 3 5
138 515:8:2 6
176 359 432 437:13:5 5 1 2
40 389:12:3 9
75 634:6:2 4
455 523 624 864:24:4 8 6 6
154 165 877:12:3 3 6
441 525 756 884:13:1 7 3 2
186 523 583 887:20:5 8 5 2
59 186 586 847:16:2 5 4 5
150 359 735:7:1 5 1
338 470 639:17:8 4 5
197 885 896:7:4 2 1
282 312 498 634:18:6 3 5 4
74 568:6:1 5
359 437 583:12:5 2 5
263 453 892 898:14:7 4 1 2
135 174 437 576:10:1 3 2 4
20 111 126 133:8:4 2 1 1
377 455 557 853:26:9 4 9 4
183 446 628:9:3 1 5
582 639:8:3 5
135 264 739:10:1 7 2
587 949:7:4 3
80 346 498 838:17:3 4 5 5
584 901:7:5 2
31 75 598:7:4 2 1
182 364 499 581:21:4 7 5 5
491 614:9:6 3
78 988:5:3 2
49 151 429 490:15:3 4 2 6
138 462 903:8:2 3 3
113 179 448 630:12:2 3 1 6
89 121 516 611:11:1 2 6 2
282 371 912 993:19:6 8 2 3
475 683:7:3 4
380 407 644:15:9 2 4
49 111 500 542:21:3 2 6 10
416 472 531:16:2 4 10
437 879:8:2 6
108 622 634 760:15:1 6 4 4
57 1000:3:1 2
199 622 799:14:4 6 4
391 620:12:9 3
505 547 627 716:23:7 10 5 1
48 918:6:4 2
30 546 578 611:18:3 10 3 2
12 481 876 897:15:2 6 5 2
581 920 924:9:5 3 1
108 557 822 883:16:1 9 4 2
380 616 646:16:9 2 5
166 319 648:13:5 2 6
499 507:13:5 8
68 141 478 650:14:2 1 5 6
109 448:2:1 1
578 993:6:3 3
756 792 892 986:11:3 5 1 2
153 581 884:10:3 5 2
407 490:8:2 6
47 50 568 612:12:2 4 5 1
54 437 734:6:3 2 1
167 421 956:9:3 2 4
739 847:7:2 5
174 334 542 898:23:3 8 10 2
92 200 901 993:10:2 3 2 3
34 160 445 548:17:3 5 1 8
111 215 287 994:19:2 9 6 2
467 470 482 960:16:4 4 5 3
421 570:5:2 3
49 122:5:3 2
44 102 406 650:10:2 1 1 6
20 92 279 988:13:4 2 5 2
349 547 562:17:3 10 4
92 506 609:11:2 8 1
116 517 716:10:2 7 1
631 903:7:4 3
425 437:3:1 2
346 519:11:4 7
185 586 644 853:15:3 4 4 4
171 614 624 754:17:4 3 6 4
499 515 540 598:21:5 6 9 1
58 422 446 611:8:3 2 1 2
431 539:10:2 8
28 107 171 897:11:4 1 4 2
444 869 899:8:1 5 2
422 912:4:2 2
215 608:11:9 2
115 264 618:12:2 7 3
263 490 971:16:7 6 3
341 582 609:8:4 3 1
90 121 739 881:8:3 2 2 1
75 624 636:13:2 6 5
33 334 341 737:16:3 8 4 1
120 199 536:13:1 4 8
446 913:3:1 2
475 547 823:18:3 10 5
133 326:8:1 7
30 425 466 866:12:3 1 3 5
98 163 632:10:1 3 6
177 416:5:3 2
338 490 915 956:21:8 6 3 4
176 279 475:13:5 5 3
33 886:5:3 2
91 564:6:2 4
135 348 508 879:19:1 5 7 6
6 92 277 514:18:3 2 7 6
279 288 425:11:5 5 1
165 542 716:14:3 10 1
389 568 838 900:21:9 5 5 2
67 453 517:14:3 4 7
111 823:7:2 5
487 725:7:6 1
380 611 618 839:20:9 2 3 6
66 197 215 329:20:1 4 9 6
790 960:8:5 3
359 790:10:5 5
452 455 572:13:4 4 5
288 716 756:9:5 1 3
79 823 900:8:1 5 2
20 414 478 573:14:4 1 5 4
477 608:7:5 2
525 603:9:7 2
107 302 562 754:11:1 2 4 4
89 150 409 683:8:1 1 2 4
20 101 445 568:12:4 2 1 5
154 474 799 873:15:3 3 4 5
407 436 611 790:11:2 2 2 5
20 54 135 933:10:4 3 1 2
475 590:7:3 4
38 130:4:2 2
219 435 674:17:9 1 7
600 921:4:3 1
183 578:6:3 3
17 540 634 947:17:2 9 4 2
1 445 843:9:3 1 5
116 163 453 873:14:2 3 4 5
6 74 78 219:16:3 1 3 9
597 887 918:5:1 2 2
68 447 956:8:2 2 4
557 565 584:18:9 4 5
6 85 199:10:3 3 4
632 896:7:6 1
6 424 646:9:3 1 5
640 835 887:13:5 6 2
462 509 514:15:3 6 6
42 199 575 639:16:4 4 3 5
884 889 907:6:2 1 3
12 129 166:9:2 2 5
1 561 822:11:3 4 4
83 135 876:7:1 1 5
277 889:8:7 1
468 585:6:3 3
115 146 287:10:2 2 6
165 411 496 552:21:3 2 6 10
200 215:12:3 9
183 288 562 614:15:3 5 4 3
183 200 201:15:3 3 9
82 160:8:3 5
123 176 466:9:1 5 3
346 411 441 506:15:4 2 1 8
517 586:11:7 4
593 608 866:8:1 2 5
24 431:5:3 2
319 618:5:2 3
612 754:5:1 4
411 933:4:2 2
40 919:5:3 2
163 516 879:15:3 6 6
184 442 638:10:5 1 4
169 222 341:17:5 8 4
154 281 625 839:18:3 4 5 6
130 326:9:2 7
371 734:9:8 1
10 831:8:3 5
10 156 503 597:14:3 3 7 1
115 548 582:13:2 8 3
446 907:4:1 3
417 494 623:12:1 5 6
552 587 920:17:10 4 3
168 197 455:13:5 4 4
33 792:8:3 5
407 615:5:2 3
93 126 603:6:3 1 2
288 416:7:5 2
515 866:11:6 5
452 762:7:4 3
499 625 784:15:5 5 5
85 163 550:16:3 3 10
149 380 546 898:22:1 9 10 2
8 444:4:3 1
17 33 413 487:13:2 3 2 6
442 446 624:8:1 1 6
339 988:10:8 2
431 509:8:2 6
57 603:3:1 2
92 416 599 614:10:2 2 3 3
160 200:8:5 3
63 168 683 901:14:3 5 4 2
32 75 89:5:2 2 1
446 507 873:14:1 8 5
120 346 447 466:10:1 4 2 3
149 150:2:1 1
338 431:10:8 2
167 600:6:3 3
496 792:11:6 5
437 556 866:17:2 10 5
160 538 648:20:5 9 6
472 618 647 843:16:4 3 4 5
442 734 879:8:1 1 6
138 481 599:11:2 6 3
89 334 504 773:19:1 8 8 2
287 348 446:12:6 5 1
417 494 552:16:1 5 10
122 540 873:16:2 9 5
119 341 631:9:1 4 4
219 425 486:16:9 1 6
486 570:9:6 3
82 872 898:11:3 6 2
567 636 947:10:3 5 2
166 504 949:16:5 8 3
264 799 971:14:7 4 3
123 627:6:1 5
63 66 97:5:3 1 1
133 186 498 616:13:1 5 5 2
530 886:8:6 2
166 369 915 947:18:5 8 3 2
150 634:5:1 4
75 160 183 647:14:2 5 3 4
506 561:12:8 4
70 130 988:5:1 2 2
197 492:9:4 5
546 760 823 843:24:10 4 5 5
414 546 971:14:1 10 3
177 435 472 971:11:3 1 4 3
38 876 986:9:2 5 2
128 287 319 608:12:2 6 2 2
441 494 536 557:23:1 5 8 9
156 165 349:9:3 3 3
435 585 646 943:11:1 3 5 2
31 338 620:15:4 8 3
47 91 620:7:2 2 3
32 138:4:2 2
34 628 638 644:16:3 5 4 4
54 835 918 919:13:3 6 2 2
350 921 923:5:3 1 1
568 901:7:5 2
209 349 441:13:9 3 1
174 282 911 960:14:3 6 2 3
89 130 469 627:11:1 2 3 5
348 614:8:5 3
683 986:6:4 2
57 583:6:1 5
57 437 627 806:12:1 2 5 4
41 467 553:15:3 4 8
873 919:7:5 2
312 531 550 614:26:3 10 10 3
116 281 515:12:2 4 6
68 350 425 472:10:2 3 1 4
831 923:6:5 1
85 222 645 897:18:3 8 5 2
47 573 583 915:14:2 4 5 3
346 526:12:4 8
538 838:14:9 5
129 442 480 994:11:2 1 6 2
440 784 867:12:2 5 5
17 134:4:2 2
8 154 756 1000:11:3 3 3 2
30 517 613:11:3 7 1
85 532 869:16:3 8 5
119 432 475:5:1 1 3
16 279 487 610:15:2 5 6 2
490 515 882:13:6 6 1
547 624:16:10 6
30 263 603 823:17:3 7 2 5
568 839 993:14:5 6 3
130 349 517 638:16:2 3 7 4
6 90 446:7:3 3 1
197 843 889:10:4 5 1
442 492:6:1 5
499 806 988:11:5 4 2
10 467 725 920:11:3 4 1 3
151 171 277 884:17:4 4 7 2
75 547 646 871:23:2 10 5 6
1 125 947:6:3 1 2
338 500 799:18:8 6 4
78 194 587 599:13:3 3 4 3
284 461 911:11:5 4 2
638 947:6:4 2
80 155 556 873:23:3 5 10 5
369 421 620 879:19:8 2 3 6
21 156 389 578:19:4 3 9 3
219 471 645:18:9 4 5
313 575 647 899:12:3 3 4 2
414 561 608 645:12:1 4 2 5
41 792 877:14:3 5 6
12 32 530 584:15:2 2 6 5
10 182:7:3 4
215 565 623:19:9 4 6
109 168 839:12:1 5 6
504 799 871:18:8 4 6
10 156 587 612:11:3 3 4 1
737 896:2:1 1
121 347 442 640:12:2 4 1 5
79 461 734 886:8:1 4 1 2
674 804 915:15:7 5 3
158 398 538 867:28:5 9 9 5
42 197:8:4 4
448 514:7:1 6
92 326 638:13:2 7 4
576 625:9:4 5
54 552:13:3 10
442 496 988:9:1 6 2
167 552:13:3 10
149 150 716 872:9:1 1 1 6
74 119 504:10:1 1 8
115 839:8:2 6
104 575:4:1 3
542 853:14:10 4
437 446 508 839:16:2 1 7 6
111 146 287:10:2 2 6
113 933:4:2 2
47 515 539 647:20:2 6 8 4
424 481:7:1 6
526 611 832:14:8 2 4
359 435 472 866:15:5 1 4 5
20 349 389 597:17:4 3 9 1
116 866:7:2 5
48 773:6:4 2
117 494 794:11:1 5 5
215 281 618 650:22:9 4 3 6
263 313 333 960:21:7 3 8 3
349 498 634 784:17:3 5 4 5
398 442 531 839:26:9 1 10 6
185 288 508:15:3 5 7
329 799 848:16:6 4 6
467 618:7:4 3
107 134 451 615:10:1 2 4 3
279 411 441:8:5 2 1
179 754:7:3 4
182 199 475 918:13:4 4 3 2
478 835 872:17:5 6 6
129 360:6:2 4
448 452 884:7:1 4 2
21 582 863 884:15:4 3 6 2
483 923:6:5 1
44 427 453 756:11:2 2 4 3
28 461 869:13:4 4 5
163 167 471 624:16:3 3 4 6
91 823:7:2 5
80 411:5:3 2
222 348:13:8 5
496 646:11:6 5
1 157 516 832:16:3 3 6 4
406 523 872 918:17:1 8 6 2
478 882 903:9:5 1 3
6 115 377:14:3 2 9
347 639:9:4 5
565 586 600:11:4 4 3
130 597:3:2 1
58 123 153 585:10:3 1 3 3
471 598 835 896:12:4 1 6 1
411 756:5:2 3
486 547:16:6 10
79 380 913 949:15:1 9 2 3
76 716 823:9:3 1 5
199 912:6:4 2
89 448:2:1 1
638 896:5:4 1
153 514:9:3 6
123 424 839 843:13:1 1 6 5
168 184 898:12:5 5 2
452 610 640 943:13:4 2 5 2
55 515 584:13:2 6 5
80 435 683 873:13:3 1 4 5
40 491:9:3 6
49 339 737:12:3 8 1
470 517 756 872:20:4 7 3 6
98 452:5:1 4
17 21 150:7:2 4 1
636 882:6:5 1
111 754 933:8:2 4 2
329 435:7:6 1
43 627 838:13:3 5 5
196 444 606 921:10:5 1 3 1
623 799 853:14:6 4 4
346 436 531 885:18:4 2 10 2
117 184 329 492:17:1 5 6 5
50 312 468:10:4 3 3
186 478:10:5 5
33 92 831 912:12:3 2 5 2
1 550:13:3 10
90 411 498 505:17:3 2 5 7
572 586 882:10:5 4 1
432 509 565:11:1 6 4
129 277 414 835:16:2 7 1 6
389 760:13:9 4
30 445 884:6:3 1 2
150 505:8:1 7
517 674 848 877:26:7 7 6 6
149 553 620 892:13:1 8 3 1
79 425 553:10:1 1 8
308 519 622:15:2 7 6
132 843 847 848:17:1 5 5 6
606 647 912:9:3 4 2
347 427 639:11:4 2 5
79 122 447:5:1 2 2
30 435 903 920:10:3 1 3 3
75 988:4:2 2
196 907 1000:10:5 3 2
78 674 754:14:3 7 4
377 556 623 648:31:9 10 6 6
68 197 648 832:16:2 4 6 4
125 492 616 620:11:1 5 2 3
219 547 552:29:9 10 10
491 631 647:14:6 4 4
417 519:8:1 7
462 492 620 847:16:3 5 3 5
97 483:6:1 5
425 540 804:15:1 9 5
109 281:5:1 4
6 646 839:14:3 5 6
389 598 896:11:9 1 1
734 911:3:1 2
74 487 500:13:1 6 6
90 171 494 530:18:3 4 5 6
104 128 565 867:12:1 2 4 5
30 37 115:9:3 4 2
611 816 899:8:2 4 2
50 54 475 632:16:4 3 3 6
185 896 920:7:3 1 3
113 166 167 628:15:2 5 3 5
538 847:14:9 5
279 645:10:5 5
380 391 504 615:29:9 9 8 3
505 869:12:7 5
75 97 754:7:2 1 4
76 453 539:15:3 4 8
155 424 864:12:5 1 6
55 133 624 625:14:2 1 6 5
471 542:14:4 10
33 359 576 610:14:3 5 4 2
409 531 915:15:2 10 3
37 138 281 683:14:4 2 4 4
287 572 898:13:6 5 2
8 201 371:20:3 9 8
40 615 639 838:16:3 3 5 5
134 437 506 561:16:2 2 8 4
42 55 536 634:18:4 2 8 4
197 556 686:17:4 10 3
89 416:3:1 2
562 597:5:4 1
66 441 445:3:1 1 1
119 183 499:9:1 3 5
182 407 531 900:18:4 2 10 2
884 960:5:2 3
177 462 735:7:3 3 1
429 995:5:2 3
28 448 723:6:4 1 1
155 409 586:11:5 2 4
44 104 478 923:9:2 1 5 1
156 902:6:3 3
146 889 986:5:2 1 2
288 448 616:8:5 1 2
565 608 646 863:17:4 2 5 6
302 552 570 839:21:2 10 3 6
38 168 472:11:2 5 4
74 442:2:1 1
154 171 482 615:15:3 4 5 3
32 108 122 615:8:2 1 2 3
632 994:8:6 2
177 380 391 864:27:3 9 9 6
348 538 871:20:5 9 6
471 674 867 901:18:4 7 5 2
135 477 794 884:13:1 5 5 2
156 623:9:3 6
158 349:8:5 3
154 183 186 468:14:3 3 5 3
38 634 784:11:2 4 5
74 571 886:7:1 4 2
168 907:8:5 3
199 417:5:4 1
570 613:4:3 1
129 168 364 864:20:2 5 7 6
21 39 167 308:13:4 4 3 2
471 843:9:4 5
31 125 364:12:4 1 7
183 516:9:3 6
432 760:5:1 4
201 341 492 986:20:9 4 5 2
319 674:9:2 7
281 461:8:4 4
467 587:8:4 4
553 573 831:17:8 4 5
108 429 609:4:1 2 1
631 876:9:4 5
157 334 624:17:3 8 6
101 146 165 414:8:2 2 3 1
154 377 716:13:3 9 1
107 348 435 548:15:1 5 1 8
645 725:6:5 1
33 85 472 578:13:3 3 4 3
889 907 920:7:1 3 3
587 597:5:4 1
30 597 647 838:13:3 1 4 5
209 505 630 639:27:9 7 6 5
282 887:8:6 2
90 302 735 907:9:3 2 1 3
39 799 896:9:4 4 1
83 462:4:1 3
67 171:7:3 4
416 612:3:2 1
432 907:4:1 3
10 313:6:3 3
90 568 911:10:3 5 2
141 760:5:1 4
67 339:11:3 8
32 448:3:2 1
129 514 903:11:2 6 3
158 417 567:9:5 1 3
75 471 630:12:2 4 6
30 34 312 552:19:3 3 3 10
17 338 509 624:22:2 8 6 6
93 126 716:5:3 1 1
37 302 468 478:14:4 2 3 5
498 822:9:5 4
155 414 523 539:22:5 1 8 8
166 222 889:14:5 8 1
55 58 146 884:9:2 3 2 2
44 48 498 645:16:2 4 5 5
132 160 581 632:17:1 5 5 6
47 406 509 523:17:2 1 6 8
121 308 552:14:2 2 10
182 864:10:4 6
686 804 806 877:18:3 5 4 6
507 885:10:8 2
8 469 674 816:17:3 3 7 4
333 407:10:8 2
109 186 406:7:1 5 1
117 526 986:11:1 8 2
472 905:7:4 3
47 57:3:2 1
117 123 457 831:11:1 1 4 5
32 109 219 933:14:2 1 9 2
91 618 933:7:2 3 2
547 600 739:15:10 3 2
38 123 469 622:12:2 1 3 6
313 872 905 924:13:3 6 3 1
623 754:10:6 4
338 475 639:16:8 3 5
57 169 556 873:21:1 5 10 5
556 924:11:10 1
377 391 581 933:25:9 9 5 2
319 444 903:6:2 1 3
160 614:8:5 3
63 546:13:3 10
119 171 183 453:12:1 4 3 4
176 422 898:9:5 2 2
312 435 608:6:3 1 2
116 133:3:2 1
117 571:5:1 4
341 583 634:13:4 5 4
83 480:7:1 6
455 902 921:8:4 3 1
196 483 674:17:5 5 7
526 618:11:8 3
12 163 308 485:12:2 3 2 5
133 312 618 956:11:1 3 3 4
67 263:10:3 7
277 334 627:20:7 8 5
186 523 606 900:18:5 8 3 2
177 915:6:3 3
194 597 716 838:10:3 1 1 5
169 538 553 794:27:5 9 8 5
79 122 573:7:1 2 4
50 128 567 947:11:4 2 3 2
31 123 480 536:19:4 1 6 8
185 485 490 892:15:3 5 6 1
377 867 947:16:9 5 2
166 197 920 924:13:5 4 3 1
101 912:4:2 2
44 313 346 725:10:2 3 4 1
10 34 571:10:3 3 4
12 130 209:13:2 2 9
92 542 600:15:2 10 3
123 609:2:1 1
119 169 452 1000:12:1 5 4 2
349 532:11:3 8
130 425 457 575:10:2 1 4 3
91 794 918:9:2 5 2
176 264 481:18:5 7 6
49 107 468 557:16:3 1 3 9
1 43 440 879:14:3 3 2 6
122 185 630:11:2 3 6
199 453:8:4 4
158 466 469 624:17:5 3 3 6
477 899 907:10:5 2 3
166 414 542:16:5 1 10
153 553:11:3 8
165 436 924:6:3 2 1
92 150 308 380:14:2 1 2 9
43 540 600 625:20:3 9 3 5
515 832:10:6 4
138 600 956:9:2 3 4
66 313 339 485:17:1 3 8 5
159 924:6:5 1
63 486 584 628:19:3 6 5 5
121 483 612:8:2 5 1
413 523 640:15:2 8 5
33 346 806 1000:13:3 4 4 2
75 625 918:9:2 5 2
39 167 542 578:20:4 3 10 3
24 838:8:3 5
57 416 625:8:1 2 5
508 686 864:16:7 3 6
37 444 519 734:13:4 1 7 1
24 539 606 993:17:3 8 3 3
156 391:12:3 9
166 556 986:17:5 10 2
174 455 509:13:3 4 6
167 831 885:10:3 5 2
31 151 377 632:23:4 4 9 6
30 431:5:3 2
160 466 971:11:5 3 3
20 82 547 913:19:4 3 10 2
37 584:9:4 5
282 496 573 885:18:6 6 4 2
33 146:5:3 2
184 441 480 598:13:5 1 6 1
168 319 446:8:5 2 1
141 762:4:1 3
440 548 832:14:2 8 4
444 499 615 923:10:1 5 3 1
108 506 622 762:18:1 8 6 3
186 457:9:5 4
1 350 919:8:3 3 2
83 462 562 892:9:1 3 4 1
264 674:14:7 7
507 804:13:8 5
126 130 350 912:8:1 2 3 2
147 159:6:1 5
101 167 413 632:13:2 3 2 6
279 513:11:5 6
165 168 574:11:3 5 3
132 346 611:7:1 4 2
12 467 960:9:2 4 3
532 853:12:8 4
108 215 561 686:17:1 9 4 3
130 326 603:11:2 7 2
163 515 739:11:3 6 2
360 481 622 911:18:4 6 6 2
67 648:9:3 6
540 585 883:14:9 3 2
149 564:5:1 4
67 101 163 468:11:3 2 3 3
54 78 194 424:10:3 3 3 1
499 754:9:5 4
552 564 832:18:10 4 4
102 445 492 853:11:1 1 5 4
138 923 988:5:2 1 2
31 308 598:7:4 2 1
507 598 613:10:8 1 1
587 923:5:4 1
565 897:6:4 2
39 168 869:14:4 5 5
39 435 452:9:4 1 4
159 194 209 490:23:5 3 9 6
360 606:7:4 3
165 546 737:14:3 10 1
74 471 568 994:12:1 4 5 2
141 167:4:1 3
514 603 843 915:16:6 2 5 3
68 762 898:7:2 3 2
132 133 481:8:1 1 6
200 864 866:14:3 6 5
32 470 573 872:16:2 4 4 6
93 519 773 943:14:3 7 2 2
334 472:12:8 4
209 442 546:20:9 1 10
547 885:12:10 2
431 735:3:2 1
59 112 151:8:2 2 4
50 598 627 650:16:4 1 5 6
209 924:10:9 1
166 461:9:5 4
66 445:2:1 1
74 80 93 557:16:1 3 3 9
28 58 76 492:15:4 3 3 5
334 500:14:8 6
176 339 481:19:5 8 6
135 482 723:7:1 5 1
122 413 469 811:10:2 2 3 3
102 326 416 487:16:1 7 2 6
333 647:12:8 4
28 66:5:4 1
509 863 885:14:6 6 2
32 302 425 429:7:2 2 1 2
63 436 506 823:18:3 2 8 5
126 455 1000:7:1 4 2
409 519 618:12:2 7 3
16 21 184 457:15:2 4 5 4
130 277 447 739:13:2 7 2 2
440 622 924:9:2 6 1
48 128 918:8:4 2 2
134 995:5:2 3
1 478 822:12:3 5 4
348 519 873:17:5 7 5
12 197 505:13:2 4 7
47 349 622:11:2 3 6
132 281 734:6:1 4 1
585 611 889:6:3 2 1
80 590 873:12:3 4 5
169 326 348:17:5 7 5
68 176 364 446:15:2 5 7 1
169 572 674:17:5 5 7
581 773:7:5 2
176 943:7:5 2
85 432 645 877:15:3 1 5 6
63 176 360 503:19:3 5 4 7
448 639 924:7:1 5 1
42 610 919:8:4 2 2
75 168 349 838:15:2 5 3 5
28 263 513:17:4 7 6
20 350:7:4 3
16 50 149:7:2 4 1
41 67 866:11:3 3 5
494 762:8:5 3
129 739:4:2 2
200 623 920 949:15:3 6 3 3
75 176 377 881:17:2 5 9 1
538 547 877:25:9 10 6
348 445 498 831:16:5 1 5 5
50 760:8:4 4
16 349 920:8:2 3 3
91 516 638:12:2 6 4
138 371 494 523:23:2 8 5 8
481 632 876 877:23:6 6 5 6
505 790 816:16:7 5 4
590 831 879:15:4 5 6
469 799:7:3 4
31 112 176 407:13:4 2 5 2
121 163:5:2 3
334 364 509 887:23:8 7 6 2
150 500:7:1 6
6 44 176:10:3 2 5
380 509:15:9 6
149 556 573 590:19:1 10 4 4
111 887:4:2 2
462 686:6:3 3
115 338:10:2 8
347 723:5:4 1
80 692 739 885:10:3 3 2 2
32 593:3:2 1
585 933:5:3 2
364 499 581 995:20:7 5 5 3
570 599 606:9:3 3 3
116 530 933:10:2 6 2
147 427 614 884:8:1 2 3 2
20 30 391 583:21:4 3 9 5
427 879:8:2 6
482 898:7:5 2
184 406 567 956:13:5 1 3 4
70 130 359 567:11:1 2 5 3
109 281:5:1 4
153 313 581 613:12:3 3 5 1
150 209:10:1 9
108 186 523 843:19:1 5 8 5
38 284 589:12:2 5 5
506 615 876 986:18:8 3 5 2
83 109 570:5:1 1 3
646 907:8:5 3
185 869:8:3 5
359 442:6:5 1
38 623 886:10:2 6 2
82 646 725 892:10:3 5 1 1
546 548 847:23:10 8 5
30 120 184 606:12:3 1 5 3
125 263 576 913:14:1 7 4 2
59 608:4:2 2
55 391 472 639:20:2 9 4 5
21 457 615 686:14:4 4 3 3
63 83 422 881:7:3 1 2 1
123 623 923:8:1 6 1
43 492 632:14:3 5 6
109 475:4:1 3
201 440 650:17:9 2 6
425 773:3:1 2
277 610:9:7 2
440 548 933:12:2 8 2
279 313 500:14:5 3 6
156 461 578:10:3 4 3
483 500:11:5 6
448 564 839:11:1 4 6
338 590:12:8 4
89 160 447 994:10:1 5 2 2
40 453 461 542:21:3 4 4 10
179 466 871 949:15:3 3 6 3
151 167 674:14:4 3 7
57 452:5:1 4
134 346 498 792:16:2 4 5 5
503 553:15:7 8
598 686:4:1 3
91 334 615 630:19:2 8 3 6
129 871:8:2 6
34 134:5:3 2
91 107 338 515:17:2 1 8 6
129 882:3:2 1
429 482 582 832:14:2 5 3 4
282 432 716 847:13:6 1 1 5
31 92 609:7:4 2 1
581 586 686 1000:14:5 4 3 2
432 867 881:7:1 5 1
32 421:4:2 2
411 516 610 639:15:2 6 2 5
10 515 853:13:3 6 4
83 587:5:1 4
436 640 725 839:14:2 5 1 6
168 606 832 897:14:5 3 4 2
59 219:11:2 9
429 576 799:10:2 4 4
453 716:5:4 1
68 600:5:2 3
47 437 853:8:2 2 4
440 477 583:12:2 5 5
90 647 881:8:3 4 1
441 613 631 921:7:1 1 4 1
93 277 552 853:24:3 7 10 4
431 614 647 933:11:2 3 4 2
288 638:9:5 4
141 451 636 686:13:1 4 5 3
135 157 282 586:14:1 3 6 4
16 848 866:13:2 6 5
156 483:8:3 5
413 612 631:7:2 1 4
329 341 389 532:27:6 4 9 8
498 648:11:5 6
1 754 1000:9:3 4 2
485 881:6:5 1
171 348 467 519:20:4 5 4 7
50 466 674:14:4 3 7
10 222 584 898:18:3 8 5 2
455 475 586:11:4 3 4
93 585:6:3 3
113 516 873 882:14:2 6 5 1
431 437 958:7:2 2 3
157 547 640 956:22:3 10 5 4
107 496 754:11:1 6 4
68 156 326 986:14:2 3 7 2
389 692 773:14:9 3 2
444 457:5:1 4
334 339 794:21:8 8 5
119 869 902:9:1 5 3
126 640:6:1 5
264 474 519 593:18:7 3 7 1
200 398:12:3 9
122 462:5:2 3
319 500 881 886:11:2 6 1 2
155 421 822:11:5 2 4
91 429:4:2 2
109 154 215 547:23:1 3 9 10
17 182 199:10:2 4 4
1 40 562:10:3 3 4
93 556 639 886:20:3 10 5 2
104 398:10:1 9
98 200:4:1 3
467 958:7:4 3
37 83 564 612:10:4 1 4 1
20 67 587:11:4 3 4
277 620 790:15:7 3 5
319 646 873:12:2 5 5
10 431 630:11:3 2 6
200 538 550 628:27:3 9 10 5
264 477 971:15:7 5 3
54 101 496 988:13:3 2 6 2
74 359 562 907:13:1 5 4 3
44 90 154 843:13:2 3 3 5
78 424 523 556:22:3 1 8 10
287 811:9:6 3
371 620 873:16:8 3 5
197 538:13:4 9
431 482 503 578:17:2 5 7 3
43 567:6:3 3
58 125 599 920:10:3 1 3 3
469 525:10:3 7
74 194:4:1 3
135 531:11:1 10
107 169 455 1000:12:1 5 4 2
80 431 603:7:3 2 2
135 156 468 897:9:1 3 3 2
128 933:4:2 2
40 79 215 277:20:3 1 9 7
41 279 407 943:12:3 5 2 2
472 790:9:4 5
125 624:7:1 6
125 565:5:1 4
111 185 636:10:2 3 5
119 610 716 920:7:1 2 1 3
472 509:10:4 6
503 618 790:15:7 3 5
575 674:10:3 7
42 167 391:16:4 3 9
194 462 616:8:3 3 2
312 550:13:3 10
288 598:6:5 1
138 302 471 943:10:2 2 4 2
571 646 867:14:4 5 5
469 498 531 784:23:3 5 10 5
157 631:7:3 4
91 531:12:2 10
422 471 492 773:13:2 4 5 2
160 898:7:5 2
109 457 583 627:15:1 4 5 5
48 151:8:4 4
413 612:3:2 1
348 507 877:19:5 8 6
113 123 151 792:12:2 1 4 5
435 478 481 915:15:1 5 6 3
424 993:4:1 3
28 526 918:14:4 8 2
508 762 920:13:7 3 3
30 557 912:14:3 9 2
115 167 564 600:12:2 3 4 3
138 462:5:2 3
326 570 636:15:7 3 5
312 422 477 871:16:3 2 5 6
872 918:8:6 2
504 622 756:17:8 6 3
135 371 490 760:19:1 8 6 4
347 462 491 838:18:4 3 6 5
1 920 1000:8:3 3 2
503 756 899:12:7 3 2
90 116:5:3 2
122 583 901:9:2 5 2
166 391 899 988:18:5 9 2 2
63 288 506 553:24:3 5 8 8
209 536 737:18:9 8 1
277 483 557:21:7 5 9
200 453 822:11:3 4 4
364 526 912:17:7 8 2
79 116 166 326:15:1 2 5 7
108 163 587:8:1 3 4
57 147 282 754:12:1 1 6 4
608 623:8:2 6
182 611 625 848:17:4 2 5 6
517 565 586 630:21:7 4 4 6
514 585 686:12:6 3 3
102 447 564:7:1 2 4
58 59:5:3 2
200 288 920:11:3 5 3
150 369 614:12:1 8 3
113 333:10:2 8
38 151 567 848:15:2 4 3 6
12 867:7:2 5
54 391 477:17:3 9 5
564 650:10:4 6
466 879:9:3 6
21 125 134 435:8:4 1 2 1
117 196:6:1 5
147 754:5:1 4
120 737:2:1 1
167 349:6:3 3
575 578 921:7:3 3 1
514 552:16:6 10
183 993:6:3 3
89 116 263 613:11:1 2 7 1
130 564 565 575:13:2 4 4 3
57 435 503 905:12:1 1 7 3
582 790 811:11:3 5 3
467 900:6:4 2
279 446 494 599:14:5 1 5 3
104 167 485:9:1 3 5
174 614 899:8:3 3 2
176 584:10:5 5
38 490 492 794:18:2 6 5 5
167 313 326 943:15:3 3 7 2
263 876:12:7 5
445 526 843:14:1 8 5
165 369 630:17:3 8 6
618 864:9:3 6
116 377 446:12:2 9 1
539 564:12:8 4
338 425 872:15:8 1 6
504 636 943:15:8 5 2
263 570 823:15:7 3 5
21 644:8:4 4
472 879:10:4 6
76 422 784:10:3 2 5
43 949:6:3 3
20 364 448:12:4 7 1
806 900:6:4 2
6 24 618 971:12:3 3 3 3
222 302 437 571:16:8 2 2 4
530 590:10:6 4
128 468 628 949:13:2 3 5 3
470 480 832:14:4 6 4
91 391 413 589:18:2 9 2 5
532 884 993:13:8 2 3
799 971:7:4 3
147 436 625:8:1 2 5
567 647:7:3 4
33 519:10:3 7
120 530 816:11:1 6 4
371 624:14:8 6
183 472 960:10:3 4 3
108 287:7:1 6
43 219:12:3 9
17 912:4:2 2
481 509 958:15:6 6 3
421 444 469 919:8:2 1 3 2
158 609 900 923:9:5 1 2 1
222 281 334 823:25:8 4 8 5
509 863 883:14:6 6 2
12 482 971:10:2 5 3
107 542 550 883:23:1 10 10 2
898 920:5:2 3
900 986:4:2 2
737 848:7:1 6
475 500 960 994:14:3 6 3 2
42 54 308:9:4 3 2
359 816:9:5 4
75 153 582:8:2 3 3
149 530 538 571:20:1 6 9 4
371 683:12:8 4
486 995:9:6 3
33 279 960:11:3 5 3
159 494:10:5 5
68 620 883:7:2 3 2
369 416 507 515:24:8 2 8 6
339 517 564:19:8 7 4
79 182 993:8:1 4 3
446 508 762:11:1 7 3
108 466 581 603:11:1 3 5 2
585 650:9:3 6
63 550 995:16:3 10 3
166 487 832 883:17:5 6 4 2
40 66 424 427:7:3 1 1 2
66 451 739 896:8:1 4 2 1
111 154 421 509:13:2 3 2 6
167 398 612 887:15:3 9 1 2
184 593 640 739:13:5 1 5 2
34 440 575:8:3 2 3
570 835 933:11:3 6 2
624 867:11:6 5
312 620 639 994:13:3 3 5 2
169 350 525 866:20:5 3 7 5
194 282:9:3 6
186 832 958:12:5 4 3
288 531:15:5 10
63 499:8:3 5
121 822:6:2 4
435 478:6:1 5
209 892 915:13:9 1 3
263 498:12:7 5
437 615 889:6:2 3 1
92 163 539:13:2 3 8
424 447 892:4:1 2 1
75 80 277 609:13:2 3 7 1
222 505 866 905:23:8 7 5 3
30 90:6:3 3
341 550 564 634:22:4 10 4 4
40 128 263 329:18:3 2 7 6
138 369 490 519:23:2 8 6 7
117 499 532:14:1 5 8
409 553 896 902:14:2 8 1 3
97 447 483:8:1 2 5
568 572 913 947:14:5 5 2 2
120 163 471:8:1 3 4
41 360 636:12:3 4 5
8 911:5:3 2
723 734 882:3:1 1 1
308 478 574 913:12:2 5 3 2
135 958:4:1 3
57 155 411:8:1 5 2
584 618 624 754:18:5 3 6 4
102 921:2:1 1
28 446 578 881:9:4 1 3 1
599 636 863:14:3 5 6
58 683:7:3 4
151 264 918 921:14:4 7 2 1
43 614 627:11:3 3 5
525 674:14:7 7
648 792:11:6 5
63 571 600 918:12:3 4 3 2
263 625:12:7 5
631 958:7:4 3
130 469 947:7:2 3 2
432 530:7:1 6
16 576 956:10:2 4 4
346 398:13:4 9
380 618 632 843:23:9 3 6 5
108 446 794:7:1 1 5
108 326 421:10:1 7 2
598 871 918:9:1 6 2
93 474 869:11:3 3 5
76 462 864 866:17:3 3 6 5
432 611 762:6:1 2 3
360 900:6:4 2
281 338 406:13:4 8 1
176 472:9:5 4
186 348 409:12:5 5 2
33 200 475:9:3 3 3
119 597:2:1 1
222 627 988:15:8 5 2
75 532:10:2 8
20 334 341 380:25:4 8 4 9
154 409 609 628:11:3 2 1 5
12 196 552 920:20:2 5 10 3
509 516 877:18:6 6 6
427 896 901:5:2 1 2
480 725:7:6 1
37 157 581 716:13:4 3 5 1
525 898:9:7 2
91 628 804:12:2 5 5
561 872:10:4 6
90 319 615:8:3 2 3
480 503 799 853:21:6 7 4 4
215 513:15:9 6
102 169 515 647:16:1 5 6 4
128 277 804:14:2 7 5
39 120 150 380:15:4 1 1 9
91 120 121 496:11:2 1 2 6
31 141 371:13:4 1 8
155 436 739:9:5 2 2
338 421:10:8 2
121 197:6:2 4
66 616:3:1 2
24 478 921:9:3 5 1
92 313 498 995:13:2 3 5 3
760 867:9:4 5
57 686:4:1 3
413 457:6:2 4
483 503 515 831:23:5 7 6 5
264 451:11:7 4
160 590 622 683:19:5 4 6 4
41 163 517:13:3 3 7
67 799:7:3 4
67 380 790 853:21:3 9 5 4
12 75 472 994:10:2 2 4 2
63 461:7:3 4
130 589 993:10:2 5 3
104 760:5:1 4
16 263:9:2 7
24 133 847:9:3 1 5
432 548:9:1 8
76 467:7:3 4
12 288 424 762:11:2 5 1 3
168 199 548 556:27:5 4 8 10
28 281 610:10:4 4 2
82 154:6:3 3
30 958:6:3 3
28 169 201:18:4 5 9
75 487 806:12:2 6 4
34 581:8:3 5
333 620:11:8 3
90 279:8:3 5
525 883 896:10:7 2 1
650 773 883 994:12:6 2 2 2
113 184 481 630:19:2 5 6 6
78 411 492:10:3 2 5
50 556 565:18:4 10 4
31 444 884:7:4 1 2
41 80 422:8:3 3 2
341 487 636:15:4 6 5
177 445:4:3 1
6 115 494 734:11:3 2 5 1
421 616 919:6:2 2 2
112 196 606:10:2 5 3
47 158 898:9:2 5 2
513 622 886 956:18:6 6 2 4
312 350 608:8:3 3 2
209 847:14:9 5
102 409 831 839:14:1 2 5 6
47 159 616:9:2 5 2
611 616 882:5:2 2 1
47 93 263 632:18:2 3 7 6
120 333 832:13:1 8 4
284 960:8:5 3
168 411 457:11:5 2 4
93 634:7:3 4
63 78 160 485:16:3 3 5 5
54 492 644:12:3 5 4
166 877 899:13:5 6 2
67 614:6:3 3
411 523 735:11:2 8 1
90 504 610:13:3 8 2
128 424:3:2 1
608 792:7:2 5
83 167 638 848:14:1 3 4 6
75 471 573:10:2 4 4
287 571 723:11:6 4 1
339 623:14:8 6
98 264 442 831:14:1 7 1 5
37 350 437 884:11:4 3 2 2
169 350 389 525:24:5 3 9 7
281 587 924:9:4 4 1
540 582 587 616:18:9 3 4 2
159 716:6:5 1
319 645 648:13:2 5 6
134 153 182 219:18:2 3 4 9
169 312 832 838:17:5 3 4 5
515 525 634:17:6 7 4
446 905:4:1 3
79 816:5:1 4
79 546 548 923:20:1 10 8 1
380 640:14:9 5
34 102 737 823:10:3 1 1 5
37 279 481 620:18:4 5 6 3
34 432 440 760:10:3 1 2 4
562 674:11:4 7
123 333 531 645:24:1 8 10 5
97 288 599 600:12:1 5 3 3
391 784:14:9 5
441 556 876:16:1 10 5
33 567 568 853:15:3 3 5 4
47 157 568:10:2 3 5
116 200 587:9:2 3 4
160 900 995:10:5 2 3
115 129 913:6:2 2 2
91 341 582 599:12:2 4 3 3
149 483 590:10:1 5 4
63 477 634 919:14:3 5 4 2
380 614:12:9 3
264 843:12:7 5
159 282:11:5 6
58 590:7:3 4
21 40 57 117:9:4 3 1 1
92 126 263 692:13:2 1 7 3
360 557 571 933:19:4 9 4 2
121 369 905:13:2 8 3
215 447:11:9 2
151 481:10:4 6
17 627 823:12:2 5 5
79 625:6:1 5
122 165 348:10:2 3 5
487 615:9:6 3
8 34 146 590:12:3 3 2 4
111 130:4:2 2
222 437:10:8 2
417 427:3:1 2
478 723 1000:8:5 1 2
75 901:4:2 2
12 470 625 686:14:2 4 5 3
539 561 640:17:8 4 5
55 90 138 163:10:2 3 2 3
519 632 848:19:7 6 6
177 186 526:16:3 5 8
185 505:10:3 7
468 567 920:9:3 3 3
516 597:7:6 1
179 509:9:3 6
194 452 467:11:3 4 4
480 648:12:6 6
74 129 197 760:11:1 2 4 4
113 219 565 892:16:2 9 4 1
156 199 421:9:3 4 2
199 630 869:15:4 6 5
576 902:7:4 3
440 586 986:8:2 4 2
89 892 958:5:1 1 3
135 194 461 647:12:1 3 4 4
59 117 546 897:15:2 1 10 2
154 804 866:13:3 5 5
67 117 491 645:15:3 1 6 5
55 638:6:2 4
49 54 624:12:3 3 6
21 219 416 958:18:4 9 2 3
329 574 647 903:16:6 3 4 3
515 531 835:22:6 10 6
117 631:5:1 4
526 915 947:13:8 3 2
21 28 101 196:15:4 4 2 5
98 391 478:15:1 9 5
141 811:4:1 3
151 486 526:18:4 6 8
6 600 986:8:3 3 2
287 526:14:6 8
182 350 472 644:15:4 3 4 4
284 899:7:5 2
66 149 622:8:1 1 6
199 279 431 462:14:4 5 2 3
50 287 425 451:15:4 6 1 4
30 150 157 568:12:3 1 3 5
467 490 616 889:13:4 6 2 1
59 176 219 571:20:2 5 9 4
200 360 490 843:18:3 4 6 5
117 369 441 526:18:1 8 1 8
486 867:11:6 5
150 630 947:9:1 6 2
141 648 899:9:1 6 2
409 993:5:2 3
68 391 799:15:2 9 4
98 903:4:1 3
42 120 600 889:9:4 1 3 1
68 111 279 550:19:2 2 5 10
219 380 947:20:9 9 2
154 359 371 923:17:3 5 8 1
391 597 822:14:9 1 4
593 615 835 866:15:1 3 6 5
98 639 839 864:18:1 5 6 6
30 784:8:3 5
117 483 508:13:1 5 7
12 133 369 632:17:2 1 8 6
126 445 835:8:1 1 6
483 598 636 949:14:5 1 5 3
54 120:4:3 1
28 483 531 799:23:4 5 10 4
348 406 413 436:10:5 1 2 2
176 215 440:16:5 9 2
429 622:8:2 6
129 182 222 881:15:2 4 8 1
121 123 432 571:8:2 1 1 4
264 435 562:12:7 1 4
313 519:10:3 7
491 548:14:6 8
435 773:3:1 2
302 517:9:2 7
159 166 640:15:5 5 5
67 160 477 901:15:3 5 5 2
59 126 183:6:2 1 3
68 334 487 877:22:2 8 6 6
49 263 947:12:3 7 2
21 42 186 570:16:4 4 5 3
338 723:9:8 1
82 531 737:14:3 10 1
583 739 923:8:5 2 1
1 80 167:9:3 3 3
716 816:5:1 4
561 822 995:11:4 4 3
117 469:4:1 3
165 448 539 898:14:3 1 8 2
154 616 644:9:3 2 4
138 360 572:11:2 4 5
128 277 567:12:2 7 3
455 542 756:17:4 10 3
470 482 585:12:4 5 3
515 611:8:6 2
312 500 526:17:3 6 8
108 474 498:9:1 3 5
47 102 739 869:10:2 1 2 5
12 129:4:2 2
28 329 568:15:4 6 5
360 639:9:4 5
616 674 686 956:16:2 7 3 4
59 76 422 639:12:2 3 2 5
184 326 735 988:15:5 7 1 2
349 445 799:8:3 1 4
167 792:8:3 5
101 346 539 624:20:2 4 8 6
67 284 319 993:13:3 5 2 3
120 174 737:5:1 3 1
219 432 519:17:9 1 7
561 564 565 612:13:4 4 4 1
146 885 896:5:2 2 1
147 174 329:10:1 3 6
582 822:7:3 4
886 887:4:2 2
123 422 586 799:11:1 2 4 4
154 606 634:10:3 3 4
24 347 494 995:15:3 4 5 3
91 319:4:2 2
34 546:13:3 10
58 108 117 613:6:3 1 1 1
490 620 832 847:18:6 3 4 5
83 349 603:6:1 3 2
90 467 988:9:3 4 2
179 470 866:12:3 4 5
42 561:8:4 4
47 470 608:8:2 4 2
432 491 582 609:11:1 6 3 1
424 575:4:1 3
49 63 68 215:17:3 3 2 9
616 869:7:2 5
288 573:9:5 4
287 542:16:6 10
135 302 848:9:1 2 6
219 582 613 918:15:9 3 1 2
102 117:2:1 1
411 628 905:10:2 5 3
82 102 472:8:3 1 4
371 461 623:18:8 4 6
421 599 792:10:2 3 5
347 496:10:4 6
171 371 416 960:17:4 8 2 3
85 407 442 583:11:3 2 1 5
182 461 565:12:4 4 4
38 471:6:2 4
113 279 436 509:15:2 5 2 6
302 414:3:2 1
516 650 734 831:18:6 6 1 5
58 264:10:3 7
622 627 949:14:6 5 3
350 359:8:3 5
219 347 587 799:21:9 4 4 4
447 645:7:2 5
360 468 590 871:17:4 3 4 6
78 435 896:5:3 1 1
498 507 576 958:20:5 8 4 3
50 737:5:4 1
43 478 913:10:3 5 2
42 313:7:4 3
153 603:5:3 2
166 281 546:19:5 4 10
631 883:6:4 2
58 281 515:13:3 4 6
514 620 790:14:6 3 5
160 581 871 993:19:5 5 6 3
83 160 490 598:13:1 5 6 1
171 599 624 993:16:4 3 6 3
168 589 622 869:21:5 5 6 5
150 725:2:1 1
98 155 734:7:1 5 1
57 515 971 994:12:1 6 3 2
872 949:9:6 3
264 462 794 885:17:7 3 5 2
102 425 491:8:1 1 6
491 947:8:6 2
182 995:7:4 3
159 455 499 949:17:5 4 5 3
122 784:7:2 5
28 54 468 644:14:4 3 3 4
83 159 536:14:1 5 8
499 600:8:5 3
44 475:5:2 3
432 486 519:14:1 6 7
184 263 525 584:24:5 7 7 5
347 462 478:12:4 3 5
150 427 943:5:1 2 2
471 773 915:9:4 2 3
155 881:6:5 1
279 288 568 949:18:5 5 5 3
407 517 609:10:2 7 1
134 380 610 907:16:2 9 2 3
133 612 848:8:1 1 6
182 348 883:11:4 5 2
215 416:11:9 2
435 627 943:8:1 5 2
58 612 634 832:12:3 1 4 4
183 583 853:12:3 5 4
174 806:7:3 4
43 85:6:3 3
54 284 683:12:3 5 4
553 822:12:8 4
49 98 150 380:14:3 1 1 9
369 478 611:15:8 5 2
174 421 505 586:16:3 2 7 4
457 499 920 971:15:4 5 3 3
466 823 915:11:3 5 3
89 167 472 576:12:1 3 4 4
54 78 477 839:17:3 3 5 6
34 49 578 756:12:3 3 3 3
126 222:9:1 8
282 618 723 806:14:6 3 1 4
496 911:8:6 2
12 104 141 863:10:2 1 1 6
146 993 995:8:2 3 3
564 993:7:4 3
8 184:8:3 5
151 312 526 640:20:4 3 8 5
8 441 884:6:3 1 2
97 804 899:8:1 5 2
101 391 593 838:17:2 9 1 5
47 282:8:2 6
194 526 896:12:3 8 1
462 586 806:11:3 4 4
614 853:7:3 4
43 166 341:12:3 5 4
76 482:8:3 5
43 48 481:13:3 4 6
79 943:3:1 2
838 876:10:5 5
435 542 644 784:20:1 10 4 5
477 831:10:5 5
21 313 572:12:4 3 5
496 505 517:20:6 7 7
477 993:8:5 3
138 153 432:6:2 3 1
485 869 911:12:5 5 2
155 411 716 903:11:5 2 1 3
200 481 500:15:3 6 6
16 55 933 993:9:2 2 2 3
112 129 971:7:2 2 3
44 264 603:11:2 7 2
147 279 417 898:9:1 5 1 2
620 811:6:3 3
50 128 176 903:14:4 2 5 3
38 513:8:2 6
445 587:5:1 4
587 848:10:4 6
583 674:12:5 7
949 958:6:3 3
89 582:4:1 3
182 437 539 773:16:4 2 8 2
47 737:3:2 1
338 784:13:8 5
80 436 568 848:16:3 2 5 6
8 28 108 150:9:3 4 1 1
432 725 839 898:10:1 1 6 2
539 994:10:8 2
44 155:7:2 5
40 156 199 737:11:3 3 4 1
196 468:8:5 3
380 506 723:18:9 8 1
90 623:9:3 6
735 871:7:1 6
90 135 417 734:6:3 1 1 1
209 799:13:9 4
515 531:16:6 10
492 571:9:5 4
279 568 873:15:5 5 5
98 907:4:1 3
347 409 574 631:13:4 2 3 4
422 496 547 624:24:2 6 10 6
613 683 993:8:1 4 3
806 911:6:4 2
334 411 469:13:8 2 3
149 185 483 519:16:1 3 5 7
98 519 556 674:25:1 7 10 7
150 409 647:7:1 2 4
263 451 496 754:21:7 4 6 4
82 871 911:11:3 6 2
63 505 550 883:22:3 7 10 2
47 168:7:2 5
101 108 461 628:12:2 1 4 5
68 159 436 876:14:2 5 2 5
483 792:10:5 5
12 102 341 425:8:2 1 4 1
112 134 887:6:2 2 2
12 421 455 986:10:2 2 4 2
121 151:6:2 4
185 586 627 915:15:3 4 5 3
97 101 364:10:1 2 7
184 422:7:5 2
16 48 478 883:13:2 4 5 2
113 154:5:2 3
616 879:8:2 6
141 483 822:10:1 5 4
167 222 441 918:14:3 8 1 2
109 866:6:1 5
389 483:14:9 5
24 264 516:16:3 7 6
165 347 811:10:3 4 3
165 565 822:11:3 4 4
615 622 650:15:3 6 6
79 455:5:1 4
59 138:4:2 2
584 638 644 892:14:5 4 4 1
169 183 525 843:20:5 3 7 5
470 556 869:19:4 10 5
334 519:15:8 7
287 429 513 610:16:6 2 6 2
83 871:7:1 6
436 615 648 794:16:2 3 6 5
572 611:7:5 2
468 993:6:3 3
17 183 287 784:16:2 3 6 5
76 341 532 918:17:3 4 8 2
167 547 598:14:3 10 1
54 398 762:15:3 9 3
12 154:5:2 3
59 159 912:9:2 5 2
725 905:4:1 3
417 561:5:1 4
141 284 437 582:11:1 5 2 3
6 70 519:11:3 1 7
90 509:9:3 6
150 169 553 614:17:1 5 8 3
347 421 599:9:4 2 3
169 620:8:5 3
98 282 313 686:13:1 6 3 3
288 792 831:15:5 5 5
451 616:6:4 2
55 620 760 897:11:2 3 4 2
20 66 82 536:16:4 1 3 8
491 843:11:6 5
359 492 565:14:5 5 4
101 584:7:2 5
447 882:3:2 1
444 573:5:1 4
877 887:8:6 2
531 547 839 882:27:10 10 6 1
176 196:10:5 5
50 506:12:4 8
264 421 546 960:22:7 2 10 3
498 832 872 879:21:5 4 6 6
284 416 446:8:5 2 1
34 70 756:7:3 1 3
183 391 622 754:22:3 9 6 4
59 630 734 960:12:2 6 1 3
107 468:4:1 3
97 165 507 716:13:1 3 8 1
451 625 639:14:4 5 5
197 377 552 756:26:4 9 10 3
8 531 853 879:23:3 10 4 6
149 284 831:11:1 5 5
183 648 960:12:3 6 3
85 608 988:7:3 2 2
92 597:3:2 1
74 177 431 578:9:1 3 2 3
157 536:11:3 8
435 532 568:14:1 8 5
12 163 417 899:8:2 3 1 2
47 98 429 505:12:2 1 2 7
126 413 414:4:1 2 1
616 848 956:12:2 6 4
97 108 589 593:8:1 1 5 1
33 200 348:11:3 3 5
457 536 609:13:4 8 1
425 513 723:8:1 6 1
279 475 486 839:20:5 3 6 6
79 739:3:1 2
91 599 1000:7:2 3 2
120 347 471 587:13:1 4 4 4
496 556 581:21:6 10 5
135 407 615:6:1 2 3
157 737 892:5:3 1 1
39 453:8:4 4
78 194:6:3 3
85 121 333:13:3 2 8
102 116:3:1 2
1 34 441 469:10:3 3 1 3
20 166 480:15:4 5 6
107 461 634 816:13:1 4 4 4
153 570:6:3 3
158 762 879 958:17:5 3 6 3
63 546:13:3 10
55 75 312 482:12:2 2 3 5
1 138 341 571:13:3 2 4 4
184 446 638:10:5 1 4
33 50:7:3 4
102 132 556:12:1 1 10
43 154 896 988:9:3 3 1 2
90 506 539 613:20:3 8 8 1
329 646 988:13:6 5 2
160 516:11:5 6
457 514 949:13:4 6 3
12 133 313 447:8:2 1 3 2
360 567:7:4 3
500 631 790:15:6 4 5
196 389 900:16:5 9 2
134 636:7:2 5
389 838 912:16:9 5 2
24 82 876:11:3 3 5
93 334 565 773:17:3 8 4 2
102 508 644 896:13:1 7 4 1
146 538:11:2 9
147 627 869 943:13:1 5 5 2
455 505:11:4 7
499 864 886:13:5 6 2
10 312 409:8:3 3 2
79 437 792:8:1 2 5
457 822:8:4 4
54 509 628:14:3 6 5
24 49 622:12:3 3 6
151 326 630 716:18:4 7 6 1
90 135:4:3 1
186 413 470 792:16:5 2 4 5
417 455 491:11:1 4 6
215 723 835:16:9 1 6
277 359:12:7 5
568 634 864 915:18:5 4 6 3
333 648:14:8 6
467 609:5:4 1
47 74:3:2 1
155 163 413 467:14:5 3 2 4
38 78:5:2 3
179 200:6:3 3
168 586 773:11:5 4 2
480 505:13:6 7
475 913:5:3 2
364 994:9:7 2
491 988:8:6 2
532 634:12:8 4
117 360 869:10:1 4 5
108 585 986:6:1 3 2
334 445 956 986:15:8 1 4 2
196 398 409 485:21:5 9 2 5
20 134 557 650:21:4 2 9 6
42 445 575 1000:10:4 1 3 2
279 417:6:5 1
155 339 414 584:19:5 8 1 5
219 338 425 451:22:9 8 1 4
90 364 754:14:3 7 4
480 872 898:14:6 6 2
339 498:13:8 5
312 556 625 725:19:3 10 5 1
350 451 469 490:16:3 4 3 6
391 597:10:9 1
128 610:4:2 2
215 348 427 634:20:9 5 2 4
525 943:9:7 2
128 334 371:18:2 8 8
447 636 884:9:2 5 2
350 468 590 616:12:3 3 4 2
67 177 514 773:14:3 3 6 2
125 411 762 883:8:1 2 3 2
128 197 848:12:2 4 6
583 911 943:9:5 2 2
492 556 585:18:5 10 3
91 126 947:5:2 1 2
83 467 794 902:13:1 4 5 3
63 578:6:3 3
918 995:5:2 3
54 199 347 492:16:3 4 4 5
505 507:15:7 8
98 104 582 644:9:1 1 3 4
75 349 686:8:2 3 3
503 847:12:7 5
111 485 552 869:22:2 5 10 5
159 338:13:5 8
350 491 716:10:3 6 1
167 478:8:3 5
184 442 611 956:12:5 1 2 4
32 364 474 873:17:2 7 3 5
431 516 538 568:22:2 6 9 5
17 102:3:2 1
441 632 756:10:1 6 3
128 509 542 683:22:2 6 10 4
111 126 532 631:15:2 1 8 4
97 158 949:9:1 5 3
155 486 546:21:5 6 10
159 176 431 756:15:5 5 2 3
59 129 492 506:17:2 2 5 8
42 165 287 784:18:4 3 6 5
133 183:4:1 3
107 609 905:5:1 1 3
550 644:14:10 4
540 986:11:9 2
48 564 623 716:15:4 4 6 1
75 816:6:2 4
435 683:5:1 4
312 338 487 639:22:3 8 6 5
348 461 883:11:5 4 2
341 391 539:21:4 9 8
326 499:12:7 5
104 483:6:1 5
177 380 507 618:23:3 9 8 3
413 475:5:2 3
470 486 647:14:4 6 4
42 584 792:14:4 5 5
277 429 468:12:7 2 3
462 486 561 879:19:3 6 4 6
34 471 799 923:12:3 4 4 1
277 341 475:14:7 4 3
618 839:9:3 6
557 1000:11:9 2
197 359:9:4 5
39 263 889:12:4 7 1
308 792 822 838:16:2 5 4 5
49 469 598 609:8:3 3 1 1
93 610 737:6:3 2 1
735 899:3:1 2
614 897:5:3 2
122 153 864:11:2 3 6
115 806 847:11:2 4 5
155 902:8:5 3
380 451:13:9 4
6 650:9:3 6
101 575:5:2 3
359 576:9:5 4
349 600 918:8:3 3 2
79 448:2:1 1
8 75 735:6:3 2 1
40 79:4:3 1
263 429:9:7 2
126 282 416 508:16:1 6 2 7
30 146 424:6:3 2 1
168 416:7:5 2
39 407 557 723:16:4 2 9 1
183 209 645:17:3 9 5
44 492 647:11:2 5 4
360 582:7:4 3
593 756 804:9:1 3 5
8 49:6:3 3
159 525 575 606:18:5 7 3 3
17 371 918:12:2 8 2
197 539 971:15:4 8 3
134 313 960:8:2 3 3
586 615 638 644:15:4 3 4 4
538 567 581 881:18:9 3 5 1
33 907:6:3 3
176 338 532 823:26:5 8 8 5
215 640:14:9 5
89 947:3:1 2
78 391 598 853:17:3 9 1 4
44 108 377 639:17:2 1 9 5
432 477 593:7:1 5 1
111 606 650:11:2 3 6
158 177:8:5 3
115 329 334 599:19:2 6 8 3
75 97 526 638:15:2 1 8 4
674 921:8:7 1
79 872 993:10:1 6 3
8 194:6:3 3
525 919:9:7 2
461 550:14:4 10
319 958:5:2 3
169 613 838:11:5 1 5
194 444 686 806:11:3 1 3 4
37 108 339 346:17:4 1 8 4
57 150 582 609:6:1 1 3 1
102 609:2:1 1
134 986:4:2 2
308 359 447 519:16:2 5 2 7
313 498:8:3 5
74 113 437 611:7:1 2 2 2
112 540:11:2 9
115 184 406 915:11:2 5 1 3
467 480 540 585:22:4 6 9 3
80 504:11:3 8
74 155 461 631:14:1 5 4 4
179 334 574 582:17:3 8 3 3
264 884 901 956:15:7 2 2 4
553 806 887:14:8 4 2
63 885:5:3 2
37 154 194:10:4 3 3
146 873 877:13:2 5 6
89 475:4:1 3
538 674:16:9 7
163 371:11:3 8
43 76 538:15:3 3 9
70 620:4:1 3
411 490:8:2 6
68 155 466:10:2 5 3
215 444 866:15:9 1 5
20 599:7:4 3
121 391 646:16:2 9 5
57 505:8:1 7
42 409 445:7:4 2 1
66 104 620:5:1 1 3
24 446 457:8:3 1 4
12 507 638:14:2 8 4
107 491 853:11:1 6 4
50 123 907:8:4 1 3
28 155 313 517:19:4 5 3 7
117 480 492 542:22:1 6 5 10
377 877:15:9 6
54 618 762:9:3 3 3
263 409 773:11:7 2 2
509 573 886:12:6 4 2
504 519:15:8 7
117 413 482:8:1 2 5
91 348:7:2 5
30 333:11:3 8
70 90 843:9:1 3 5
79 831:6:1 5
47 308 634:8:2 2 4
184 674 792 866:22:5 7 5 5
451 609:5:4 1
628 835 901:13:5 6 2
58 477:8:3 5
1 822:7:3 4
8 160 762:11:3 5 3
67 468:6:3 3
872 995:9:6 3
182 467 514 552:24:4 4 6 10
531 921:11:10 1
30 107 556 911:16:3 1 10 2
437 486 737 907:12:2 6 1 3
462 486 498 623:20:3 6 5 6
108 117 194 943:7:1 1 3 2
108 219 398 686:22:1 9 9 3
1 490:9:3 6
200 737 847 889:10:3 1 5 1
348 519:12:5 7
58 468 486 532:20:3 3 6 8
58 360 540 912:18:3 4 9 2
90 117 683:8:3 1 4
123 183 333 838:17:1 3 8 5
74 179 313 413:9:1 3 3 2
174 186:8:3 5
163 634:7:3 4
66 632 933:9:1 6 2
120 831 853 1000:12:1 5 4 2
498 542:15:5 10
585 876 896:9:3 5 1
515 574 918:11:6 3 2
453 790 871:15:4 5 6
347 570 645 864:18:4 3 5 6
66 281 319 482:12:1 4 2 5
151 350 480 573:17:4 3 6 4
167 184:8:3 5
48 222 876:17:4 8 5
174 884:5:3 2
154 603 823:10:3 2 5
1 515 530:15:3 6 6
156 575 911:8:3 3 2
63 494 504:16:3 5 8
424 869:6:1 5
215 606:12:9 3
196 947:7:5 2
281 867 896 900:12:4 5 1 2
80 350 598:7:3 3 1
284 486 897 994:15:5 6 2 2
80 614 883:8:3 3 2
146 470 627 638:15:2 4 5 4
222 612 725:10:8 1 1
102 628:6:1 5
422 480 725:9:2 6 1
98 107 432 863:9:1 1 1 6
109 369 866 960:17:1 8 5 3
123 364:8:1 7
37 120 794:10:4 1 5
391 561 903:16:9 4 3
31 674:11:4 7
346 867 871:15:4 5 6
104 557 593 905:14:1 9 1 3
155 312 612 686:12:5 3 1 3
119 159 513:12:1 5 6
50 154 525 881:15:4 3 7 1
442 499 773 792:13:1 5 2 5
194 487:9:3 6
222 346 416:14:8 4 2
93 166 201 436:19:3 5 9 2
20 734:5:4 1
91 915:5:2 3
151 194:7:4 3
279 478 734:11:5 5 1
113 120 723 847:9:2 1 1 5
90 494:8:3 5
209 424 645:15:9 1 5
507 618:11:8 3
409 898:4:2 2
10 39 126:8:3 4 1
40 199:7:3 4
80 91 174 506:16:3 2 3 8
89 138:3:1 2
16 17 43:7:2 2 3
442 583 587:10:1 5 4
547 612 716 995:15:10 1 1 3
63 155 409 546:20:3 5 2 10
41 302 570 900:10:3 2 3 2
350 507 811 933:16:3 8 3 2
111 112 129 506:14:2 2 2 8
552 556 905:23:10 10 3
570 586:7:3 4
42 615 947:9:4 3 2
68 472 806 848:16:2 4 4 6
157 313:6:3 3
263 630 905:16:7 6 3
20 149 869:10:4 1 5
154 185 515 886:14:3 3 6 2
47 117 209 451:16:2 1 9 4
20 632 645:15:4 6 5
485 567 615:11:5 3 3
638 843:9:4 5
442 467:5:1 4
326 838 873:17:7 5 5
67 157:6:3 3
284 627:10:5 5
760 847:9:4 5
432 499 804:11:1 5 5
111 447 499 557:18:2 2 5 9
346 912:6:4 2
125 440:3:1 2
506 542 575 725:22:8 10 3 1
138 446 492:8:2 1 5
302 564 674 902:16:2 4 7 3
548 613 921:10:8 1 1
519 611 1000:11:7 2 2
565 993:7:4 3
102 119 519:9:1 1 7
57 889:2:1 1
174 380 506:20:3 9 8
98 120 165:5:1 1 3
440 472 923:7:2 4 1
1 773:5:3 2
326 499:12:7 5
165 911:5:3 2
31 417 882 901:8:4 1 1 2
452 863:10:4 6
158 432:6:5 1
421 506:10:2 8
113 867 994:9:2 5 2
