383 713:11:10 1
320 769 790:12:4 3 5
71 279 865:13:2 5 6
129 293 902:10:2 5 3
84 960:6:3 3
104 362 985:10:1 7 2
679 756:9:6 3
13 232 690:17:4 9 4
128 319 373:13:2 2 9
202 815:14:11 3
81 519:9:2 7
40 865:9:3 6
4 32 258:13:3 2 8
65 197 679:11:1 4 6
250 394:16:8 8
6 20 408:9:3 4 2
181 213 636:18:3 10 5
293 302:7:5 2
169 880:10:5 5
362 434 835:15:7 2 6
224 340:16:10 6
195 746 796:10:3 3 4
122 173 199:10:2 4 4
129 277 809:13:2 7 4
14 277 894:11:2 7 2
3 37 832:10:2 4 4
129 557:11:2 9
65 355 519:11:1 3 7
401 762:5:2 3
825 880:11:6 5
174 938:6:3 3
132 512 985:9:1 6 2
13 790:9:4 5
426 757 809:9:2 3 4
138 329 759:11:2 6 3
573 780:6:4 2
17 462 635:10:2 3 5
519 990:9:7 2
850 960:7:4 3
466 791:7:3 4
128 965:5:2 3
783 837:8:4 4
259 805 938:16:9 4 3
20 37 322:14:4 4 6
32 49 374:12:2 3 7
139 567 651:11:1 3 7
147 280:6:1 5
76 82 774:9:3 3 3
32 347 747:10:2 4 4
243 250:15:7 8
822 834:9:4 5
63 478 960:11:3 5 3
85 174 317:10:3 3 4
131 792 975:9:1 5 3
37 790 841:13:4 5 4
7 277:10:3 7
279 722 813:11:5 2 4
548 825:14:8 6
151 320 898:10:4 4 2
17 282:8:2 6
278 512:12:6 6
63 292:9:3 6
346 850:8:4 4
198 755:9:4 5
160 201 217:25:5 9 11
413 809 823:11:2 4 5
346 777:5:4 1
570 897:5:3 2
151 679 894:12:4 6 2
53 819 841:10:1 5 4
242 774 856:16:8 3 5
201 291 830:19:9 6 4
199 696:6:4 2
104 146 894:5:1 2 2
310 570 769:9:3 3 3
10 255:10:3 7
42 292 975:13:4 6 3
553 802:13:8 5
429 834:7:2 5
22 55:6:4 2
146 302 757:7:2 2 3
85 358 796:12:3 5 4
373 903:12:9 3
434 705:6:2 4
66 227 534:21:1 10 10
53 227:11:1 10
84 333:11:3 8
198 652:9:4 5
345 346:7:3 4
793 887:7:5 2
496 890:7:6 1
7 15:6:3 3
345 856:8:3 5
181 243:10:3 7
394 573:12:8 4
346 898:6:4 2
217 496 636:22:11 6 5
32 88 218:13:2 2 9
29 450 854:9:3 2 4
94 201:10:1 9
53 354 507:13:1 4 8
147 791:5:1 4
56 756:5:2 3
146 340:8:2 6
754 836:10:4 6
73 781:8:2 6
76 534 897:15:3 10 2
63 534 746:16:3 10 3
528 764 865:15:8 1 6
319 348:7:2 5
93 218 841:16:3 9 4
63 110 173:8:3 1 4
98 255:8:1 7
319 774:5:2 3
13 131 525:12:4 1 7
71 310 830:9:2 3 4
314 354:6:2 4
850 877:10:4 6
139 197:5:1 4
98 310:4:1 3
215 836:15:9 6
165 359:8:3 5
569 762:6:3 3
831 850:9:5 4
110 912:3:1 2
278 302 804:13:6 2 5
85 960:6:3 3
311 774 841:10:3 3 4
177 990:5:3 2
166 842 922:13:5 6 2
313 830:7:3 4
257 307 985:14:8 4 2
152 302 791:9:3 2 4
3 340 413:10:2 6 2
120 224 278:17:1 10 6
76 139 764:5:3 1 1
278 698:8:6 2
13 120 965:8:4 1 3
120 257:9:1 8
195 939:6:3 3
22 548 777:13:4 8 1
278 764:7:6 1
200 323:10:3 7
14 786:6:2 4
790 985:7:5 2
313 746:6:3 3
754 852:10:4 6
74 665 816:12:1 7 4
55 340 782:14:2 6 6
193 255:10:3 7
3 250 631:14:2 8 4
353 478 877:14:3 5 6
110 146 769:6:1 2 3
842 878:12:6 6
124 843 858:13:2 5 6
325 690:11:7 4
4 314 525:12:3 2 7
362 751:10:7 3
66 82 858:10:1 3 6
81 307 819:11:2 4 5
82 326 751:13:3 7 3
393 755 815:16:8 5 3
138 160 903:10:2 5 3
198 331 802:15:4 6 5
250 759 830:15:8 3 4
138 243:9:2 7
49 548:11:3 8
165 374 912:12:3 7 2
41 570 804:11:3 3 5
146 383:12:2 10
84 512:9:3 6
401 557 931:12:2 9 1
22 754 805:12:4 4 4
173 274 690:13:4 5 4
94 319:3:1 2
198 292 573:14:4 6 4
138 519:9:2 7
764 809 826:10:1 4 5
23 258:10:2 8
124 793:7:2 5
199 255 292:17:4 7 6
122 636 960:10:2 5 3
293 796:9:5 4
115 824:6:2 4
4 751 975:9:3 3 3
77 865 894:10:2 6 2
381 569:13:10 3
4 665 764:11:3 7 1
507 912:10:8 2
98 970:4:1 3
462 698:5:3 2
4 165:6:3 3
132 138 374:10:1 2 7
242 823:13:8 5
110 786:5:1 4
341 570:7:4 3
466 965:6:3 3
77 259:11:2 9
104 705:5:1 4
164 329 802:14:3 6 5
192 194:7:4 3
184 690:9:5 4
122 181 257:13:2 3 8
84 313 553:14:3 3 8
73 77 665:11:2 2 7
66 832 910:8:1 4 3
7 238:13:3 10
13 97 311:8:4 1 3
348 834:10:5 5
77 259:11:2 9
40 103 347:8:3 1 4
31 74 188:10:4 1 5
6 324 665:18:3 8 7
193 825 877:15:3 6 6
355 496:9:3 6
394 790:13:8 5
164 358:8:3 5
10 897 898:7:3 2 2
257 372:16:8 8
307 316 450:8:4 2 2
784 970:8:5 3
110 232 747:14:1 9 4
158 325 831:17:5 7 5
466 651 764:11:3 7 1
207 292:17:11 6
247 316 885:12:8 2 2
274 567:8:5 3
577 836:10:4 6
206 528:17:9 8
93 120 206:13:3 1 9
14 757:5:2 3
160 570:8:5 3
825 890:7:6 1
103 310 822:8:1 3 4
385 401:11:9 2
255 850 939:14:7 4 3
366 478:12:7 5
577 894:6:4 2
569 792:8:3 5
355 939:6:3 3
345 894:5:3 2
120 746:4:1 3
24 858:9:3 6
94 314 319:5:1 2 2
6 832 850:11:3 4 4
122 434:4:2 2
39 759 780:9:4 3 2
425 804 832:10:1 5 4
381 790 922:17:10 5 2
301 383:14:4 10
401 912:4:2 2
764 902:4:1 3
81 160:7:2 5
32 247 525:17:2 8 7
10 453 938:10:3 4 3
3 320 898:8:2 4 2
40 567:6:3 3
282 784 912:13:6 5 2
804 880:10:5 5
74 861:7:1 6
135 241 341:14:1 9 4
76 224 466:16:3 10 3
350 353:6:3 3
381 394:18:10 8
773 990:4:2 2
786 854:8:4 4
197 213 796:18:4 10 4
278 302 698:10:6 2 2
49 63 759:9:3 3 3
194 200 293:11:3 3 5
11 408 866:11:4 2 5
314 569:5:2 3
259 557 856:23:9 9 5
173 193 809:11:4 3 4
793 931 970:9:5 1 3
31 652:9:4 5
591 843:7:2 5
317 837:8:4 4
65 73 298:8:1 2 5
98 903:4:1 3
345 474:6:3 3
198 805 885:10:4 4 2
165 259:12:3 9
325 341:11:7 4
383 804 835:21:10 5 6
85 292 408:11:3 6 2
84 866:8:3 5
429 557:11:2 9
124 292 887:10:2 6 2
350 355 854:10:3 3 4
329 679:12:6 6
10 194 348:11:3 3 5
193 908 912:8:3 3 2
665 885:9:7 2
728 910:4:1 3
73 698:4:2 2
122 450:4:2 2
353 698:5:3 2
474 834 841:12:3 5 4
345 722:5:3 2
164 877:9:3 6
97 198 910:8:1 4 3
147 792 902:9:1 5 3
115 201:11:2 9
329 897:8:6 2
4 631 841:11:3 4 4
255 331 866:18:7 6 5
20 202 326:22:4 11 7
10 362 826:15:3 7 5
97 453 805:9:1 4 4
207 350:14:11 3
282 307 880:15:6 4 5
207 311:14:11 3
277 293 317:16:7 5 4
39 129 232:15:4 2 9
93 154 586:10:3 3 4
861 985:8:6 2
359 417 885:8:5 1 2
347 665:11:4 7
257 317:12:8 4
154 381 631:17:3 10 4
55 241 887:13:2 9 2
41 53 861:10:3 1 6
301 311:7:4 3
690 903:7:4 3
40 781 960:12:3 6 3
316 474 890:6:2 3 1
85 781:9:3 6
198 201 858:19:4 9 6
188 274:10:5 5
23 93 429:7:2 3 2
331 401 832:12:6 2 4
174 176:8:3 5
635 651 751:15:5 7 3
151 836 975:13:4 6 3
56 160 365:14:2 5 7
74 569 831:9:1 3 5
94 397 756:13:1 9 3
99 225 866:15:1 9 5
525 784 835:18:7 5 6
10 374:10:3 7
169 195 346:12:5 3 4
139 898:3:1 2
15 132 453:8:3 1 4
85 466 698:8:3 3 2
298 381 635:20:5 10 5
218 756:12:9 3
362 781 831:18:7 6 5
103 748:6:1 5
94 496:7:1 6
878 910:9:6 3
63 213 834:18:3 10 5
836 854:10:6 4
124 310:5:2 3
784 897:7:5 2
213 823 908:18:10 5 3
135 922:3:1 2
291 347 912:12:6 4 2
201 292 861:21:9 6 6
325 450 773:11:7 2 2
746 931:4:3 1
124 804:7:2 5
98 280:6:1 5
353 713 747:8:3 1 4
81 850 894:8:2 4 2
553 825:14:8 6
255 528:15:7 8
570 816 834:12:3 4 5
23 41:5:2 3
97 698 764:4:1 2 1
164 174 358:11:3 3 5
104 151:5:1 4
346 387:12:4 8
836 910:9:6 3
202 243 698:20:11 7 2
830 835:10:4 6
146 307 865:12:2 4 6
71 834 910:10:2 5 3
31 242 832:16:4 8 4
81 804:7:2 5
76 690 792:12:3 4 5
385 519:16:9 7
277 528 908:18:7 8 3
39 152 569:10:4 3 3
3 7 184:10:2 3 5
65 215 759:13:1 9 3
665 764 792:13:7 1 5
184 781:11:5 6
42 885 898:8:4 2 2
98 569:4:1 3
291 474 858:15:6 3 6
13 84 434:9:4 3 2
132 166 756:9:1 5 3
313 365:10:3 7
11 850:8:4 4
99 323:8:1 7
182 201:13:4 9
184 359 577:14:5 5 4
350 796:7:3 4
164 359:8:3 5
84 197 478:12:3 4 5
32 84 194:8:2 3 3
786 826:9:4 5
255 970:10:7 3
145 897:3:1 2
66 98 781:8:1 1 6
32 372 762:13:2 8 3
217 310:14:11 3
350 577 822:11:3 4 4
135 796:5:1 4
104 553 890:10:1 8 1
354 573:8:4 4
7 705:7:3 4
97 834:6:1 5
426 534 696:14:2 10 2
635 728:6:5 1
631 777:5:4 1
348 573:9:5 4
194 744 756:9:3 3 3
228 317 366:20:9 4 7
32 202 293:18:2 11 5
151 783:8:4 4
124 762:5:2 3
174 790:8:3 5
85 341 381:17:3 4 10
324 534 786:22:8 10 4
88 528:10:2 8
322 425:7:6 1
20 218:13:4 9
31 307 834:13:4 4 5
164 250 631:15:3 8 4
103 938:4:1 3
413 722 843:9:2 2 5
147 320 548:13:1 4 8
23 73 166:9:2 2 5
651 777:8:7 1
322 353 705:13:6 3 4
228 319:11:9 2
218 751:12:9 3
784 786:9:5 4
426 679 824:12:2 6 4
71 85:5:2 3
310 746:6:3 3
24 280:8:3 5
301 858:10:4 6
73 199 938:9:2 4 3
4 939:6:3 3
166 774 790:13:5 3 5
213 496 631:20:10 6 4
238 280 317:19:10 5 4
97 331 528:15:1 6 8
29 88:5:3 2
4 98:4:3 1
294 393 665:21:6 8 7
63 346 910:10:3 4 3
3 567:5:2 3
322 696 777:9:6 2 1
570 861:9:3 6
74 557:10:1 9
228 333 586:21:9 8 4
197 393:12:4 8
197 696:6:4 2
122 311:5:2 3
37 912:6:4 2
207 292 769:20:11 6 3
51 296 474:10:3 4 3
258 279:13:8 5
17 417 792:8:2 1 5
41 769 781:12:3 3 6
152 215 383:22:3 9 10
124 385 591:13:2 9 2
154 194:6:3 3
71 525:9:2 7
65 358:6:1 5
298 877:11:5 6
173 769 897:9:4 3 2
329 586 777:11:6 4 1
188 790:10:5 5
76 173 815:10:3 4 3
217 796:15:11 4
241 331 728:16:9 6 1
507 744 815:14:8 3 3
103 291 780:9:1 6 2
188 350 777:9:5 3 1
129 277 652:14:2 7 5
99 394:9:1 8
346 397 651:20:4 9 7
158 751:8:5 3
160 528 586:17:5 8 4
832 877:10:4 6
347 362 773:13:4 7 2
274 317:9:5 4
401 567:5:2 3
23 250:10:2 8
76 165 478:11:3 3 5
866 908:8:5 3
98 426 834:8:1 2 5
534 826:15:10 5
769 782:9:3 6
293 834:10:5 5
76 206 397:21:3 9 9
496 777:7:6 1
331 631 824:14:6 4 4
120 241:10:1 9
397 478 908:17:9 5 3
241 938:12:9 3
243 359 586:16:7 5 4
158 756:8:5 3
755 835:11:5 6
218 324:17:9 8
129 184 381:17:2 5 10
755 777:6:5 1
173 257:12:4 8
41 350:6:3 3
365 553 825:21:7 8 6
394 573 764:13:8 4 1
232 815:12:9 3
184 519 790:17:5 7 5
40 73 887:7:3 2 2
132 756:4:1 3
73 890:3:2 1
804 866 885:12:5 5 2
11 577:8:4 4
84 310:6:3 3
22 748 815:12:4 5 3
122 227:12:2 10
120 790 858:12:1 5 6
199 279 690:13:4 5 4
73 162 197:11:2 5 4
474 569:6:3 3
10 97 346:8:3 1 4
103 301 780:7:1 4 2
570 813 938:10:3 4 3
241 292 519:22:9 6 7
120 747 885:7:1 4 2
55 372:10:2 8
322 690:10:6 4
74 878:7:1 6
40 391 865:18:3 9 6
679 748:11:6 5
15 99 802:9:3 1 5
129 970:5:2 3
51 165 381:16:3 3 10
329 366:13:6 7
162 804 912:12:5 5 2
372 858 939:17:8 6 3
104 255:8:1 7
55 63 880:10:2 3 5
42 744:7:4 3
195 255:10:3 7
466 636:8:3 5
97 280 359:11:1 5 5
65 553:9:1 8
397 783 809:17:9 4 4
201 975:12:9 3
115 453 836:12:2 4 6
232 519:16:9 7
586 792:9:4 5
54 665:10:3 7
110 346 773:7:1 4 2
199 774:7:4 3
224 938:13:10 3
51 181:6:3 3
54 553:11:3 8
77 417:3:2 1
32 49:5:2 3
434 573:6:2 4
259 931:10:9 1
93 166:8:3 5
466 528:11:3 8
173 176 865:15:4 5 6
17 184 722:9:2 5 2
282 362 553:21:6 7 8
56 331:8:2 6
76 819 854:12:3 5 4
278 401 835:14:6 2 6
3 23:4:2 2
82 227 631:17:3 10 4
4 164 362:13:3 3 7
232 278:15:9 6
393 557:17:8 9
166 519 722:14:5 7 2
10 183 636:11:3 3 5
722 854:6:2 4
169 466 751:11:5 3 3
81 257 910:13:2 8 3
77 391 591:13:2 9 2
11 908:7:4 3
259 512:15:9 6
512 754 786:14:6 4 4
277 791:11:7 4
63 885:5:3 2
198 757:7:4 3
94 748 975:9:1 5 3
258 751:11:8 3
158 311 340:14:5 3 6
573 825:10:4 6
151 426 854:10:4 2 4
77 93 169:10:2 3 5
146 890:3:2 1
194 373 548:20:3 9 8
82 224 573:17:3 10 4
201 387:17:9 8
166 197 744:12:5 4 3
13 781:10:4 6
164 850:7:3 4
37 746:7:4 3
350 781 878:15:3 6 6
17 104 124:5:2 1 2
81 110 372:11:2 1 8
651 784 910:15:7 5 3
129 158 519:14:2 5 7
174 311 651:13:3 3 7
305 391:12:3 9
146 194 319:7:2 3 2
298 762:8:5 3
72 931:4:3 1
160 293 816:14:5 5 4
84 151:7:3 4
6 309 450:7:3 2 2
54 199 322:13:3 4 6
104 317 975:8:1 4 3
326 824 885:13:7 4 2
56 213 894:14:2 10 2
184 429:7:5 2
358 878:11:5 6
40 591:5:3 2
317 591 636:11:4 2 5
387 746 887:13:8 3 2
567 746:6:3 3
13 322 781:16:4 6 6
861 908:9:6 3
528 635 861:19:8 5 6
7 534:13:3 10
194 939:6:3 3
97 154 756:7:1 3 3
20 314 773:8:4 2 2
37 858:10:4 6
665 756 898:12:7 3 2
218 878:15:9 6
146 202:13:2 11
359 705:9:5 4
42 362:11:4 7
41 158 373:17:3 5 9
138 164 258:13:2 3 8
322 569 780:11:6 3 2
241 665:16:9 7
195 394 434:13:3 8 2
55 202 816:17:2 11 4
131 756:4:1 3
103 970:4:1 3
31 131 132:6:4 1 1
215 805:13:9 4
85 183:6:3 3
241 573 902:16:9 4 3
98 355:4:1 3
324 394 858:22:8 8 6
39 53:5:4 1
816 887:6:4 2
31 631:8:4 4
255 296 408:13:7 4 2
53 866 910:9:1 5 3
11 329 850:14:4 6 4
317 636:9:4 5
11 385 842:19:4 9 6
225 813:13:9 4
20 417 793:10:4 1 5
310 316 774:8:3 2 3
166 570:8:5 3
314 345 805:9:2 3 4
131 259 861:16:1 9 6
84 146 822:9:3 2 4
84 374 880:15:3 7 5
247 890:9:8 1
132 278 636:12:1 6 5
3 195 340:11:2 3 6
14 774 781:11:2 3 6
247 319:10:8 2
280 831 866:15:5 5 5
72 636 841:12:3 5 4
316 341 792:11:2 4 5
636 898 912:9:5 2 2
391 394:17:9 8
258 635:13:8 5
393 912:10:8 2
769 970:6:3 3
365 635:12:7 5
6 194:6:3 3
397 651:16:9 7
73 218 903:14:2 9 3
773 792 856:12:2 5 5
53 162:6:1 5
120 138 317:7:1 2 4
40 353:6:3 3
147 525 825:14:1 7 6
42 160:9:4 5
122 194:5:2 3
358 474:8:5 3
20 754:8:4 4
358 381:15:5 10
195 519:10:3 7
66 278 313:10:1 6 3
331 698:8:6 2
705 816:8:4 4
129 854 938:9:2 4 3
49 912:5:3 2
55 280 557:16:2 5 9
84 759:6:3 3
74 194:4:1 3
139 755 903:9:1 5 3
202 631:15:11 4
232 394 591:19:9 8 2
160 570:8:5 3
71 176 823:12:2 5 5
782 816:10:6 4
51 553:11:3 8
147 165 548:12:1 3 8
296 696 757:9:4 2 3
53 82 754:8:1 3 4
567 591 636:10:3 2 5
362 744 842:16:7 3 6
53 835:7:1 6
302 796:6:2 4
31 856:9:4 5
577 791:8:4 4
188 577:9:5 4
42 94 257:13:4 1 8
450 805 877:12:2 4 6
11 139:5:4 1
55 243:9:2 7
274 651:12:5 7
124 665 755:14:2 7 5
238 478 696:17:10 5 2
3 129:4:2 2
194 247 548:19:3 8 8
42 305 843:12:4 3 5
104 165 346:8:1 3 4
98 880:6:1 5
40 353:6:3 3
131 393 824:13:1 8 4
128 366:9:2 7
72 169 938:11:3 5 3
250 805:12:8 4
296 309 319:8:4 2 2
347 425:5:4 1
132 218 387:18:1 9 8
282 311 796:13:6 3 4
201 792:14:9 5
227 751:13:10 3
165 243:10:3 7
41 55 296:9:3 2 4
227 990:12:10 2
341 434 783:10:4 2 4
298 830:9:5 4
65 255 854:12:1 7 4
11 40:7:4 3
567 591 910:8:3 2 3
326 751:10:7 3
401 784 835:13:2 5 6
97 325 528:16:1 7 8
319 366:9:2 7
37 65 790:10:4 1 5
73 751:5:2 3
135 324:9:1 8
796 826:9:4 5
591 635 777:8:2 5 1
164 206 834:17:3 9 5
77 391 825:17:2 9 6
72 751 809:10:3 3 4
54 309:5:3 2
66 751 809:8:1 3 4
152 903:6:3 3
65 307 462:8:1 4 3
200 381 903:16:3 10 3
227 301:14:10 4
124 394 877:16:2 8 6
120 184 751:9:1 5 3
259 385 790:23:9 9 5
690 813:8:4 4
14 147:3:2 1
6 322 975:12:3 6 3
238 631:14:10 4
462 852:9:3 6
39 255 885:13:4 7 2
99 790 854:10:1 5 4
569 865:9:3 6
22 280:9:4 5
781 804:11:6 5
397 809:13:9 4
373 525 792:21:9 7 5
366 834 985:14:7 5 2
462 802 897:10:3 5 2
341 347:8:4 4
14 93 773:7:2 3 2
804 885 922:9:5 2 2
124 577:6:2 4
296 573 910:11:4 4 3
88 314 570:7:2 2 3
135 354 751:8:1 4 3
341 705 728:9:4 4 1
135 238 298:16:1 10 5
73 85:5:2 3
14 323 635:14:2 7 5
131 277:8:1 7
164 355:6:3 3
37 450 728:7:4 2 1
84 164 319:8:3 3 2
7 213 215:22:3 10 9
346 970:7:4 3
32 453:6:2 4
217 780:13:11 2
129 193:5:2 3
225 333:17:9 8
24 651 690:14:3 7 4
37 277:11:4 7
138 274 296:11:2 5 4
77 679:8:2 6
122 784:7:2 5
325 912:9:7 2
247 319 861:16:8 2 6
7 99 525:11:3 1 7
679 856:11:6 5
188 548:13:5 8
307 809 877:14:4 4 6
309 341:6:2 4
110 341:5:1 4
207 329:17:11 6
63 147 698:6:3 1 2
97 218 922:12:1 9 2
40 426 791:9:3 2 4
228 856:14:9 5
679 822:10:6 4
76 756:6:3 3
29 39 258:15:3 4 8
129 393:10:2 8
314 786 816:10:2 4 4
397 791 822:17:9 4 4
17 834 897:9:2 5 2
512 786 912:12:6 4 2
65 359 813:10:1 5 4
165 507:11:3 8
359 365 387:20:5 7 8
120 856:6:1 5
197 387 819:17:4 8 5
228 858:15:9 6
744 990:5:3 2
217 843:16:11 5
77 129 359:9:2 2 5
40 146:5:3 2
548 815 819:16:8 3 5
29 841:7:3 4
193 394:11:3 8
32 525 722:11:2 7 2
166 181:8:5 3
777 796 837:9:1 4 4
81 197 401:8:2 4 2
206 824:13:9 4
40 301 374:14:3 4 7
280 316 938:10:5 2 3
63 897:5:3 2
188 408:7:5 2
292 453 804:15:6 4 5
165 557:12:3 9
53 66 777:3:1 1 1
154 887 922:7:3 2 2
99 591 880:8:1 2 5
41 217 698:16:3 11 2
478 764:6:5 1
696 813 865:12:2 4 6
324 802:13:8 5
13 348 939:12:4 5 3
66 822:5:1 4
138 877:8:2 6
393 557:17:8 9
76 698:5:3 2
37 311 324:15:4 3 8
56 320 819:11:2 4 5
54 71 374:12:3 2 7
250 365:15:8 7
110 154 577:8:1 3 4
154 188 836:14:3 5 6
181 317:7:3 4
99 139 183:5:1 1 3
166 577 970:12:5 4 3
120 247:9:1 8
202 586:15:11 4
99 165 413:6:1 3 2
809 842 877:16:4 6 6
73 76 176:10:2 3 5
51 813:7:3 4
152 238 534:23:3 10 10
291 880 902:14:6 5 3
194 970:6:3 3
856 975:8:5 3
76 836:9:3 6
255 329:13:7 6
122 365 877:15:2 7 6
152 362:10:3 7
841 890:5:4 1
274 747:9:5 4
24 756:6:3 3
85 129 534:15:3 2 10
215 341 496:19:9 4 6
184 764:6:5 1
24 152 366:13:3 3 7
247 507:16:8 8
825 878:12:6 6
346 553 850:16:4 8 4
65 227 362:18:1 10 7
198 387 635:17:4 8 5
345 373:12:3 9
56 570 854:9:2 3 4
277 842:13:7 6
10 570 894:8:3 3 2
65 138:3:1 2
115 780 931:5:2 2 1
322 326 908:16:6 7 3
85 146 194:8:3 2 3
15 85 931:7:3 3 1
292 804:11:6 5
748 804 809:14:5 5 4
232 243 751:19:9 7 3
162 218 792:19:5 9 5
14 173 960:9:2 4 3
815 908:6:3 3
192 195:7:4 3
193 387 679:17:3 8 6
82 841:7:3 4
65 302 894:5:1 2 2
85 333 413:13:3 8 2
145 573:5:1 4
82 310 796:10:3 3 4
176 417 793:11:5 1 5
393 434:10:8 2
296 865:10:4 6
293 793:10:5 5
206 782:15:9 6
298 341:9:5 4
66 145 696:4:1 1 2
11 302:6:4 2
66 94 898:4:1 1 2
311 756:6:3 3
277 757:10:7 3
228 744:12:9 3
164 243 345:13:3 7 3
110 796 938:8:1 4 3
569 897 908:8:3 2 3
346 534:14:4 10
17 177 985:7:2 3 2
124 323 922:11:2 7 2
241 242 365:24:9 8 7
317 713 852:11:4 1 6
81 188 225:16:2 5 9
104 215:10:1 9
4 326 696:12:3 7 2
145 567 774:7:1 3 3
198 679 713:11:4 6 1
277 279:12:7 5
195 207 466:17:3 11 3
4 197:7:3 4
63 385 553:20:3 9 8
11 99 182:9:4 1 4
103 313:4:1 3
85 232 922:14:3 9 2
713 826 960:9:1 5 3
301 341 417:9:4 4 1
15 49:6:3 3
115 139 573:7:2 1 4
181 247:11:3 8
29 450:5:3 2
63 548:11:3 8
830 861:10:4 6
120 182 783:9:1 4 4
198 326:11:4 7
162 878:11:5 6
93 569:6:3 3
394 938:11:8 3
307 781 822:14:4 6 4
496 783 898:12:6 4 2
77 804:7:2 5
37 202 242:23:4 11 8
66 259 832:14:1 9 4
41 383 777:14:3 10 1
450 902 912:7:2 3 2
748 856:10:5 5
132 434 990:5:1 2 2
227 755:15:10 5
569 777 809:8:3 1 4
51 139 279:9:3 1 5
103 242 824:13:1 8 4
73 250 512:16:2 8 6
29 94 374:11:3 1 7
425 990:3:1 2
84 320:7:3 4
305 856:8:3 5
850 887:6:4 2
225 341:13:9 4
98 525 823:13:1 7 5
42 313:7:4 3
71 183 910:8:2 3 3
