791 842 923:11:4 6 1
261 887:9:7 2
60 327 520:16:3 6 7
32 131 779:6:2 1 3
41 960:6:3 3
316 614:5:2 3
517 786:11:7 4
207 515:17:11 6
382 508 975:19:9 7 3
654 689:8:5 3
207 225 411:22:11 9 2
53 510 724:8:1 6 1
312 527 587:14:3 7 4
250 316 767:13:8 2 3
51 265:10:3 7
628 761 873:11:5 1 5
618 822:7:3 4
97 171 728:6:1 4 1
434 527:9:2 7
42 598 707:7:4 1 2
275 563:11:7 4
51 547:13:3 10
108 328 491:13:1 6 6
95 769 875:10:2 3 5
178 350:6:3 3
32 700:4:2 2
218 878:15:9 6
547 844:14:10 4
169 331 974:13:5 6 2
568 833 941:13:5 6 2
327 909:8:6 2
394 634:12:8 4
673 787:10:5 5
182 635 874:14:4 5 5
131 506 527:16:1 8 7
382 471 653:18:9 4 5
581 689:8:5 3
32 108:3:2 1
250 342 979:15:8 4 3
441 907:4:1 3
546 611 851:17:10 2 5
17 471 1000:8:2 4 2
593 765:3:1 2
97 498 589:11:1 5 5
149 642:5:1 4
28 944:7:4 3
51 312 471:10:3 3 4
51 801:8:3 5
28 312 405:8:4 3 1
360 728:5:4 1
131 318 328:11:1 4 6
389 517 937:18:9 7 2
424 822:5:1 4
74 552:11:1 10
88 899:4:2 2
901 960:5:2 3
517 740 853:13:7 2 4
426 773 787:9:2 2 5
587 890 901:7:4 1 2
362 719:8:7 1
300 863 879:17:5 6 6
110 200 486:10:1 3 6
16 483:7:2 5
452 570 770:8:4 3 1
724 879 947:9:1 6 2
470 611 625:11:4 2 5
779 787:8:3 5
261 788:13:7 6
167 300 394:16:3 5 8
53 305:4:1 3
147 829:5:1 4
540 742:12:9 3
18 61 741:9:4 1 4
18 717 838:10:4 1 5
291 360:10:6 4
17 435:3:2 1
171 362 838:16:4 7 5
147 449 460:5:1 1 3
362 759 952:13:7 3 3
328 350 937:11:6 3 2
41 875:8:3 5
434 896:3:2 1
332 769 896:12:8 3 1
756 787:8:3 5
207 486 916:20:11 6 3
491 673 714:13:6 5 2
165 294 858:15:3 6 6
60 515 858:15:3 6 6
424 577 1000:7:1 4 2
18 60:7:4 3
682 853:7:3 4
287 489 807:15:6 6 3
74 324:9:1 8
28 668 1000:11:4 5 2
70 184:6:1 5
367 407:9:7 2
463 540 952:16:4 9 3
291 324:14:6 8
636 819 858:16:5 5 6
316 483 568:12:2 5 5
803 851:8:3 5
492 963:8:5 3
344 935:5:3 2
184 460 878:14:5 3 6
148 218 257:18:1 9 8
471 542:14:4 10
452 714:6:4 2
686 833 941:11:3 6 2
272 947:9:7 2
74 135:2:1 1
420 935:4:2 2
110 360 832:9:1 4 4
404 430 909:5:2 1 2
366 489 742:16:7 6 3
614 890:4:3 1
829 914:7:4 3
180 623:11:5 6
344 589 740:10:3 5 2
111 740:4:2 2
312 463 822:11:3 4 4
39 291 619:12:4 6 2
489 740:8:6 2
300 322:11:5 6
625 819:10:5 5
261 997:10:7 3
61 430 769:5:1 1 3
51 434 979:8:3 2 3
490 923:7:6 1
51 789:8:3 5
141 351:5:1 4
623 935:8:6 2
182 909:6:4 2
225 930:11:9 2
41 97 165:7:3 1 3
318 441 863:11:4 1 6
435 668:6:1 5
614 947:5:3 2
129 567:5:2 3
257 289 411:14:8 4 2
135 803 935:6:1 3 2
73 586:6:2 4
592 700 844:8:2 2 4
179 426 899:7:3 2 2
288 570:8:5 3
475 874 930:10:3 5 2
138 350:5:2 3
305 741 829:11:3 4 4
53 593 915:5:1 1 3
327 979:9:6 3
489 510:12:6 6
398 779:12:9 3
394 719 747:13:8 1 4
328 832:10:6 4
218 874:14:9 5
70 287 322:13:1 6 6
17 457:6:2 4
218 838:14:9 5
110 689:4:1 3
135 851:6:1 5
331 469:9:6 3
16 603:4:2 2
242 779 937:13:8 3 2
801 944:8:5 3
289 901 960:9:4 2 3
759 788:9:3 6
73 800:8:2 6
94 636:6:1 5
180 801:10:5 5
178 193 334:14:3 3 8
581 923:6:5 1
506 654 730:14:8 5 1
587 694 991:8:4 2 2
506 949:11:8 3
352 975:7:4 3
318 792:9:4 5
471 769 930:9:4 3 2
95 240 649:17:2 9 6
362 625 991:14:7 5 2
88 534 944:15:2 10 3
457 935:6:4 2
265 887:9:7 2
210 542 858:26:10 10 6
350 860 909:10:3 5 2
801 982:8:5 3
41 577:7:3 4
322 915:9:6 3
648 682:9:6 3
275 724:8:7 1
90 1000:5:3 2
585 783 800:13:3 4 6
593 931:2:1 1
773 800 1000:10:2 6 2
54 138 540:14:3 2 9
316 444 741:7:2 1 4
362 637:12:7 5
770 921:2:1 1
318 578 874:12:4 3 5
506 587 682:15:8 4 3
18 294:10:4 6
180 322 642:15:5 6 4
623 865 873:17:6 6 5
527 593:8:7 1
275 717:8:7 1
73 728:3:2 1
250 791:12:8 4
625 865 907:14:5 6 3
325 642 887:13:7 4 2
98 740 974:5:1 2 2
232 295:15:9 6
242 744:11:8 3
315 581 831:13:3 5 5
434 717 1000:5:2 1 2
4 135 528:12:3 1 8
17 369 916:13:2 8 3
30 614 874:11:3 3 5
129 287 452:12:2 6 4
667 744:8:5 3
171 242:12:4 8
18 250:12:4 8
460 915:6:3 3
296 719 822:9:4 1 4
350 578:6:3 3
74 200:4:1 3
315 1000:5:3 2
471 523:12:4 8
148 791 831:10:1 4 5
328 350 490:15:6 3 6
97 300:6:1 5
38 225 288:16:2 9 5
148 779:4:1 3
90 460:6:3 3
232 993:12:9 3
16 671 741:11:2 5 4
668 842:11:5 6
60 352 792:12:3 4 5
149 471 619:7:1 4 2
16 547 568:17:2 10 5
360 366 460:14:4 7 3
94 792:6:1 5
138 740 887:6:2 2 2
61 382 685:12:1 9 2
483 792 972:13:5 5 3
634 761:5:4 1
300 352 460:12:5 4 3
167 807 997:9:3 3 3
160 822:9:5 4
25 94 801:8:2 1 5
394 783:12:8 4
70 915:4:1 3
420 747 761:7:2 4 1
800 879:12:6 6
180 853:9:5 4
318 762:7:4 3
441 449 498:7:1 1 5
184 452 875:14:5 4 5
16 474 829:9:2 3 4
589 654 875:15:5 5 5
430 486 765:9:1 6 2
232 634 707:15:9 4 2
426 947:4:2 2
167 492 605:11:3 5 3
744 982:6:3 3
289 305 362:14:4 3 7
360 833 879:16:4 6 6
527 803:10:7 3
452 773:6:4 2
167 305:6:3 3
470 471 741:12:4 4 4
179 799:7:3 4
593 668 972:9:1 5 3
767 833:9:3 6
550 767 833:19:10 3 6
179 887:5:3 2
618 838:8:3 5
724 728 833:8:1 1 6
122 642 794:11:2 4 5
17 457 952:9:2 4 3
61 540 570:13:1 9 3
29 765 874:10:3 2 5
404 405 502:9:2 1 6
4 42 275:14:3 4 7
457 583 807:12:4 5 3
389 634:13:9 4
225 761:10:9 1
122 546 826:17:2 10 5
180 296 362:16:5 4 7
587 846:9:4 5
587 671:9:4 5
508 767:10:7 3
218 287:15:9 6
149 555:11:1 10
165 756:6:3 3
552 667 846:20:10 5 5
111 747:6:2 4
483 789 944:13:5 5 3
28 744 791:11:4 3 4
149 296 717:6:1 4 1
115 249 405:10:2 7 1
351 742:7:4 3
563 761:5:4 1
180 404 420:9:5 2 2
452 578 717:8:4 3 1
131 633 799:9:1 4 4
39 424 578:8:4 1 3
147 762:4:1 3
625 923:6:5 1
275 474 770:11:7 3 1
305 498:8:3 5
762 914 931:7:3 3 1
398 605:12:9 3
16 931:3:2 1
182 510:10:4 6
228 491 791:19:9 6 4
362 430 529:16:7 1 8
300 567:8:5 3
605 941:5:3 2
95 149 316:5:2 1 2
460 547:13:3 10
322 382 838:20:6 9 5
289 352:8:4 4
286 394:14:6 8
147 322 916:10:1 6 3
94 184:6:1 5
61 974:3:1 2
167 515 930:11:3 6 2
717 853:5:1 4
286 583 901:13:6 5 2
529 838:13:8 5
41 689 800:12:3 3 6
138 200:5:2 3
593 844:5:1 4
555 896:11:10 1
286 295 444:13:6 6 1
648 952:9:6 3
331 935:8:6 2
529 860 979:16:8 5 3
41 167 742:9:3 3 3
491 822:10:6 4
598 724 997:5:1 1 3
4 334 973:14:3 8 3
351 534 899:16:4 10 2
360 634:8:4 4
291 296 547:20:6 4 10
184 625:10:5 5
367 611:9:7 2
810 858:9:3 6
567 614:6:3 3
180 474 947:10:5 3 2
667 779 860:13:5 3 5
74 90:4:1 3
318 759 774:10:4 3 3
765 865:8:2 6
182 425 810:8:4 1 3
342 414:5:4 1
328 916:9:6 3
578 581 801:13:3 5 5
449 534:11:1 10
70 552:11:1 10
51 425:4:3 1
184 570:8:5 3
184 460 689:11:5 3 3
405 685 833:9:1 2 6
60 668:8:3 5
42 435 853:9:4 1 4
39 592:6:4 2
515 555 879:22:6 10 6
246 563:11:7 4
634 649 923:11:4 6 1
667 822:9:5 4
523 611:10:8 2
108 367 865:14:1 7 6
94 614:4:1 3
88 563 717:7:2 4 1
332 469 860:16:8 3 5
523 887:10:8 2
794 993:8:5 3
449 939:4:1 3
88 225 288:16:2 9 5
207 315 360:18:11 3 4
118 129 972:7:2 2 3
257 444:9:8 1
449 673 800:12:1 5 6
286 457 975:13:6 4 3
90 457:7:3 4
108 759:4:1 3
184 649:11:5 6
88 974:4:2 2
54 844:7:3 4
287 508:13:6 7
265 546 794:22:7 10 5
39 414:5:4 1
41 449 858:10:3 1 6
167 228 527:19:3 9 7
625 974:7:5 2
97 334:9:1 8
135 404 592:5:1 2 2
287 907:9:6 3
570 635 972:11:3 5 3
523 563:12:8 4
975 979:6:3 3
420 682 963:8:2 3 3
232 318 586:17:9 4 4
542 546:20:10 10
636 765 952:10:5 2 3
474 637 803:11:3 5 3
257 717 887:11:8 1 2
94 520:8:1 7
685 860:7:2 5
182 242 865:18:4 8 6
628 788:11:5 6
4 367:10:3 7
497 541 762:19:6 10 3
741 742:7:4 3
246 470 759:14:7 4 3
105 483 515:12:1 5 6
449 858:7:1 6
296 316 800:12:4 2 6
325 791 865:17:7 4 6
667 685 890:8:5 2 1
25 28:6:2 4
16 941:4:2 2
149 611 829:7:1 2 4
682 851:8:3 5
97 563:5:1 4
637 831 937:12:5 5 2
32 420 801:9:2 2 5
541 546 873:25:10 10 5
246 296 405:12:7 4 1
435 846:6:1 5
95 382:11:2 9
315 603 921:6:3 2 1
228 603 878:17:9 2 6
73 765:4:2 2
218 719:10:9 1
210 318 322:20:10 4 6
118 541 973:15:2 10 3
325 497 567:16:7 6 3
389 463:13:9 4
434 444 567:6:2 1 3
435 529 552:19:1 8 10
552 730:11:10 1
105 589:6:1 5
17 550 767:15:2 10 3
193 937:5:3 2
138 324 642:14:2 8 4
257 426 623:16:8 2 6
312 742:6:3 3
366 649:13:7 6
16 648 707:10:2 6 2
351 491 685:12:4 6 2
4 649:9:3 6
654 717 788:12:5 1 6
322 492 668:16:6 5 5
700 923:3:2 1
32 689 863:11:2 3 6
90 783 960:10:3 4 3
51 325 807:13:3 7 3
398 756 803:15:9 3 3
469 634 759:10:3 4 3
671 694 982:10:5 2 3
4 325 907:13:3 7 3
682 952:6:3 3
686 972 1000:8:3 3 2
246 523:15:7 8
36 425 1000:7:4 1 2
97 118 463:7:1 2 4
474 801 973:11:3 5 3
366 426:9:7 2
178 218 628:17:3 9 5
833 907:9:6 3
131 890:2:1 1
342 633 648:14:4 4 6
498 682 873:13:5 3 5
528 568:13:8 5
115 300 901:9:2 5 2
527 654 730:13:7 5 1
289 327 586:14:4 6 4
210 350:13:10 3
444 449 947:4:1 1 2
228 470:13:9 4
232 546 614:22:9 10 3
483 586 671:14:5 4 5
246 367 444:15:7 7 1
325 469 767:13:7 3 3
228 475 756:15:9 3 3
147 350:4:1 3
218 411 810:14:9 2 3
148 874:6:1 5
351 909:6:4 2
29 61:4:3 1
246 634 789:16:7 4 5
160 593:6:5 1
261 542:17:7 10
240 779:12:9 3
110 921:2:1 1
39 111:6:4 2
148 200 547:14:1 3 10
441 486 542:17:1 6 10
860 930 975:10:5 2 3
110 682 744:7:1 3 3
180 585 873:13:5 3 5
105 774:4:1 3
331 540 810:18:6 9 3
184 769:8:5 3
94 424:2:1 1
324 585 637:16:8 3 5
483 633:9:5 4
118 324:10:2 8
167 523:11:3 8
249 404:9:7 2
671 794:10:5 5
228 578 769:15:9 3 3
469 767:6:3 3
17 30 542:15:2 3 10
654 761:6:5 1
460 502:9:3 6
483 546 774:18:5 10 3
605 682 765:8:3 3 2
182 921:5:4 1
457 937:6:4 2
160 552 598:16:5 10 1
38 389:11:2 9
148 193 648:10:1 3 6
742 831:8:3 5
108 654 756:9:1 5 3
331 587 907:13:6 4 3
686 788:9:3 6
286 486:12:6 6
508 730:8:7 1
42 425:5:4 1
636 914:8:5 3
261 592 605:12:7 2 3
108 135 914:5:1 1 3
105 218:10:1 9
94 180 833:12:1 5 6
180 350 742:11:5 3 3
178 991:5:3 2
60 653 789:13:3 5 5
334 469 944:14:8 3 3
29 225 653:17:3 9 5
605 993:6:3 3
506 589 767:16:8 5 3
297 773:6:4 2
17 328 546:18:2 6 10
568 878:11:5 6
547 756:13:10 3
483 838:10:5 5
489 916:9:6 3
542 792:15:10 5
42 901:6:4 2
129 547:12:2 10
97 550:11:1 10
295 875:11:6 5
275 407 546:19:7 2 10
28 193 831:12:4 3 5
54 315 1000:8:3 3 2
148 426 605:6:1 2 3
435 744 863:10:1 3 6
635 833 972:14:5 6 3
147 979:4:1 3
463 568 767:12:4 5 3
567 952:6:3 3
783 972:7:4 3
331 649:12:6 6
70 460 901:6:1 3 2
135 637:6:1 5
225 475 489:18:9 3 6
430 510:7:1 6
634 842:10:4 6
53 327:7:1 6
246 441 863:14:7 1 6
296 475:7:4 3
486 725:7:6 1
180 791 963:12:5 4 3
486 523 941:16:6 8 2
435 873:6:1 5
147 510 592:9:1 6 2
382 389 637:23:9 9 5
592 700:4:2 2
4 184:8:3 5
540 829 952:16:9 4 3
826 975:8:5 3
414 441:2:1 1
250 405:9:8 1
312 360 833:13:3 4 6
41 332 411:13:3 8 2
508 682:10:7 3
184 515 759:14:5 6 3
257 318:12:8 4
118 332 517:17:2 8 7
322 568 826:16:6 5 5
141 286 568:12:1 6 5
25 325 878:15:2 7 6
42 328:10:4 6
73 799:6:2 4
457 730:5:4 1
491 637:11:6 5
169 581:10:5 5
165 411 909:7:3 2 2
700 807 921:6:2 3 1
41 792:8:3 5
491 765:8:6 2
334 941:10:8 2
4 73 232:14:3 2 9
275 295 829:17:7 6 4
111 179:5:2 3
619 668 773:9:2 5 2
489 779 829:13:6 3 4
295 846 930:13:6 5 2
325 563 901:13:7 4 2
786 822:8:4 4
38 441 583:8:2 1 5
587 774:7:4 3
25 289 625:11:2 4 5
316 875:7:2 5
489 829:10:6 4
700 846:7:2 5
165 570:6:3 3
367 542:17:7 10
16 74 498:8:2 1 5
242 508 879:21:8 7 6
325 875:12:7 5
767 800:9:3 6
54 489:9:3 6
874 899:7:5 2
725 783:5:1 4
141 589 973:9:1 5 3
404 463 618:9:2 4 3
36 315:7:4 3
457 807 975:10:4 3 3
17 475 673:10:2 3 5
179 605:6:3 3
165 179 426:8:3 3 2
32 141 405:4:2 1 1
523 801:13:8 5
474 633:7:3 4
831 930 941:9:5 2 2
297 534 625:19:4 10 5
567 619:5:3 2
625 931:6:5 1
426 939:5:2 3
426 944:5:2 3
508 747:11:7 4
540 901 909:13:9 2 2
327 975:9:6 3
707 931:3:2 1
603 991:4:2 2
567 858:9:3 6
178 463 770:8:3 4 1
88 261 592:11:2 7 2
275 404 993:12:7 2 3
42 331:10:4 6
41 973:6:3 3
179 637 800:14:3 5 6
707 878:8:2 6
322 328 592:14:6 6 2
786 875 937:11:4 5 2
193 853 974:9:3 4 2
147 842:7:1 6
147 296:5:1 4
318 844:8:4 4
405 887:3:1 2
779 791 1000:9:3 4 2
517 873 991:14:7 5 2
141 414 520:9:1 1 7
291 350 546:19:6 3 10
193 498 949:11:3 5 3
232 585 654:17:9 3 5
88 110 506:11:2 1 8
324 914:11:8 3
322 570:9:6 3
297 724 773:7:4 1 2
54 592 860:10:3 2 5
29 360:7:3 4
250 312:11:8 3
207 398:20:11 9
242 724:9:8 1
141 398 831:15:1 9 5
568 589:10:5 5
490 648:12:6 6
171 261:11:4 7
167 246 342:14:3 7 4
686 744:6:3 3
178 791 949:10:3 4 3
118 792:7:2 5
32 165 570:8:2 3 3
667 779:8:5 3
623 634 735:11:6 4 1
38 61 730:4:2 1 1
225 689:12:9 3
61 362 916:11:1 7 3
486 792:11:6 5
41 118:5:3 2
570 767:6:3 3
129 342:6:2 4
179 686:6:3 3
686 717 742:7:3 1 3
635 694:7:5 2
605 939 1000:8:3 3 2
70 589 759:9:1 5 3
489 973:9:6 3
762 783:7:3 4
249 506:15:7 8
667 873:10:5 5
598 625:6:1 5
42 510 774:13:4 6 3
740 822:6:2 4
540 890:10:9 1
389 452 794:18:9 4 5
167 972:6:3 3
637 993:8:5 3
30 331:9:3 6
296 939:7:4 3
135 179 788:10:1 3 6
178 249 879:16:3 7 6
111 689 853:9:2 3 4
288 528:13:5 8
171 789:9:4 5
316 568 667:12:2 5 5
792 853:9:5 4
29 407:5:3 2
783 937:6:4 2
38 563:6:2 4
17 844:6:2 4
182 742:7:4 3
960 979:6:3 3
367 783:11:7 4
331 471:10:6 4
611 1000:4:2 2
405 890:2:1 1
207 618:14:11 3
90 935 952:8:3 2 3
707 762 822:9:2 3 4
444 779 789:9:1 3 5
603 667:7:2 5
404 923 963:6:2 1 3
32 899:4:2 2
288 360 901:11:5 4 2
587 982 997:10:4 3 3
138 240:11:2 9
167 296 642:11:3 4 4
741 800:10:4 6
300 515 581:16:5 6 5
60 160:8:3 5
171 563:8:4 4
32 717:3:2 1
492 586:9:5 4
430 819 831:11:1 5 5
97 767:4:1 3
305 635 789:13:3 5 5
218 875:14:9 5
257 633 765:14:8 4 2
315 352 931:8:3 4 1
41 578:6:3 3
88 184 523:15:2 5 8
246 328:13:7 6
635 935 941:9:5 2 2
98 873:6:1 5
135 846:6:1 5
586 788 1000:12:4 6 2
94 603:3:1 2
502 520 671:18:6 7 5
534 550:20:10 10
491 719:7:6 1
131 756:4:1 3
61 434 568:8:1 2 5
135 725:2:1 1
167 291 534:19:3 6 10
115 502 791:12:2 6 4
409 744:5:2 3
404 486:8:2 6
623 858:12:6 6
444 742:4:1 3
430 460 614:7:1 3 3
305 593 735:5:3 1 1
272 457 944:14:7 4 3
344 858:9:3 6
242 744 844:15:8 3 4
200 434 648:11:3 2 6
787 941:7:5 2
756 930:5:3 2
441 570 921:5:1 3 1
394 510:14:8 6
179 853:7:3 4
444 979:4:1 3
200 261 288:15:3 7 5
578 625 803:11:3 5 3
460 896:4:3 1
289 441 648:11:4 1 6
129 787:7:2 5
807 874:8:3 5
246 452 842:17:7 4 6
515 887:8:6 2
97 614 671:9:1 3 5
16 939:5:2 3
225 342:13:9 4
846 916 982:11:5 3 3
70 167:4:1 3
200 654 761:9:3 5 1
404 907:5:2 3
70 184:6:1 5
54 165 389:15:3 3 9
110 541:11:1 10
42 489:10:4 6
288 520:12:5 7
169 474:8:5 3
257 528 931:17:8 8 1
210 842:16:10 6
331 523 740:16:6 8 2
312 838:8:3 5
240 541 598:20:9 10 1
131 789:6:1 5
122 350 689:8:2 3 3
4 275 434:12:3 7 2
53 90 141:5:1 3 1
497 842:12:6 6
32 475 542:15:2 3 10
160 648 735:12:5 6 1
350 441 822:8:3 1 4
180 300 305:13:5 5 3
583 801:10:5 5
250 801:13:8 5
70 502 506:15:1 6 8
272 300:12:7 5
60 131:4:3 1
30 36 344:10:3 4 3
724 769 974:6:1 3 2
694 800:8:2 6
506 997:11:8 3
108 935:3:1 2
97 510:7:1 6
498 552:15:5 10
95 730:3:2 1
762 879:9:3 6
671 810 819:13:5 3 5
325 424 578:11:7 1 3
344 491 762:12:3 6 3
587 863:10:4 6
547 875:15:10 5
54 409 700:7:3 2 2
184 441 605:9:5 1 3
414 653 831:11:1 5 5
315 568 685:10:3 5 2
88 756 991:7:2 3 2
182 801:9:4 5
42 787 838:14:4 5 5
492 527:12:5 7
618 807:6:3 3
287 714:8:6 2
846 916:8:5 3
138 294 367:15:2 6 7
352 997:7:4 3
265 469 523:18:7 3 8
171 182:8:4 4
122 180 425:8:2 5 1
28 369 761:13:4 8 1
242 489:14:8 6
931 982:4:1 3
287 686:9:6 3
246 324 686:18:7 8 3
305 489 611:11:3 6 2
25 327 581:13:2 6 5
30 444 944:7:3 1 3
322 474 633:13:6 3 4
90 184:8:3 5
546 838:15:10 5
36 528 860:17:4 8 5
182 585 730:8:4 3 1
486 589:11:6 5
342 352:8:4 4
642 717:5:4 1
169 792 973:13:5 5 3
17 169 799:11:2 5 4
491 550 788:22:6 10 6
180 207 779:19:5 11 3
289 625:9:4 5
389 492 581:19:9 5 5
648 829 838:15:6 4 5
724 801:6:1 5
228 534 792:24:9 10 5
325 618 682:13:7 3 3
635 654 865:16:5 5 6
452 901:6:4 2
249 332 586:19:7 8 4
475 788 810:12:3 6 3
51 550:13:3 10
182 435 807:8:4 1 3
425 742 907:7:1 3 3
424 896 937:4:1 1 2
135 761:2:1 1
179 394 801:16:3 8 5
474 528 735:12:3 8 1
272 474:10:7 3
41 334 534:21:3 8 10
61 149 851:7:1 1 5
17 180 593:8:2 5 1
394 614 960:14:8 3 3
735 756:4:1 3
149 352 540:14:1 4 9
668 810 993:11:5 3 3
98 350:4:1 3
452 628:9:4 5
747 826:9:4 5
118 838:7:2 5
583 947:7:5 2
28 389 822:17:4 9 4
637 947:7:5 2
184 570 742:11:5 3 3
435 759:4:1 3
800 865 973:15:6 6 3
483 502:11:5 6
636 742 973:11:5 3 3
506 586:12:8 4
38 714 890:5:2 2 1
178 207:14:3 11
673 787 979:13:5 5 3
17 407 577:8:2 2 4
491 611 791:12:6 2 4
529 633 842:18:8 4 6
30 550:13:3 10
16 619:4:2 2
180 350 489:14:5 3 6
344 952 1000:8:3 3 2
510 907:9:6 3
179 425 783:8:3 1 4
585 810:6:3 3
789 974:7:5 2
147 257 719:10:1 8 1
318 694:6:4 2
611 673 1000:9:2 5 2
60 930:5:3 2
4 567 585:9:3 3 3
331 831 838:16:6 5 5
28 405 756:8:4 1 3
179 686 730:7:3 3 1
636 949:8:5 3
149 272 668:13:1 7 5
322 901 944:11:6 2 3
149 331:7:1 6
322 689 714:11:6 3 2
463 842:10:4 6
593 667:6:1 5
470 973:7:4 3
350 474 540:15:3 3 9
178 769:6:3 3
489 552:16:6 10
25 555 742:15:2 10 3
246 628:12:7 5
38 200 614:8:2 3 3
295 846:11:6 5
250 563 829:16:8 4 4
210 833:16:10 6
118 542 909:14:2 10 2
240 810:12:9 3
540 700 972:14:9 2 3
352 935:6:4 2
105 257 619:11:1 8 2
16 369 1000:12:2 8 2
41 324 952:14:3 8 3
111 475:5:2 3
426 578:5:2 3
742 974:5:3 2
517 714:9:7 2
240 973:12:9 3
115 327:8:2 6
41 147 593:5:3 1 1
108 352:5:1 4
498 878:11:5 6
228 265 441:17:9 7 1
115 414 935:5:2 1 2
36 747 865:14:4 4 6
316 717 822:7:2 1 4
619 628 846:12:2 5 5
316 887:4:2 2
250 585:11:8 3
249 653 973:15:7 5 3
682 916:6:3 3
592 899:4:2 2
295 735 799:11:6 1 4
297 332:12:4 8
178 614 921:7:3 3 1
288 907:8:5 3
98 232 555:20:1 9 10
29 585 619:8:3 3 2
844 939:7:4 3
517 634 947:13:7 4 2
457 625 756:12:4 5 3
38 414 858:9:2 1 6
115 362:9:2 7
394 489 741:18:8 6 4
275 296:11:7 4
4 160 327:14:3 5 6
322 907 982:12:6 3 3
149 915:4:1 3
483 541:15:5 10
141 915:4:1 3
457 475 875:12:4 3 5
53 625:6:1 5
517 829 997:14:7 4 3
398 783:13:9 4
