287 970:9:6 3
529 687 735:11:8 2 1
325 703:9:7 2
170 385 657:19:3 9 7
263 277:14:7 7
258 766:10:8 2
931 941:3:1 2
346 980:6:4 2
95 657 851:14:2 7 5
897 962:5:2 3
221 513:14:8 6
200 947:5:3 2
144 431:3:1 2
242 858 905:17:8 6 3
88 304:6:2 4
65 657 668:13:1 7 5
549 649:14:8 6
485 668 899:12:5 5 2
553 638 862:17:8 4 5
96 255 609:9:1 7 1
325 911:9:7 2
346 462 851:12:4 3 5
66 325 759:11:1 7 3
720 901:3:1 2
33 189 706:11:3 4 4
33 553 806:15:3 8 4
198 344 692:10:4 3 3
198 897:6:4 2
213 941 959:16:10 2 4
29 73 95:7:3 2 2
723 962 982:7:1 3 3
407 420 984:6:2 2 2
164 669 875:14:3 6 5
217 657:18:11 7
507 735 897:11:8 1 2
158 344:8:5 3
539 982:11:8 3
681 897:5:3 2
476 655 841:16:5 7 4
173 442:5:4 1
131 256:8:1 7
732 815 832:9:2 3 4
258 497:14:8 6
539 590:12:8 4
431 979:5:2 3
197 263 681:14:4 7 3
45 344 479:13:4 3 6
641 993:9:6 3
444 646:6:1 5
420 901:4:2 2
811 911:5:3 2
256 369 979:18:7 8 3
96 674 791:12:1 7 4
80 263 862:15:3 7 5
331 386 855:21:6 10 5
730 962:4:1 3
444 553:9:1 8
96 751:4:1 3
110 304 332:13:1 4 8
235 597 730:12:10 1 1
260 462:11:8 3
462 965:6:3 3
200 639 976:11:3 5 3
325 361 703:16:7 7 2
125 931:2:1 1
749 962:6:3 3
241 258 669:23:9 8 6
200 479 862:14:3 6 5
344 505:10:3 7
95 592:4:2 2
28 843:9:4 5
361 766 954:12:7 2 3
604 732:3:1 2
131 207 700:14:1 11 2
255 639:12:7 5
442 674 954:11:1 7 3
344 462:6:3 3
153 720 958:7:3 1 3
304 1000:6:4 2
95 385 823:16:2 9 5
506 708 958:15:8 4 3
344 959:7:3 4
485 647 959:13:5 4 4
179 513 959:13:3 6 4
45 221 732:14:4 8 2
189 297:8:4 4
197 984:6:4 2
154 255 811:13:3 7 3
200 749 984:8:3 3 2
407 476:7:2 5
265 385:16:7 9
111 258:10:2 8
189 749:7:4 3
551 636 911:15:8 5 2
22 862:9:4 5
851 980:7:5 2
131 507 903:12:1 8 3
139 325:8:1 7
851 935:7:5 2
111 162 570:10:2 5 3
144 514:7:1 6
33 567:6:3 3
815 1000:5:3 2
858 947 982:11:6 2 3
732 993:5:2 3
221 421:10:8 2
476 843:10:5 5
45 706 745:11:4 4 3
498 549:13:5 8
41 213 712:15:3 10 2
126 668 984:8:1 5 2
657 660 775:16:7 7 2
331 775:8:6 2
720 855 947:8:1 5 2
22 848 989:13:4 6 3
65 74 139:3:1 1 1
33 897:5:3 2
256 549 843:20:7 8 5
301 442:5:4 1
75 235 514:18:2 10 6
609 918:3:1 2
287 811 979:12:6 3 3
255 858:13:7 6
125 331 476:12:1 6 5
144 221:9:1 8
265 492 497:18:7 5 6
256 346:11:7 4
88 213 549:20:2 10 8
110 431 668:8:1 2 5
161 162 723:11:5 5 1
22 806:8:4 4
277 420:9:7 2
848 989:9:6 3
325 580:12:7 5
221 597 636:14:8 1 5
469 542 901:15:3 10 2
431 462 931:6:2 3 1
126 179 549:12:1 3 8
401 431:4:2 2
45 164 899:9:4 3 2
655 875:12:7 5
260 984:10:8 2
858 931:7:6 1
179 469:6:3 3
639 681 875:13:5 3 5
498 553 825:19:5 8 6
164 492:8:3 5
158 915:8:5 3
516 959:10:6 4
125 498:6:1 5
304 590 858:14:4 4 6
95 279 581:12:2 5 5
126 668:6:1 5
344 609 862:9:3 1 5
811 851 875:13:3 5 5
213 759 989:16:10 3 3
45 703:6:4 2
657 905:10:7 3
110 841 941:7:1 4 2
749 899 962:8:3 2 3
213 918:12:10 2
41 80 875:11:3 3 5
88 408 646:9:2 2 5
27 111 815:7:2 2 3
144 346:5:1 4
723 751 984:6:1 3 2
358 529 641:19:5 8 6
241 516 984:17:9 6 2
221 431:10:8 2
700 749 941:7:2 3 2
235 265:17:10 7
959 984:6:4 2
265 517:14:7 7
213 791 914:17:10 4 3
857 962:9:6 3
730 862:6:1 5
96 188 962:9:1 5 3
242 700 766:12:8 2 2
95 188:7:2 5
848 915:9:6 3
506 914:11:8 3
349 841 993:10:3 4 3
65 989:4:1 3
27 485 590:11:2 5 4
749 901:5:3 2
198 279:9:4 5
687 766:4:2 2
385 947:11:9 2
703 973:5:2 3
95 164:5:2 3
282 700 832:12:6 2 4
282 823 1000:13:6 5 2
592 706:6:2 4
609 706 806:9:1 4 4
669 897 959:12:6 2 4
711 970:4:1 3
260 274 706:17:8 5 4
476 498 954:13:5 5 3
581 976:8:5 3
304 857:10:4 6
