337 495:12:6 6
112 284 897:9:2 5 2
81 408:4:2 2
33 744 804:11:3 3 5
13 27 232:15:4 2 9
226 316 331:16:8 2 6
93 336 456:12:3 6 3
138 385:11:2 9
448 904:4:1 3
409 418 665:10:2 1 7
16 308 337:10:2 2 6
35 202 781:20:3 11 6
69 135 409:4:1 1 2
178 874:8:3 5
115 116 897:6:2 2 2
71 702:4:2 2
115 239 419:13:2 9 2
96 381 461:15:1 10 4
172 926:5:3 2
141 439:2:1 1
422 787 904:10:2 5 3
324 336 379:22:8 6 8
406 680 795:10:1 5 4
457 874:9:4 5
456 825:9:3 6
144 315 325:11:1 3 7
170 196 301:12:3 5 4
349 499 858:14:3 5 6
43 837:7:3 4
156 210:13:3 10
226 284 482:18:8 5 5
349 665:10:3 7
50 124:6:4 2
24 224 787:18:3 10 5
207 378 837:24:11 9 4
378 746 895:14:9 3 2
38 418:3:2 1
30 277:10:3 7
402 692:4:1 3
96 498:6:1 5
336 499:11:6 5
9 234:12:3 9
178 296 825:13:3 4 6
19 53 197:8:3 1 4
427 854:6:2 4
16 321 805:12:2 6 4
275 450:9:7 2
142 158 591:8:1 5 2
136 339 702:11:1 8 2
621 950:7:4 3
38 393 926:12:2 8 2
443 582:4:1 3
200 285:9:3 6
164 459 916:10:3 4 3
185 654 702:10:3 5 2
96 203 392:19:1 10 8
196 427:7:5 2
96 146 312:6:1 2 3
33 98 871:10:3 1 6
422 498:7:2 5
271 284:11:6 5
422 452 482:11:2 4 5
108 135:2:1 1
244 315:12:9 3
218 297 298:18:9 4 5
416 427 801:9:2 2 5
34 71:5:3 2
266 697:8:5 3
222 432:9:8 1
14 316 591:6:2 2 2
164 316 460:8:3 2 3
561 871 926:12:4 6 2
135 457:5:1 4
210 346 422:16:10 4 2
108 174 393:12:1 3 8
310 326 729:11:3 7 1
19 136 211:14:3 1 10
408 654:7:2 5
402 419 785:8:1 2 5
475 480:9:3 6
38 123 241:12:2 1 9
663 781:11:5 6
275 378 705:20:7 9 4
38 708:6:2 4
481 854:10:6 4
112 932:3:2 1
198 233 895:16:4 10 2
363 708:12:8 4
40 498 805:12:3 5 4
277 561:11:7 4
312 853:7:3 4
314 537:12:2 10
164 242 285:17:3 8 6
363 558 621:21:8 9 4
337 469:9:6 3
116 456 480:11:2 3 6
272 363:15:7 8
316 763:3:2 1
310 527 950:13:3 7 3
69 439 801:7:1 1 5
233 307:14:10 4
203 427:12:10 2
109 206 364:17:1 9 7
406 429:3:1 2
105 432:2:1 1
399 495 869:21:10 6 5
265 676:13:7 6
223 681:12:9 3
109 359:6:1 5
200 591 772:7:3 2 2
213 654:15:10 5
124 621:6:2 4
17 697:5:2 3
52 88 460:8:3 2 3
370 787:14:9 5
73 78 263:12:2 3 7
23 203 429:14:2 10 2
202 746:14:11 3
69 263 432:9:1 7 1
448 869:6:1 5
304 492 942:12:4 5 3
121 646:7:2 5
53 352:5:1 4
176 744:8:5 3
16 805:6:2 4
339 385:17:8 9
38 52 191:8:2 3 3
272 307 943:13:7 4 2
71 203 702:14:2 10 2
193 194 736:8:3 3 2
249 785:12:7 5
261 315:10:7 3
213 485:15:10 5
242 326 869:20:8 7 5
156 208 729:14:3 10 1
78 308 314:7:3 2 2
88 142 299:7:2 1 4
50 88:6:4 2
381 564:14:10 4
39 40:7:4 3
327 665:13:6 7
113 255:9:2 7
43 197 416:9:3 4 2
66 164 895:6:1 3 2
248 706:13:9 4
19 363 804:16:3 8 5
9 285 665:16:3 6 7
27 339 923:11:2 8 1
41 392 437:13:3 8 2
172 437 853:9:3 2 4
40 287 443:10:3 6 1
234 772 871:17:9 2 6
13 151 800:14:4 4 6
121 333:10:2 8
93 108 223:13:3 1 9
270 324:15:7 8
337 381:16:6 10
64 196 785:11:1 5 5
108 142:2:1 1
285 302 674:15:6 2 7
172 437 468:8:3 2 3
19 432:4:3 1
326 485 895:14:7 5 2
377 781 895:17:9 6 2
450 708:6:2 4
96 432:2:1 1
275 361:14:7 7
141 475 963:7:1 3 3
9 156 241:15:3 3 9
379 801:13:8 5
193 324:11:3 8
196 349 385:17:5 3 9
382 537 673:24:9 10 5
73 85 98:6:2 3 1
78 202 673:19:3 11 5
17 457:6:2 4
241 549:17:9 8
864 886:8:6 2
468 746:6:3 3
261 359 571:16:7 5 4
262 450 458:11:6 2 3
109 399 561:15:1 10 4
207 408:13:11 2
26 124:6:4 2
285 674 781:19:6 7 6
109 308 315:6:1 2 3
232 429 897:13:9 2 2
439 499:6:1 5
144 755 942:9:1 5 3
326 475 904:13:7 3 3
78 263 312:13:3 7 3
450 755:7:2 5
24 101:5:3 2
9 482:8:3 5
53 197:5:1 4
67 781:9:3 6
131 336 392:15:1 6 8
173 385:13:4 9
66 251 800:16:1 9 6
266 325:12:5 7
196 426 886:9:5 2 2
417 582 608:6:1 3 2
14 23 549:12:2 2 8
299 736:6:4 2
44 155 492:12:2 5 5
680 918:7:5 2
349 923:4:3 1
422 795:6:2 4
406 621:5:1 4
239 284 312:17:9 5 3
271 495 895:14:6 6 2
167 781 853:13:3 6 4
144 785 916:9:1 5 3
40 44 452:9:3 2 4
33 358 772:10:3 5 2
359 399 781:21:5 10 6
172 437 457:9:3 2 4
401 702:4:2 2
763 858 864:13:1 6 6
197 858:10:4 6
16 424:3:2 1
221 457 926:14:8 4 2
38 296:6:2 4
298 680:10:5 5
69 270:8:1 7
74 78 298:9:1 3 5
401 692 926:7:2 3 2
145 312:4:1 3
50 729:5:4 1
35 189 970:10:3 4 3
378 401 785:16:9 2 5
341 787:9:4 5
23 53 115:5:2 1 2
50 445:5:4 1
16 591 904:7:2 2 3
156 825:9:3 6
206 242 354:21:9 8 4
44 64:3:2 1
233 561 817:18:10 4 4
30 105 449:5:3 1 1
131 449 468:5:1 1 3
172 499:8:3 5
27 654:7:2 5
333 772 817:14:8 2 4
193 422:5:3 2
265 331:13:7 6
393 785:13:8 5
96 135 549:10:1 1 8
156 591:5:3 2
167 499 697:11:3 5 3
44 384 385:20:2 9 9
87 221 869:15:2 8 5
135 138:3:1 2
93 399 460:16:3 10 3
113 736:4:2 2
52 460:6:3 3
429 591:4:2 2
564 963:7:4 3
23 292 458:11:2 6 3
40 314:5:3 2
19 136 228:13:3 1 9
193 251:12:3 9
66 621 897:7:1 4 2
304 926 960:9:4 2 3
1 238 284:18:3 10 5
284 315 492:13:5 3 5
26 273:9:4 5
160 680:10:5 5
242 729:9:8 1
421 681:5:2 3
52 164 326:13:3 3 7
265 401 837:13:7 2 4
224 241 265:26:10 9 7
30 52 874:11:3 3 5
53 81:3:1 2
422 468:5:2 3
475 706:7:3 4
170 359 787:13:3 5 5
450 787 854:11:2 5 4
81 452 680:11:2 4 5
261 853:11:7 4
109 191 370:13:1 3 9
315 349 480:12:3 3 6
211 324 424:19:10 8 1
316 377 662:16:2 9 5
198 886:6:4 2
39 88 359:11:4 2 5
155 200 272:15:5 3 7
151 399 437:16:4 10 2
263 787 871:18:7 5 6
198 235:14:4 10
123 295 402:8:1 6 1
498 837:9:5 4
886 897:4:2 2
156 320 895:9:3 4 2
331 459:10:6 4
71 81 292:10:2 2 6
19 370:12:3 9
41 124:5:3 2
158 349:8:5 3
468 805:7:3 4
23 270:9:2 7
158 525:12:5 7
450 864:8:2 6
315 370 469:15:3 9 3
24 992:5:3 2
131 207:12:1 11
621 871:10:4 6
156 208:13:3 10
174 384 432:13:3 9 1
422 887:4:2 2
456 874:8:3 5
214 378 795:24:11 9 4
264 460:10:7 3
213 292 459:20:10 6 4
196 210:15:5 10
408 561:6:2 4
234 326 748:21:9 7 5
109 301 304:9:1 4 4
24 535:13:3 10
298 992:7:5 2
346 437 950:9:4 2 3
197 316 537:16:4 2 10
826 960:8:5 3
145 826 942:9:1 5 3
97 234 746:13:1 9 3
87 468 897:7:2 3 2
240 292 804:20:9 6 5
218 262 692:18:9 6 3
19 198 801:12:3 4 5
24 385 785:17:3 9 5
85 121 746:8:3 2 3
109 302:3:1 2
115 158:7:2 5
105 298:6:1 5
28 429 559:14:4 2 8
399 527:17:10 7
9 200:6:3 3
7 249 341:14:3 7 4
33 113 271:11:3 2 6
64 498:6:1 5
138 665:9:2 7
74 378:10:1 9
452 858:10:4 6
93 312 665:13:3 3 7
27 121 429:6:2 2 2
191 271 422:11:3 6 2
24 302:5:3 2
416 943:4:2 2
331 785:11:6 5
320 537:14:4 10
34 145 392:12:3 1 8
33 370 705:16:3 9 4
113 385 485:16:2 9 5
185 214:14:3 11
141 326 489:14:1 7 6
1 71:5:3 2
141 264 419:10:1 7 2
17 308 449:5:2 2 1
235 402:11:10 1
141 702:3:1 2
193 277 314:12:3 7 2
287 450:8:6 2
105 164 331:10:1 3 6
98 422 763:4:1 2 1
40 185:6:3 3
142 196:6:1 5
121 191 424:6:2 3 1
393 450 748:15:8 2 5
401 608:4:2 2
315 401 445:6:3 2 1
320 804:9:4 5
1 295:9:3 6
214 326 448:19:11 7 1
244 458 499:17:9 3 5
102 233 437:13:1 10 2
30 324:11:3 8
7 178 676:12:3 3 6
459 485:9:4 5
233 333:18:10 8
52 248:12:3 9
78 249 336:16:3 7 6
33 298:8:3 5
705 854:8:4 4
34 53:4:3 1
264 458:10:7 3
132 238 298:16:1 10 5
214 702:13:11 2
87 132 167:6:2 1 3
564 608:6:4 2
249 457 960:14:7 4 3
88 702:4:2 2
222 432:9:8 1
206 261 381:26:9 7 10
193 380 475:15:3 9 3
44 249 970:12:2 7 3
385 729:10:9 1
85 213 525:20:3 10 7
115 185 591:7:2 3 2
26 333:12:4 8
4 320:7:3 4
146 200 399:15:2 3 10
439 492:6:1 5
16 81:4:2 2
116 124:4:2 2
349 379 608:13:3 8 2
525 608:9:7 2
606 746:6:3 3
64 970:4:1 3
141 264:8:1 7
235 352 706:18:10 4 4
240 349:12:9 3
44 64 144:4:2 1 1
44 393 419:12:2 8 2
88 240:11:2 9
346 385:13:4 9
193 426:5:3 2
277 480 680:18:7 6 5
302 421:4:2 2
408 942:5:2 3
27 421 804:9:2 2 5
19 155 221:16:3 5 8
97 301 697:8:1 4 3
27 408 424:5:2 2 1
69 96 207:13:1 1 11
196 525:12:5 7
9 301 339:15:3 4 8
312 352:7:3 4
13 295 970:13:4 6 3
427 942:5:2 3
135 248 887:12:1 9 2
50 232:13:4 9
158 748:10:5 5
295 296 315:13:6 4 3
4 316 663:10:3 2 5
352 564:8:4 4
461 772:6:4 2
226 380:17:8 9
123 325:8:1 7
17 88 261:11:2 2 7
44 185:5:2 3
213 401 804:17:10 2 5
53 222:9:1 8
191 316:5:3 2
41 874:8:3 5
112 336 858:14:2 6 6
421 904:5:2 3
7 302 307:9:3 2 4
346 663:9:4 5
331 558:15:6 9
64 73 805:7:1 2 4
492 800:11:5 6
117 135:2:1 1
156 358 363:16:3 5 8
402 408:3:1 2
146 174:5:2 3
44 271:8:2 6
333 341:12:8 4
97 363 449:10:1 8 1
255 298 459:16:7 5 4
427 439 608:5:2 1 2
44 858:8:2 6
43 312 385:15:3 3 9
409 817 826:11:2 4 5
382 408:11:9 2
255 381 895:19:7 10 2
314 352:6:2 4
155 284 349:13:5 5 3
34 43:6:3 3
66 460:4:1 3
19 223 298:17:3 9 5
277 354 481:17:7 4 6
176 210:15:5 10
27 167 301:9:2 3 4
101 673:7:2 5
295 871:12:6 6
297 312 324:15:4 3 8
180 211 419:17:5 10 2
40 191 426:8:3 3 2
244 654 663:19:9 5 5
377 918 960:14:9 2 3
160 558:14:5 9
81 170:5:2 3
9 663:8:3 5
416 801:7:2 5
275 381:17:7 10
172 208:13:3 10
239 273 608:16:9 5 2
437 932:3:2 1
23 34 377:14:2 3 9
141 213 238:21:1 10 10
315 942:6:3 3
14 69 194:6:2 1 3
210 458:13:10 3
194 382:12:3 9
748 886:7:5 2
223 469 781:18:9 3 6
314 942:5:2 3
492 800 854:15:5 6 4
458 923:4:3 1
