166 332 730:14:5 8 1
68 889:3:2 1
351 379 791:16:4 8 4
376 581 640:19:9 5 5
328 596:7:6 1
108 310 596:5:1 3 1
307 376 949:16:4 9 3
209 216 614:23:9 11 3
332 712:10:8 2
265 741:11:7 4
364 646 896:13:7 5 1
67 398:12:3 9
646 725 904:9:5 1 3
800 850:10:6 4
328 346:10:6 4
122 876:7:2 5
142 229:11:1 10
707 849 860:11:2 4 5
491 614:9:6 3
229 815:13:10 3
795 889:5:4 1
216 784:16:11 5
475 556:13:3 10
122 216:13:2 11
143 382:11:2 9
67 382 790:17:3 9 5
513 867:11:6 5
332 795:12:8 4
406 860 895:8:1 5 2
512 596:7:6 1
46 407 900:6:2 2 2
324 523:16:8 8
252 553 844:19:7 8 4
89 351:5:1 4
20 343 398:18:4 5 9
483 596 734:7:5 1 1
364 847 869:17:7 5 5
139 550:11:1 10
143 844:6:2 4
187 762 850:10:3 3 4
218 359:14:9 5
596 807:4:1 3
33 82 324:14:3 3 8
581 750:8:5 3
307 804 856:14:4 5 5
518 524 889:14:6 7 1
870 918:8:6 2
354 506 826:17:4 8 5
397 879:15:9 6
335 386 775:18:6 10 2
346 833:10:4 6
390 524:17:10 7
406 589 850:10:1 5 4
374 556 581:22:7 10 5
328 524 869:18:6 7 5
288 614 771:11:5 3 3
221 328:14:8 6
547 631:14:10 4
108 288 553:14:1 5 8
353 449:4:3 1
202 406:12:11 1
260 343 364:20:8 5 7
12 771 917:7:2 3 2
354 593 876:10:4 1 5
467 531 602:17:4 10 3
317 800 889:11:4 6 1
89 867:6:1 5
288 547:15:5 10
279 547:15:5 10
800 856:11:6 5
218 370 398:27:9 9 9
707 889 896:4:2 1 1
43 202 799:18:3 11 4
332 491:14:8 6
260 379 889:17:8 8 1
219 328 547:25:9 6 10
288 351 870:15:5 4 6
553 889:9:8 1
187 750:6:3 3
272 547 596:18:7 10 1
398 827 856:20:9 6 5
523 589:13:8 5
46 229 406:13:2 10 1
390 833:16:10 6
317 382:13:4 9
614 741 898:9:3 4 2
332 857:14:8 6
573 844:8:4 4
139 288 898:8:1 5 2
311 425 587:8:3 1 4
475 589:8:3 5
12 483:7:2 5
195 596 824:8:3 1 4
33 68 398:14:3 2 9
596 762:4:1 3
406 631 734:6:1 4 1
623 649 860:17:6 6 5
553 898:10:8 2
398 483 968:18:9 5 4
142 195:4:1 3
876 968:9:5 4
374 870:13:7 6
78 317 573:11:3 4 4
82 370 406:13:3 9 1
252 351:11:7 4
166 707 800:13:5 2 6
467 596 949:8:4 1 3
122 596:3:2 1
687 791:6:2 4
335 856 968:15:6 5 4
583 771 775:10:5 3 2
569 730:4:3 1
142 221 827:15:1 8 6
229 310 364:20:10 3 7
596 649:7:1 6
68 260:10:2 8
252 779 860:15:7 3 5
593 896:2:1 1
20 587:8:4 4
195 775 860:10:3 2 5
82 108:4:3 1
491 734 775:9:6 1 2
143 209:11:2 9
491 583:11:6 5
122 824 949:9:2 4 3
480 900:8:6 2
566 915:6:3 3
221 870:14:8 6
187 799:7:3 4
108 406:2:1 1
614 618 847:11:3 3 5
142 364 573:12:1 7 4
272 566 795:14:7 3 4
260 346:12:8 4
307 523:12:4 8
364 386:17:7 10
187 379:11:3 8
353 800 867:14:3 6 5
139 571:5:1 4
592 857:8:2 6
252 323 354:18:7 7 4
550 790:15:10 5
272 583 687:14:7 5 2
221 876:13:8 5
142 467:5:1 4
390 618 707:15:10 3 2
324 359:13:8 5
515 775:8:6 2
335 730 815:10:6 1 3
382 549 581:22:9 8 5
221 550 807:21:8 10 3
510 791:10:6 4
317 335 860:15:4 6 5
12 566 804:10:2 3 5
335 687 860:13:6 2 5
593 849 889:6:1 4 1
195 623 898:11:3 6 2
354 707 809:10:4 2 4
553 968:12:8 4
43 307 549:15:3 4 8
89 346 799:9:1 4 4
359 904:8:5 3
631 889 900:7:4 1 2
78 143 549:13:3 2 8
491 631:10:6 4
265 279 311:15:7 5 3
311 397 849:16:3 9 4
219 850 870:19:9 4 6
332 856:13:8 5
122 317 531:16:2 4 10
491 512:12:6 6
307 335 725:11:4 6 1
279 510 847:16:5 6 5
550 687:12:10 2
618 900:5:3 2
359 510 750:14:5 6 3
506 571 847:17:8 4 5
218 398 762:21:9 9 3
343 491 741:15:5 6 4
195 221 390:21:3 8 10
82 779 896:7:3 3 1
359 895:7:5 2
397 449 646:15:9 1 5
218 649 800:21:9 6 6
46 335 483:13:2 6 5
376 587 750:16:9 4 3
379 483 712:15:8 5 2
12 734:3:2 1
82 374 784:15:3 7 5
510 524 649:19:6 7 6
335 896:7:6 1
122 229 800:18:2 10 6
815 968:7:3 4
310 573 949:10:3 4 3
374 397 518:22:7 9 6
272 382:16:7 9
219 827 856:20:9 6 5
550 750:13:10 3
480 824:10:6 4
374 775:9:7 2
324 354 480:18:8 4 6
218 406 815:13:9 1 3
310 762:6:3 3
288 364 791:16:5 7 4
78 195:6:3 3
143 449:3:2 1
299 475:7:4 3
272 809:11:7 4
279 750 791:12:5 3 4
20 324 569:15:4 8 3
43 596 614:7:3 1 3
354 506 807:15:4 8 3
343 370 850:18:5 9 4
618 849:7:3 4
583 849:9:5 4
531 800:16:10 6
221 506 566:19:8 8 3
166 252 523:20:5 7 8
67 449 904:7:3 1 3
550 896:11:10 1
556 860:15:10 5
343 515 581:16:5 6 5
142 569 895:6:1 3 2
216 398 827:26:11 9 6
328 583 867:16:6 5 5
390 809:14:10 4
483 618:8:5 3
166 382:14:5 9
139 324 592:11:1 8 2
583 771:8:5 3
252 646:12:7 5
351 734:5:4 1
166 847:10:5 5
20 202 898:17:4 11 2
219 771 915:15:9 3 3
67 712:5:3 2
288 581:10:5 5
142 397:10:1 9
67 108 449:5:3 1 1
346 968:8:4 4
311 328 762:12:3 6 3
195 218 364:19:3 9 7
209 553 824:21:9 8 4
687 799:6:2 4
390 406 833:17:10 1 6
587 860:9:4 5
229 332 406:19:10 8 1
386 547 784:25:10 10 5
187 449 807:7:3 1 3
317 323 518:17:4 7 6
397 707:11:9 2
343 407 618:10:5 2 3
142 425 750:5:1 1 3
142 288:6:1 5
614 915:6:3 3
78 549:11:3 8
218 741 779:16:9 4 3
219 332 631:21:9 8 4
428 791:6:2 4
335 809:10:6 4
33 310 844:10:3 3 4
784 795:9:5 4
364 467:11:7 4
68 779:5:2 3
166 218 730:15:5 9 1
272 353:10:7 3
491 857:12:6 6
218 272 918:18:9 7 2
202 219 712:22:11 9 2
209 569 573:16:9 3 4
12 406:3:2 1
379 809 900:14:8 4 2
374 895 917:11:7 2 2
573 631:8:4 4
324 491:14:8 6
324 791:12:8 4
229 407:12:10 2
328 550:16:6 10
784 869 898:12:5 5 2
712 744:5:2 3
122 824 856:11:2 4 5
804 850:9:5 4
332 370 800:23:8 9 6
614 809:7:3 4
734 750:4:1 3
553 602:11:8 3
46 324:10:2 8
317 475 523:15:4 3 8
649 775:8:6 2
307 573 860:13:4 4 5
398 475 631:16:9 3 4
12 43 623:11:2 3 6
68 566 827:11:2 3 6
762 847:8:3 5
506 631 917:14:8 4 2
43 790 896:9:3 5 1
108 847:6:1 5
583 734:6:5 1
397 949:12:9 3
221 324 449:17:8 8 1
108 370 896:11:1 9 1
343 510 553:19:5 6 8
221 549:16:8 8
122 583:7:2 5
139 143 618:6:1 2 3
252 343:12:7 5
779 968:7:3 4
775 826:7:2 5
202 265 515:24:11 7 6
307 547 800:20:4 10 6
483 618 827:14:5 3 6
12 279 833:13:2 5 6
547 640:15:10 5
640 744 800:14:5 3 6
219 506:17:9 8
328 353:9:6 3
524 587:11:7 4
583 712:7:5 2
354 390 687:16:4 10 2
78 741 844:11:3 4 4
229 506:18:10 8
307 364:11:4 7
46 229 725:13:2 10 1
265 734:8:7 1
506 879:14:8 6
166 343 475:13:5 5 3
307 343:9:4 5
46 122 566:7:2 2 3
219 518:15:9 6
467 571 646:13:4 4 5
89 139 790:7:1 1 5
324 602 791:15:8 3 4
406 750:4:1 3
20 480 784:15:4 6 5
346 856 870:15:4 5 6
556 869:15:10 5
142 790:6:1 5
33 428 827:11:3 2 6
252 406 513:14:7 1 6
20 108:5:4 1
166 354 449:10:5 4 1
67 82 553:14:3 3 8
310 640:8:3 5
122 370 791:15:2 9 4
553 799:12:8 4
512 592 807:11:6 2 3
379 518 623:20:8 6 6
272 335 374:20:7 6 7
771 918:5:3 2
288 324:13:5 8
382 483:14:9 5
351 515 623:16:4 6 6
324 346 425:13:8 4 1
523 784:13:8 5
67 827:9:3 6
139 531 734:12:1 10 1
202 815:14:11 3
407 449 889:4:2 1 1
589 833 895:13:5 6 2
353 869:8:3 5
260 799 869:17:8 4 5
221 712:10:8 2
512 784:11:6 5
513 744 949:12:6 3 3
571 744 807:10:4 3 3
43 581 968:12:3 5 4
272 712:9:7 2
218 335:15:9 6
299 833:10:4 6
46 166 844:11:2 5 4
524 896:8:7 1
252 602 857:16:7 3 6
139 374 618:11:1 7 3
216 900 918:15:11 2 2
725 917:3:1 2
646 771:8:5 3
549 904:11:8 3
390 649 876:21:10 6 5
20 354 398:17:4 4 9
202 571 856:20:11 4 5
33 775 869:10:3 2 5
359 844:9:5 4
449 491 857:13:1 6 6
425 849 904:8:1 4 3
68 108 491:9:2 1 6
425 491:7:1 6
523 712 904:13:8 2 3
569 573 856:12:3 4 5
583 649 707:13:5 6 2
43 346:7:3 4
143 826:7:2 5
142 531 646:16:1 10 5
265 869:12:7 5
195 631 800:13:3 4 6
219 265 512:22:9 7 6
407 523 779:13:2 8 3
618 707:5:3 2
397 573:13:9 4
272 370 744:19:7 9 3
89 553:9:1 8
518 898:8:6 2
475 775:5:3 2
272 741:11:7 4
800 824:10:6 4
279 510 623:17:5 6 6
515 556 589:21:6 10 5
43 623 896:10:3 6 1
67 849:7:3 4
43 397:12:3 9
547 876:15:10 5
795 809 915:11:4 4 3
506 614 896:12:8 3 1
139 353:4:1 3
229 649 867:21:10 6 5
78 425:4:3 1
483 824 896:10:5 4 1
12 374 795:13:2 7 4
374 879:13:7 6
218 428:11:9 2
216 307:15:11 4
491 524 750:16:6 7 3
730 867:6:1 5
310 480 856:14:3 6 5
78 968:7:3 4
596 856:6:1 5
382 775:11:9 2
359 531 571:19:5 10 4
12 260 550:20:2 8 10
67 379:11:3 8
323 649 687:15:7 6 2
166 265 741:16:5 7 4
218 581 949:17:9 5 3
335 406:7:6 1
218 260 741:21:9 8 4
376 556:19:9 10
195 553 571:15:3 8 4
229 346 876:19:10 4 5
288 406:6:5 1
216 571 725:16:11 4 1
218 364 918:18:9 7 2
209 307 571:17:9 4 4
323 918:9:7 2
649 762 850:13:6 3 4
397 483 815:17:9 5 3
550 869:15:10 5
187 596 807:7:3 1 3
374 550:17:7 10
491 631 856:15:6 4 5
491 744 779:12:6 3 3
623 725 856:12:6 1 5
646 833:11:5 6
324 779 904:14:8 3 3
359 571:9:5 4
370 857:15:9 6
379 386 744:21:8 10 3
376 744 784:17:9 3 5
398 867:14:9 5
566 712 847:10:3 2 5
33 143 260:13:3 2 8
307 317 826:13:4 4 5
299 425:5:4 1
512 904 915:12:6 3 3
856 857:11:5 6
12 549 556:20:2 8 10
324 467:12:8 4
310 386 847:18:3 10 5
547 815:13:10 3
614 879:9:3 6
374 968:11:7 4
272 376:16:7 9
531 856 857:21:10 5 6
346 406 631:9:4 1 4
216 795:15:11 4
279 569 593:9:5 3 1
515 734:7:6 1
122 483 800:13:2 5 6
310 506 917:13:3 8 2
512 741 791:14:6 4 4
556 876:15:10 5
515 592 826:13:6 2 5
82 867:8:3 5
311 583 589:13:3 5 5
328 513 553:20:6 6 8
346 869:9:4 5
288 553:13:5 8
139 573 879:11:1 4 6
398 640 646:19:9 5 5
288 428:7:5 2
359 480 804:16:5 6 5
89 166 750:9:1 5 3
523 750 799:15:8 3 4
187 386 407:15:3 10 2
386 750:13:10 3
216 762 784:19:11 3 5
272 382 860:21:7 9 5
359 425:6:5 1
142 307:5:1 4
324 592 800:16:8 2 6
209 483:14:9 5
602 826 844:12:3 5 4
