317 416:6:4 2
231 385:17:8 9
887 921:3:2 1
349 472 905:10:3 4 3
145 256 917:10:1 7 2
482 825:11:5 6
234 447:11:9 2
277 490:13:7 6
88 175 563:9:2 3 4
310 658:10:3 7
420 855:7:2 5
310 862:8:3 5
490 907:9:6 3
66 69 197:6:1 1 4
203 262:16:10 6
138 206 460:14:2 9 3
227 482:15:10 5
17 36 104:7:2 4 1
81 257 901:12:2 8 2
367 482 754:16:7 5 4
754 874:9:4 5
173 399:14:4 10
69 78:4:1 3
69 251:10:1 9
446 485:6:1 5
254 256 446:16:8 7 1
90 101 917:7:3 2 2
337 732:8:6 2
127 176 643:10:1 5 4
61 317 905:8:1 4 3
104 246 658:15:1 7 7
23 70:3:2 1
367 725 974:10:7 1 2
173 277:11:4 7
50 447:6:4 2
51 246 638:14:3 7 4
213 482 900:17:10 5 2
294 750:9:6 3
36 192 563:12:4 4 4
56 442 903:6:2 1 3
317 658:11:4 7
367 905:10:7 3
55 433:4:2 2
107 754 862:10:1 4 5
107 482:6:1 5
31 42 643:12:4 4 4
43 158 794:13:3 5 5
328 475 514:15:6 3 6
299 406 507:13:4 1 8
95 687:4:2 2
430 470 643:9:1 4 4
51 91 328:11:3 2 6
104 832:5:1 4
450 455 499:11:2 4 5
329 780 861:14:6 2 6
37 64 899:7:4 1 2
401 505 638:13:2 7 4
163 223 317:16:3 9 4
382 474 901:14:9 3 2
166 254:13:5 8
382 383:19:9 10
17 314 472:8:2 2 4
907 920:6:3 3
101 127 166:8:2 1 5
293 299:9:5 4
380 442 888:12:9 1 2
23 36 138:8:2 4 2
485 920:8:5 3
90 977:6:3 3
105 479:7:1 6
187 354 433:9:3 4 2
84 388 447:13:3 8 2
99 750 905:7:1 3 3
122 406:3:2 1
349 475:6:3 3
213 337:16:10 6
31 482 563:13:4 5 4
50 84:7:4 3
39 474:7:4 3
294 855:11:6 5
64 95 308:5:1 2 2
56 321:8:2 6
15 203 909:15:3 10 2
181 187:6:3 3
169 381:15:5 10
479 888 920:11:6 2 3
78 328:9:3 6
84 310:6:3 3
127 175:4:1 3
23 726:3:2 1
238 368 633:23:10 9 4
62 348:6:1 5
238 451 890:15:10 4 1
470 780:6:4 2
329 909:8:6 2
84 138 354:9:3 2 4
287 912:8:6 2
380 408 472:15:9 2 4
174 385 563:16:3 9 4
104 754:5:1 4
173 825 909:12:4 6 2
51 794:8:3 5
39 197 380:17:4 4 9
288 849 878:15:5 4 6
160 288:10:5 5
81 234:11:2 9
37 81 302:8:4 2 2
122 447 474:7:2 2 3
187 383 430:14:3 10 1
105 277:8:1 7
248 314 490:17:9 2 6
399 433:12:10 2
389 769:12:9 3
197 382:13:4 9
64 66 256:9:1 1 7
66 246 254:16:1 7 8
223 514 658:22:9 6 7
238 794 894:17:10 5 2
231 283:13:8 5
88 442 963:6:2 1 3
285 337:12:6 6
16 256 633:13:2 7 4
104 169 361:13:1 5 7
400 900:10:8 2
206 475:12:9 3
91 299:6:2 4
383 638:14:10 4
310 406 499:9:3 1 5
329 381 903:19:6 10 3
36 283 658:16:4 5 7
514 750 894:11:6 3 2
215 963:12:9 3
37 163 849:11:4 3 4
221 368:17:8 9
72 726:4:3 1
349 382 408:14:3 9 2
401 450 491:10:2 2 6
127 490:7:1 6
223 899:11:9 2
293 299:9:5 4
638 794:9:4 5
256 293 295:18:7 5 6
221 754 974:14:8 4 2
203 328:16:10 6
221 372 754:20:8 8 4
251 293:14:9 5
515 527:13:6 7
55 455 873:11:2 4 5
50 633 900:10:4 4 2
78 158 769:11:3 5 3
163 658:10:3 7
51 446 482:9:3 1 5
438 907:4:1 3
37 901 977:9:4 2 3
55 84 455:9:2 3 4
101 855:7:2 5
248 974:11:9 2
81 169:7:2 5
277 446:8:7 1
70 754:5:1 4
31 878:10:4 6
786 878 901:12:4 6 2
206 288:14:9 5
69 348 888:8:1 5 2
213 294:16:10 6
173 231:12:4 8
84 446 475:7:3 1 3
163 359:8:3 5
31 294:10:4 6
104 210:11:1 10
234 491:15:9 6
223 238:19:9 10
148 174 862:9:1 3 5
420 482 786:11:2 5 4
321 579 874:15:6 4 5
174 472 862:12:3 4 5
72 337:9:3 6
15 725 901:6:3 1 2
298 382 977:17:5 9 3
91 221 283:15:2 8 5
215 769:12:9 3
273 479 786:15:5 6 4
288 477:10:5 5
190 251 769:17:5 9 3
70 403 935:4:1 1 2
203 288 633:19:10 5 4
243 499:12:7 5
158 294:11:5 6
499 725:6:5 1
270 273:12:7 5
223 887:11:9 2
122 174 861:11:2 3 6
88 262:8:2 6
450 643 974:8:2 4 2
223 294 900:17:9 6 2
69 507:9:1 8
39 909:6:4 2
293 460 920:11:5 3 3
479 485 563:15:6 5 4
197 227 894:16:4 10 2
472 977:7:4 3
16 83 95:5:2 1 2
16 69 310:6:2 1 3
192 263 920:14:4 7 3
181 257 298:16:3 8 5
99 104 254:10:1 1 8
173 262 337:16:4 6 6
62 137:3:1 2
69 321 359:12:1 6 5
323 861:13:7 6
173 367:11:4 7
210 890:11:10 1
328 361:13:6 7
295 298:11:6 5
514 832:10:6 4
37 64:5:4 1
176 505:12:5 7
43 117:4:3 1
42 91 527:13:4 2 7
254 455:12:8 4
238 442:11:10 1
64 285 874:12:1 6 5
460 974:5:3 2
354 399 491:20:4 10 6
248 472:13:9 4
321 485:11:6 5
166 380:14:5 9
354 732:6:4 2
901 977:5:2 3
321 505:13:6 7
15 271 477:14:3 6 5
197 238 293:19:4 10 5
227 389:19:10 9
254 477 909:15:8 5 2
72 430 780:6:3 1 2
257 563 780:14:8 4 2
99 901:3:1 2
16 403 475:6:2 1 3
515 621 905:13:6 4 3
368 861:15:9 6
15 382:12:3 9
238 453:14:10 4
117 349 430:5:1 3 1
173 359 726:10:4 5 1
243 470:11:7 4
50 257 273:17:4 8 5
66 117 726:3:1 1 1
99 308 873:8:1 2 5
163 246 901:12:3 7 2
127 475 912:6:1 3 2
138 862:7:2 5
271 420:8:6 2
137 416 430:5:2 2 1
337 888:8:6 2
64 173 909:7:1 4 2
505 563:11:7 4
380 485:14:9 5
50 187 323:14:4 3 7
78 849:7:3 4
36 317 621:12:4 4 4
388 909 977:13:8 2 3
460 732:5:3 2
345 401:5:3 2
69 505 873:13:1 7 5
39 849:8:4 4
294 905:9:6 3
223 400 450:19:9 8 2
495 849:10:6 4
238 287 381:26:10 6 10
160 210 442:16:5 10 1
295 317 732:12:6 4 2
238 490 638:20:10 6 4
55 299 633:10:2 4 4
401 643 899:8:2 4 2
383 855:15:10 5
175 181:6:3 3
138 173 243:13:2 4 7
174 750 901:8:3 3 2
138 380:11:2 9
174 176:8:3 5
482 514 579:15:5 6 4
451 855 977:12:4 5 3
271 354 633:14:6 4 4
213 633:14:10 4
83 138 277:10:1 2 7
90 499:8:3 5
273 298 491:16:5 5 6
70 401 491:9:1 2 6
563 977:7:4 3
95 977:5:2 3
909 912:4:2 2
66 232 298:15:1 9 5
105 234:10:1 9
181 453:7:3 4
81 621 903:9:2 4 3
283 442 750:9:5 1 3
256 732:9:7 2
83 173 359:10:1 4 5
62 197:5:1 4
83 90 248:13:1 3 9
107 894:3:1 2
61 231 470:13:1 8 4
477 861 887:13:5 6 2
295 302 401:10:6 2 2
81 90 122:7:2 3 2
95 231 769:13:2 8 3
31 90 299:11:4 3 4
117 169:6:1 5
223 238:19:9 10
117 451 470:9:1 4 4
83 175 227:14:1 3 10
64 451:5:1 4
175 251:12:3 9
81 359 888:9:2 5 2
95 472 477:11:2 4 5
210 921:11:10 1
295 317:10:6 4
126 181 514:10:1 3 6
285 329:12:6 6
174 472 477:12:3 4 5
90 288 348:13:3 5 5
145 271 277:14:1 6 7
174 238 825:19:3 10 6
302 349:5:2 3
416 633:6:2 4
206 361 416:18:9 7 2
39 163 563:11:4 3 4
769 861 862:14:3 6 5
51 72 138:8:3 3 2
66 477 912:8:1 5 2
127 403 899:4:1 1 2
33 328:9:3 6
368 527:16:9 7
197 621 899:10:4 4 2
36 39 446:9:4 4 1
84 203 855:18:3 10 5
491 899:8:6 2
84 166 900:10:3 5 2
36 794 825:15:4 5 6
472 899:6:4 2
31 579:8:4 4
104 514 825:13:1 6 6
107 283 453:10:1 5 4
215 262:15:9 6
50 403:5:4 1
206 328:15:9 6
527 633 732:13:7 4 2
368 862:14:9 5
31 203:14:4 10
81 99:3:2 1
447 832:6:2 4
70 160:6:1 5
39 64 251:14:4 1 9
107 345 825:10:1 3 6
474 861:9:3 6
17 243 294:15:2 7 6
42 732:6:4 2
138 187 442:6:2 3 1
51 380:12:3 9
23 446:3:2 1
367 861:13:7 6
277 579 638:15:7 4 4
283 294 385:20:5 6 9
101 475 825:11:2 3 6
64 288 658:13:1 5 7
88 873 888:9:2 5 2
507 726:9:8 1
90 294:9:3 6
127 977:4:1 3
329 878:12:6 6
33 181 190:11:3 3 5
232 527:16:9 7
310 323 477:15:3 7 5
192 455 780:10:4 4 2
72 256 361:17:3 7 7
56 298 474:10:2 5 3
62 293 367:13:1 5 7
66 453:5:1 4
232 298 310:17:9 5 3
23 69 490:9:2 1 6
874 900:7:5 2
127 621 726:6:1 4 1
361 389 861:22:7 9 6
43 294 921:10:3 6 1
181 479:9:3 6
283 499:10:5 5
173 321 579:14:4 6 4
367 563:11:7 4
408 507 917:12:2 8 2
227 794:15:10 5
470 499:9:4 5
91 270 470:13:2 7 4
23 769:5:2 3
213 455:14:10 4
283 337:11:5 6
72 750 888:8:3 3 2
81 175:5:2 3
257 438:9:8 1
328 935:8:6 2
321 900:8:6 2
256 359 401:14:7 5 2
61 447:3:1 2
323 406:8:7 1
361 460:10:7 3
251 337 912:17:9 6 2
192 234 825:19:4 9 6
15 273 900:10:3 5 2
451 754:8:4 4
192 400 935:14:4 8 2
78 248 514:18:3 9 6
55 385 855:16:2 9 5
215 499:14:9 5
117 238 687:13:1 10 2
84 638:7:3 4
367 894:9:7 2
408 905:5:2 3
337 563:10:6 4
72 579 849:11:3 4 4
173 380:13:4 9
169 181:8:5 3
302 380 887:13:2 9 2
148 321 909:9:1 6 2
169 769:8:5 3
215 894:11:9 2
176 248 621:18:5 9 4
90 638:7:3 4
158 321 888:13:5 6 2
293 633:9:5 4
400 888:10:8 2
17 197 231:14:2 4 8
17 505:9:2 7
15 55 453:9:3 2 4
169 345:8:5 3
105 754:5:1 4
61 900:3:1 2
64 69:2:1 1
33 861:9:3 6
287 786 894:12:6 4 2
213 243 900:19:10 7 2
148 197 257:13:1 4 8
83 894:3:1 2
323 527 874:19:7 7 5
314 878:8:2 6
101 248:11:2 9
460 563:7:3 4
223 323 399:26:9 7 10
72 935:5:3 2
15 450:5:3 2
181 213 381:23:3 10 10
99 287 472:11:1 6 4
107 447:3:1 2
328 430 658:14:6 1 7
175 420 643:9:3 2 4
725 878 905:10:1 6 3
16 321 905:11:2 6 3
158 174 215:17:5 3 9
62 192 453:9:1 4 4
477 579:9:5 4
223 416:11:9 2
15 39:7:3 4
323 903:10:7 3
50 206 215:22:4 9 9
105 900:3:1 2
15 406:4:3 1
84 215:12:3 9
248 430:10:9 1
213 825:16:10 6
158 192:9:5 4
173 314 406:7:4 2 1
17 126 900:5:2 1 2
17 430:3:2 1
213 354 855:19:10 4 5
127 163 197:8:1 3 4
317 495:10:4 6
70 974:3:1 2
277 754:11:7 4
169 298 323:17:5 5 7
270 299:11:7 4
15 210:13:3 10
70 294 890:8:1 6 1
321 732 754:12:6 2 4
81 145:3:2 1
15 849 905:10:3 4 3
389 433:11:9 2
107 367:8:1 7
69 192 294:11:1 4 6
101 337:8:2 6
638 974:6:4 2
169 408 442:8:5 2 1
122 361:9:2 7
90 323 621:14:3 7 4
16 408:4:2 2
84 262 367:16:3 6 7
17 39 974:8:2 4 2
16 101 909:6:2 2 2
55 310:5:2 3
163 262 383:19:3 6 10
293 878:11:5 6
754 977:7:4 3
105 246:8:1 7
