574 932 945:11:6 1 4
525 869:17:7 10
311 458:6:3 3
650 733 876 975:21:6 4 5 6
16 65 542 902:16:2 1 10 3
31 335 476 839:31:8 12 5 6
5 88 690:20:8 4 8
86 261 748 912:24:3 7 10 4
577 825:16:4 12
298 919:9:5 4
717 920:4:1 3
54 999:12:6 6
75 407 430 580:13:4 2 2 5
16 341 420:8:2 4 2
12 62 104 477:15:2 1 2 10
135 196 777 828:19:2 10 2 5
1 218 277:28:3 18 7
404 929:3:2 1
219 453:22:18 4
304 337 396 901:21:4 6 9 2
16 249 616 653:30:4 14 2 10
139 496 589 903:22:2 12 5 3
626 884:6:4 2
645 792:15:10 5
81 432 619:5:2 1 2
262 525:19:12 7
431 893 991:10:4 4 2
71 130 234 491:21:2 4 9 6
17 71 276 422:13:4 2 5 2
289 378:13:4 9
142 462 976:8:2 3 3
487 999:18:12 6
22 613:6:4 2
319 776:4:2 2
78 464:9:6 3
133 744 786 857:27:1 6 8 12
932 954:7:1 6
15 587 640:19:6 8 5
74 83 93 658:23:1 2 6 14
595 733 784:18:4 4 10
86 527 532 805:37:3 14 16 4
236 739:14:10 4
262 498 685 981:27:12 10 2 3
174 208 531 627:53:3 20 20 10
257 415 693:15:8 1 6
225 394:25:9 16
138 509:10:4 6
66 174 284 890:19:1 6 10 2
424 901:6:2 4
323 757 911 914:25:14 6 2 3
43 623 955:24:6 12 6
20 578 661 855:25:8 6 6 5
828 900:12:10 2
49 860:11:6 5
549 646:18:8 10
203 205 487 893:45:20 11 12 2
38 184 232 755:37:4 5 18 10
90 230 421 992:22:6 8 4 4
641 972:12:6 6
515 583 675 963:32:6 10 10 6
766 945:4:2 2
400 986:18:16 2
269 329 854 998:24:6 12 4 2
351 432 564:17:8 1 8
875 948:11:5 6
178 546:16:6 10
153 529 987:25:6 16 3
450 540:13:4 9
527 574 915 993:29:14 3 6 6
145 558 925:13:2 9 2
118 516 549:18:4 6 8
46 411 529 558:29:2 2 16 9
470 552:28:8 20
253 485 505:33:9 10 14
112 325 538:25:2 14 9
133 742 840:9:1 3 5
13 233:28:8 20
251 364 511 635:46:18 7 16 5
203 544 742 962:47:20 18 3 6
164 210 552 631:27:3 10 10 4
356 643 876 989:27:10 4 10 3
200 839:9:3 6
136 771:7:1 6
100 446 903:10:6 1 3
644 717 864:11:4 1 6
367 713 888 1000:15:7 2 2 4
109 494:6:1 5
528 583 629 991:27:8 5 12 2
177 209:15:6 9
64 98 138 594:8:1 2 4 1
437 479 528:24:4 12 8
14 383 650 741:26:2 10 6 8
369 380 792:30:16 9 5
525 856:17:7 10
866 914:13:10 3
350 599 820 870:21:6 6 3 6
137 338 982:18:4 8 6
190 212 766:25:10 11 4
11 104 973:9:4 2 3
307 346 695:14:8 4 2
79 399 510 528:33:1 10 6 16
111 631:8:4 4
52 412 517:18:3 1 14
257 265:30:16 14
426 521 534 554:33:2 12 10 9
164 396 484:27:3 18 6
292 431 507:32:12 4 16
277 293 495 677:35:7 10 12 6
44 600:7:4 3
55 323 400 984:29:2 7 16 4
440 762:10:4 6
47 536:18:2 16
252 883:9:7 2
121 209 428 467:21:2 9 2 8
144 454 696:12:2 6 4
373 430 597 713:13:9 1 1 2
117 516 978:20:2 12 6
625 717 769:10:5 2 3
255 515:13:7 6
10 63 266 278:20:3 6 5 6
285 555:16:6 10
165 241 564 647:40:6 18 8 8
347 352:12:8 4
123 867:11:1 10
265 435 801:21:14 2 5
676 908:18:12 6
189 800 817 895:30:8 12 8 2
81 86 557:28:4 6 18
10 837 893:13:3 8 2
84 312 619 734:15:6 3 4 2
367 682:20:14 6
331 750:18:12 6
313 543 868:31:3 18 10
529 775 980:20:16 2 2
25 373 706:26:4 18 4
378 400 578 861:26:9 8 3 6
289 930 965:9:4 2 3
23 163 303 582:17:2 6 6 3
84 281 786:15:3 8 4
650 676:12:6 6
252 433 669 882:31:14 4 12 1
346 359 873:24:4 10 10
551 764 870:16:8 2 6
4 358 872 928:23:6 10 6 1
11 371 751 867:27:8 8 6 5
167 794:13:3 10
210 399 436:42:20 20 2
118 316 776:7:2 4 1
470 808:12:8 4
112 321:8:2 6
223 242 603:36:18 16 2
288 979:11:5 6
562 642 883:20:8 8 4
351 561 686:14:4 4 6
51 138 223:26:6 2 18
12 244 957 977:31:4 18 3 6
162 432 621 957:17:5 2 4 6
876 950 994:13:5 6 2
586 829:8:4 4
890 919:3:1 2
277 361:21:14 7
85 480 601 802:22:3 12 2 5
94 713:3:1 2
424 557:19:1 18
319 324 416:16:4 8 4
69 77 369 756:24:1 4 16 3
125 676 848 900:28:2 12 12 2
301 578:10:4 6
916 931:4:3 1
386 553 643:44:20 16 8
90 194 263 695:21:6 6 7 2
281 482 577:26:8 10 8
105 145:2:1 1
184 185 646 749:22:5 6 5 6
93 103 233 744:27:3 1 20 3
75 350 830:13:2 3 8
727 888:6:2 4
16 423 638:14:2 4 8
19 267 543 624:41:6 14 9 12
109 387 452 571:22:2 8 4 8
163 260 754 825:33:3 16 8 6
203 529 754 756:25:10 8 4 3
251 490:30:18 12
94 370 955:17:2 9 6
139 245 775:13:2 9 2
343 616 884 982:14:5 4 2 3
247 373 815 982:26:8 9 3 6
33 185 414:11:3 6 2
607 660 822 869:23:3 7 8 5
34 147 541:27:6 1 20
345 533:23:3 20
341 582:7:4 3
149 413 700 851:15:2 4 4 5
639 724 982:18:10 2 6
910 930 992:12:6 2 4
118 339 539 991:32:4 16 8 4
304 769:14:8 6
313 330 806 853:22:6 8 4 4
515 956:16:12 4
108 539 734:19:2 16 1
71 963:10:4 6
169 228 671 870:31:5 9 5 12
127 134 856 967:17:2 2 10 3
25 177 307 333:30:4 6 4 16
366 730:8:7 1
32 466 985:14:4 6 4
147 484 838:18:1 12 5
61 201 324 982:25:2 9 8 6
207 574 738 963:18:11 3 1 3
321 770 884:12:6 2 4
456 735 840:10:3 2 5
315 941:5:3 2
186 242 763:28:10 16 2
119 537 605 969:18:1 10 3 4
136 660 696:17:1 14 2
76 541 544:31:3 10 18
257 434 583 868:25:8 2 5 10
184 286:11:5 6
35 984:10:6 4
512 976:9:6 3
570 838:16:6 10
33 496 530 846:26:3 12 6 5
241 447 452 697:27:9 4 8 6
227 595 618 928:27:20 2 3 2
54 460 587 755:18:6 3 4 5
446 509 516 872:31:1 12 6 12
183 994:5:3 2
319 436:6:2 4
272 539 791 843:35:14 8 8 5
164 255 509:29:3 14 12
374 479 739:15:7 6 2
616 810 819:12:4 3 5
4 41 247 798:32:3 3 16 10
79 306 435 484:14:2 4 2 6
566 930:7:3 4
89 233 373:31:2 20 9
165 413:7:3 4
734 944 969 1000:13:1 6 2 4
51 388 845:26:6 8 12
189 857:16:4 12
220 410:24:22 2
458 502 642:19:3 12 4
49 75 393 430:25:3 4 16 2
187 269 525 794:30:6 12 7 5
59 158 772:11:4 5 2
21 123 911 993:16:4 2 4 6
263 334 830:30:14 8 8
42 193 245 501:24:4 3 9 8
421 435 491:16:2 2 12
151 387 463 695:32:8 16 4 4
396 530:24:18 6
300 380:19:10 9
42 921:6:4 2
12 795 819 875:22:4 8 5 5
126 384 836 949:34:1 18 12 3
402 505:15:1 14
292 337 510:24:6 12 6
207 487 827:29:11 12 6
96 351 795 994:18:2 8 4 4
316 567 740 928:13:2 6 4 1
279 415:11:10 1
308 600 920:16:4 6 6
25 37:12:4 8
269 305 580:23:12 6 5
32 350 372 984:17:4 3 8 2
66 70 283 426:18:2 2 10 4
140 869:12:2 10
22 370 485:22:8 9 5
265 711:8:7 1
1 4 404 557:29:3 6 2 18
107 355 971:8:2 3 3
161 197 406 721:20:10 8 1 1
293 301 379 425:30:5 8 16 1
183 333 747:15:3 8 4
745 970:9:3 6
525 708 831:23:14 4 5
423 494 947 950:22:4 10 2 6
402 733 792 860:26:2 4 10 10
342 931:5:4 1
129 431 661 747:16:2 4 6 4
299 637 698:11:4 5 2
600 733 854:15:3 4 8
259 647 693:29:18 8 3
162 754:9:5 4
293 366:19:5 14
28 903 991:14:4 6 4
317 450:10:8 2
418 633 766:11:1 8 2
151 290 865 947:26:8 10 6 2
124 156 444:10:2 6 2
148 281 583 641:26:2 8 10 6
206 494:28:18 10
8 53 66 156:9:3 2 1 3
144 496 852:20:2 6 12
360 425:6:4 2
564 632:20:8 12
298 944:11:5 6
49 181 769 904:12:3 3 3 3
25 368 808:28:2 18 8
216 971:25:22 3
540 826:19:9 10
316 409 507 868:26:4 4 8 10
639 985 998:9:5 2 2
332 398:34:16 18
461 642 656:30:8 8 14
676 991:10:6 4
219 343 794:19:9 5 5
134 312 560 711:18:2 6 9 1
147 382:11:2 9
10 23 410:9:6 2 1
551 819 912:15:8 5 2
69 604 809:11:1 2 8
225 419 512:23:9 2 12
188 330 400 965:37:10 8 16 3
57 218 353 632:29:2 18 3 6
447 465 726 798:20:2 6 2 10
555 587 616:20:10 8 2
48 291 608:14:4 6 4
263 337 480 789:42:14 6 12 10
130 948:8:2 6
192 912:6:4 2
258 524:22:8 14
40 950:12:6 6
213 358 465 873:38:20 10 3 5
76 245 664:30:6 18 6
74 865:8:2 6
68 156 860 992:17:2 6 5 4
355 944:9:3 6
187 427:7:3 4
477 501 632 988:29:5 16 6 2
202 442 574 697:33:22 2 3 6
214 286 618 684:23:11 6 3 3
43 133 478 595:17:6 2 5 4
201 315 367 638:32:18 3 7 4
205 419 829:28:22 2 4
384 628 887:32:18 10 4
127 519:9:2 7
241 428 505 744:30:9 4 14 3
668 705:13:5 8
204 397 796:35:9 18 8
66 342 376 430:30:2 8 18 2
13 626 701 734:17:4 8 4 1
608 980:8:4 4
105 286 350:11:2 6 3
91 854:8:4 4
31 605 767:14:8 3 3
75 175 371:26:4 6 16
63 228 621 673:28:6 9 8 5
59 113 555 741:24:2 4 10 8
215 379 510 599:35:18 8 6 3
171 669:20:8 12
444 480:7:1 6
375 903 935:17:9 6 2
547 549 575:31:20 8 3
70 128 578 582:12:1 2 3 6
252 362 839:33:14 7 12
223 604:19:18 1
108 141 471 925:7:1 1 4 1
627 633 943:16:10 4 2
158 861:17:5 12
302 544:20:2 18
308 506:12:4 8
81 220 307:32:2 22 8
209 501 981:29:18 8 3
274 307 615 792:26:5 8 3 10
394 489 855:38:16 12 10
51 120 319:8:3 1 4
229 331 410 885:30:20 6 2 2
236 496 533:42:10 12 20
8 108 608:11:6 1 4
309 378 733 912:17:2 9 2 4
121 529 815:15:4 8 3
259 604:20:18 2
92 383 412 935:19:4 10 1 4
257 902:14:8 6
153 160 887:15:6 5 4
50 405 640:15:4 1 10
23 632 714 760:22:2 12 4 4
641 708 888:12:6 4 2
144 717 806:12:2 2 8
328 456:9:6 3
562 695 902:13:8 2 3
574 675 727:9:3 5 1
144 332 550:20:2 8 10
33 418 982:11:6 2 3
448 506 507 743:33:1 8 16 8
16 207 332 355:40:4 22 8 6
589 603 914:17:10 4 3
336 406 744:11:6 2 3
268 360 421 775:20:6 8 4 2
219 250 757:28:9 16 3
467 544 998:26:4 18 4
191 808:11:3 8
36 154 739 920:21:8 3 4 6
156 458 824:16:6 6 4
160 847:10:5 5
124 353 625 789:17:4 3 5 5
112 333 373 851:41:2 16 18 5
21 177 551:30:8 6 16
135 269 575:19:1 12 6
292 857:18:12 6
164 890 935:6:3 1 2
604 685 743 805:18:2 4 4 8
556 673 851:35:20 5 10
222 354 380 773:36:8 8 18 2
113 589 681 795:19:2 10 3 4
123 200 317 377:18:2 3 4 9
31 424:5:4 1
190 540 708:27:10 9 8
745 963:9:6 3
198 498:13:8 5
571 985:6:4 2
225 263 344:26:9 14 3
21 624 858:26:8 6 12
532 828:13:8 5
115 306:8:4 4
33 153 900:8:3 3 2
70 222 858:24:2 16 6
225 344 356:20:9 6 5
49 379 600:28:6 16 6
180 241 425 967:23:10 9 1 3
227 491 847:27:10 12 5
267 610 625 677:28:7 4 5 12
68 309:6:4 2
36 254 554 854:34:4 8 18 4
46 425:4:2 2
72 75 366 999:25:3 2 14 6
212 389 854:37:11 18 8
54 511:19:3 16
163 436:5:3 2
164 962:9:6 3
140 142 351:7:1 2 4
139 243:9:2 7
124 382 771:23:2 18 3
356 769:8:5 3
188 329 597:18:10 6 2
84 95 269 676:23:3 2 6 12
165 191 339 516:34:6 6 16 6
501 618 919:16:8 6 2
481 707:10:6 4
54 289 411 557:22:3 8 2 9
21 25 217 891:33:8 2 22 1
26 187 351:15:4 3 8
267 345:20:14 6
325 639 795:20:7 5 8
427 440 595 628:22:4 4 4 10
637 706:14:10 4
176 296 575 824:23:5 4 6 8
100 291 348 658:34:3 12 5 14
527 799 865:28:14 8 6
276 510 588:19:10 6 3
494 510 658:18:5 6 7
52 454 552:19:3 6 10
598 898:4:2 2
200 649 989:21:3 12 6
60 75 502 934:24:6 2 12 4
202 351 516 667:41:22 8 6 5
253 752 773 861:36:18 4 2 12
250 311 755:24:16 3 5
626 664 855:20:4 6 10
266 295:22:10 12
191 626 733:12:6 4 2
418 828 948:17:1 10 6
231 504 658:38:8 16 14
165 968:11:3 8
634 676:10:4 6
280 324 442 478:24:5 8 1 10
56 337 1000:14:4 6 4
59 342 835:14:4 4 6
37 68 99 500:16:4 4 2 6
373 595:20:18 2
72 348 408:18:6 10 2
545 658 932 935:28:9 14 1 4
81 125 440:10:4 2 4
513 569 661 875:28:6 6 6 10
187 825:9:3 6
280 565:18:10 8
43 60 468 746:18:3 3 6 6
259 973:12:9 3
276 476:15:10 5
511 587 848:22:8 8 6
48 419 631 943:12:4 2 4 2
18 393 413 486:26:8 8 4 6
252 926:18:14 4
23 123 312 344:15:2 1 6 6
35 95 855:18:6 2 10
210 448 690:30:20 2 8
24 639:16:6 10
92 467 784 834:32:4 8 10 10
77 233 304 793:36:2 20 4 10
232 306 616 829:30:18 4 4 4
353 437 825:16:6 4 6
408 943:6:2 4
62 445 511 597:19:1 1 16 1
348 753 800 819:40:10 8 12 10
418 558 575 712:24:1 18 3 2
23 282 522 814:33:4 12 12 5
507 691 857 978:36:16 2 12 6
50 621:16:8 8
24 451 571 584:29:3 8 8 10
10 308:7:3 4
390 746:23:20 3
526 551 593:33:16 16 1
153 319 415 852:12:3 2 1 6
88 999:5:2 3
22 59 501:24:4 4 16
640 744:16:10 6
878 962 991:16:6 6 4
453 878:20:8 12
229 562:18:10 8
350 451 851 972:18:6 4 5 3
364 620 747:25:14 3 8
374 491:13:7 6
49 697 761:7:3 3 1
46 362 608:15:4 7 4
22 428:10:8 2
157 696:7:3 4
227 296 841:22:10 8 4
4 255 300:25:6 14 5
318 373:22:4 18
116 167 178:10:4 3 3
559 964 972:27:16 8 3
272 371 517:37:7 16 14
23 304 309:10:4 4 2
196 293 468 535:46:10 10 6 20
407 514:8:2 6
113 253:22:4 18
40 318 570 941:19:3 8 6 2
152 947:7:3 4
446 576 981:8:1 4 3
249 798 986:26:14 10 2
345 557 592 878:20:3 9 2 6
75 249 319 820:16:4 7 2 3
193 860 880:13:3 5 5
36 770 863:11:4 1 6
168 485 665 971:35:10 5 14 6
7 118 630 716:22:6 2 12 2
190 668 756:21:5 10 6
286 606:12:6 6
68 85 191 258:26:4 3 3 16
643 672 698 730:25:8 12 4 1
421 504:12:4 8
29 50 120 260:32:6 8 2 16
607 663:8:3 5
12 512 682 825:29:2 12 3 12
44 80 556 944:21:2 3 10 6
231 447 916:23:16 4 3
53 360 895 959:15:1 8 2 4
30 39 248 981:23:3 8 9 3
351 919:6:4 2
185 294:12:6 6
206 448:10:9 1
173 896:10:8 2
388 582:14:8 6
315 486:9:3 6
344 872:12:6 6
297 402 555 926:29:4 1 20 4
111 382 747 965:33:4 18 8 3
251 805 848:25:9 4 12
116 258 824:24:4 16 4
591 620 705 984:18:4 6 4 4
148 266 414 509:19:1 5 1 12
214 287 331 593:42:22 6 12 2
31 269 932 942:23:4 12 1 6
390 571:24:20 4
2 722:7:3 4
282 481 520 654:31:6 6 14 5
183 475 766:16:6 6 4
248 408 576:21:9 4 8
129 208 614 632:30:2 10 6 12
559 776:10:8 2
37 60 101 379:31:8 3 4 16
382 467 908 931:26:18 4 3 1
31 104:5:4 1
357 545:14:5 9
353 741 893 935:18:6 4 4 4
247 597 656 942:31:16 2 7 6
435 480 649:19:1 12 6
270 494 926:21:14 5 2
135 369 375 622:41:1 16 18 6
287 431 518 869:38:12 4 12 10
48 83 121:8:4 2 2
153 434 583:10:3 2 5
303 319 671:18:6 2 10
4 12 173 971:14:3 4 4 3
117 975:4:1 3
341 457:8:4 4
50 344 746:13:4 6 3
39 567:14:8 6
822 854 987:11:4 4 3
309 315 507:21:2 3 16
162 469 633:15:5 6 4
42 427 858 990:20:4 2 12 2
530 566:12:6 6
249 269 796 817:38:14 12 8 4
122 522:8:2 6
250 896:18:16 2
204 374 378 498:30:9 7 9 5
93 743:14:6 8
384 668:28:18 10
257 667:26:16 10
275 575 920:23:14 3 6
46 258 394 663:36:2 8 16 10
120 388 653 740:19:2 8 5 4
97 961:7:1 6
207 298 485 865:54:22 10 10 12
215 658:32:18 14
13 123:9:8 1
802 856:10:5 5
479 500 614:24:12 6 6
265 363 432 449:18:7 8 1 2
93 645 874:13:3 5 5
421 632:14:2 12
304 592 982:14:4 4 6
37 136 485 839:26:8 1 5 12
724 754 798 981:18:1 4 10 3
317 839:14:8 6
173 477:18:8 10
343 917:9:5 4
96 388 561:14:2 8 4
668 696 828:19:5 4 10
209 439 474 676:31:18 1 6 6
141 561:6:2 4
219 907:21:18 3
451 686 895:12:4 6 2
124 169 375 438:18:2 5 9 2
362 994:9:7 2
668 763 920:18:10 2 6
480 838:22:12 10
335 717 752 959:21:12 1 4 4
34 82 368 564:32:3 3 18 8
230 325:22:8 14
61 141 849:11:1 2 8
108 350:7:1 6
191 768:5:3 2
323 388:23:7 16
46 311 463 913:20:2 6 8 4
269 857:18:12 6
98 176 352 544:23:1 5 8 9
310 453 990:11:3 4 4
426 984:4:2 2
293 300 872:26:10 10 6
74 426 887 931:10:2 4 2 2
65 233 512:24:2 10 12
299 410 560:27:8 1 18
47 344 703:11:4 3 4
8 54 638:17:3 6 8
31 244:22:4 18
8 30 369 963:23:6 3 8 6
412 849:6:2 4
277 396 806:36:14 18 4
547 593 982:15:10 2 3
8 385:15:6 9
808 982:10:4 6
315 650 887 968:23:3 12 4 4
388 731 838 962:31:16 2 10 3
63 541 603 741:33:3 20 2 8
175 347:10:6 4
128 457 873:16:2 4 10
342 394:24:8 16
137 319 446 611:7:2 2 1 2
494 621 663:28:10 8 10
20 93 133 215:17:4 3 1 9
84 850:11:3 8
285 757 993:21:12 6 3
278 538 618 822:29:6 9 6 8
179 232:12:3 9
420 679 913 921:13:2 6 4 1
63 525 776:15:6 7 2
205 325 693 733:37:22 7 6 2
756 767 867:17:6 6 5
453 463:8:4 4
251 408:11:9 2
426 887:4:2 2
178 624 747 948:25:3 12 4 6
74 358 658:18:1 10 7
76 497 874 879:31:3 12 10 6
5 64 373 375:42:4 2 18 18
615 831:11:6 5
12 407 568 749:22:2 4 10 6
67 282 727:14:6 6 2
94 128 523 613:23:2 4 16 1
201 544 591 716:24:9 9 4 2
309 427 722 981:18:4 4 4 6
67 367 418 548:35:3 14 2 16
57 134 355 387:14:1 2 3 8
138 449 475 620:16:2 2 6 6
72 395 890:14:3 9 2
175 310:12:6 6
692 920 992:13:6 3 4
596 615:5:2 3
525 724:8:7 1
2 540 599 766:23:6 9 6 2
29 460 740:11:6 3 2
120 337 707:16:2 12 2
130 593 831 913:20:4 2 10 4
88 406 830:9:4 1 4
94 103:3:1 2
51 168 993:22:6 10 6
87 227 239:21:2 10 9
506 595:20:16 4
322 562 964:24:12 8 4
31 475:10:4 6
129 742:7:4 3
771 873 904 925:17:3 10 3 1
110 222 509 555:39:1 16 12 10
175 303:6:3 3
85 947 948:11:3 2 6
245 631 928:15:9 4 2
58 129 306 453:18:6 4 4 4
403 591:5:1 4
247 385 550 568:47:8 9 20 10
128 494:9:4 5
92 353 522 733:15:4 3 6 2
474 763 922 965:11:3 1 4 3
5 214 462 575:32:4 22 3 3
621 868 920:20:4 10 6
15 137 141 291:15:3 4 2 6
148 410 503:16:1 1 14
505 906:16:14 2
58 207 456:34:6 22 6
281 297:16:8 8
828 967:16:10 6
66 565 705 973:19:1 4 8 6
428 811:8:2 6
88 388 469 928:19:4 8 6 1
470 711:5:4 1
82 521:15:3 12
109 897:3:1 2
164 567 711:10:3 6 1
356 442:6:5 1
48 69 163 266:21:4 1 6 10
17 210 218:31:2 20 9
16 158 667:22:2 10 10
206 630:30:18 12
203 265 817:31:20 7 4
28 264 597 860:21:8 7 1 5
69 248 254 626:23:2 9 8 4
194 373 970:15:3 9 3
238 332 597 632:32:10 8 2 12
171 402 763 943:9:4 1 2 2
140 445:3:1 2
176 566 572 850:25:5 6 10 4
109 301 971:13:2 8 3
183 627 853:17:3 10 4
8 199:7:3 4
177 600 663 757:25:6 3 10 6
476 538 539 724:40:5 18 16 1
276 563 809 827:33:5 8 8 12
505 784 976:20:7 10 3
347 508 532 637:36:8 7 16 5
18 325:18:4 14
498 619 650 909:22:10 4 6 2
492 493 771:21:5 10 6
28 170 973:10:4 3 3
530 581:17:12 5
672 934:14:12 2
205 460 994 996:23:11 6 2 4
293 452 950:17:10 4 3
193 332 435 614:19:3 8 2 6
295 353 506:23:12 3 8
237 449:20:18 2
277 478 635 973:28:7 5 10 6
261 445 753:24:14 2 8
271 392 638 935:40:12 16 8 4
148 446 536 562:14:1 1 8 4
16 127 540:14:4 1 9
108 508:15:1 14
14 335:10:4 6
486 503 888:15:6 7 2
246 382 487 614:44:14 18 6 6
206 230 495:40:18 16 6
60 238 602:16:3 10 3
339 518:22:16 6
12 724:5:4 1
248 467 494:22:9 8 5
665 795:11:7 4
45 87:6:4 2
604 826 859:23:1 10 12
568 708 942:15:5 4 6
441 805 849 910:12:1 4 4 3
229 520:27:20 7
8 380 444:25:6 18 1
128 271 409:20:4 12 4
71 538 909:24:4 18 2
7 494 854:20:6 10 4
260 414 598 965:17:8 2 1 6
436 533 555 716:36:4 20 10 2
260 306 440 810:29:16 8 2 3
122 405 645 990:10:2 1 5 2
13 310 377 772:25:8 6 9 2
239 462:12:9 3
18 521 865:16:4 6 6
193 829:14:6 8
428 578 653:20:4 6 10
86 205 375 964:30:6 11 9 4
628 653:15:10 5
246 362 440 987:21:7 7 4 3
322 479 519:32:6 12 14
22 648 811 985:30:8 12 6 4
214 275 900:38:22 14 2
11 288 876:23:8 10 5
79 989:7:1 6
71 159 306 964:23:2 5 8 8
342 508:18:4 14
61 263 826:26:2 14 10
71 583 585 956:23:2 10 3 8
48 351 479 507:28:4 4 12 8
248 482 596:25:18 5 2
153 429 595 802:19:3 2 4 10
538 660:32:18 14
384 624:30:18 12
357 796 917 985:19:5 8 4 2
92 777:3:2 1
378 388 395:43:18 16 9
162 165 249:27:10 3 14
181 271 753:19:3 12 4
277 394 508 913:41:7 16 14 4
29 374:20:6 14
8 369 501 809:34:6 8 16 4
54 83 648 914:16:6 1 6 3
460 591 800:20:6 2 12
249 332 357:27:14 8 5
508 767 841 891:16:7 3 4 2
187 239 430:23:3 18 2
538 707:11:9 2
82 144 497 546:37:3 2 12 20
317 519 536 722:30:4 14 8 4
109 197 896:10:1 8 1
270 447 920:19:14 2 3
107 176 662:17:2 10 5
302 584:12:2 10
246 294 331:38:14 12 12
2 375 479:27:3 18 6
51 553 558:31:6 16 9
675 989:16:10 6
214 502 704 893:38:22 6 8 2
249 639 756 793:33:7 10 6 10
406 809 810:13:2 8 3
278 986:8:6 2
82 467 631 730:17:3 8 4 2
184 324 981:21:10 8 3
400 672 751 901:21:8 6 3 4
170 177 216 472:39:3 6 22 8
43 325:10:3 7
434 696 775:8:2 2 4
478 556 740 800:39:5 20 2 12
58 120 615 718:11:3 1 6 1
185 637 653 806:20:6 5 5 4
126 424 928:4:2 1 1
212 742 869:27:11 6 10
328 913:8:6 2
229 780 820:27:20 4 3
469 929:5:3 2
580 881:7:5 2
7 422 473 480:25:3 4 6 12
279 450:14:10 4
305 616:8:6 2
695 751:7:4 3
296 372 784:22:4 8 10
144 808 850 908:16:2 4 4 6
489 893 938:14:6 2 6
52 220 447:27:3 22 2
89 312 450 536:17:1 6 2 8
376 492 600:29:18 5 6
209 384 799:44:18 18 8
5 273 361:16:4 5 7
672 702:16:12 4
54 329 384:21:6 6 9
9 306 591:18:6 8 4
217 464 836 920:37:22 6 6 3
26 98 292 347:16:4 2 6 4
646 831:15:10 5
126 520 838:20:1 14 5
147 176 612 947:16:2 10 2 2
50 631 764:10:4 4 2
106 486:10:4 6
590 610:10:8 2
359 851:15:5 10
491 616:8:6 2
60 362 642:21:6 7 8
15 148 780:9:3 2 4
408 521:14:2 12
320 403 743 837:18:8 2 4 4
298 410:6:5 1
227 421 442 736:25:20 2 1 2
183 261 560:19:3 7 9
29 197 246 613:25:6 4 14 1
519 575 615 631:24:7 3 6 8
59 87 261:20:2 4 14
150 286 463 960:25:2 12 8 3
185 317 828:17:3 4 10
6 460:12:6 6
480 779:15:12 3
349 362 807:16:3 7 6
132 178 360 873:21:2 6 8 5
32 258 490 510:34:2 8 12 12
11 487 727 935:24:8 12 2 2
64 514:8:2 6
3 375 508 653:34:4 18 7 5
481 711 764:15:12 2 1
95 555 631:22:4 10 8
267 446 879 955:20:7 1 6 6
387 885:12:8 4
227 766:12:10 2
134 299:8:4 4
313 314 516:11:3 2 6
282 313 531 792:32:6 6 10 10
266 585 708:21:10 3 8
89 396:11:2 9
526 947:18:16 2
85 548 686:17:3 8 6
504 998:10:8 2
153 194 559 929:19:3 6 8 2
54 205 551 614:28:6 11 8 3
187 322:18:6 12
9 76 175 600:15:3 6 3 3
160 629 914 928:18:5 6 6 1
230 574:19:16 3
8 430 590 973:14:3 1 4 6
59 113 485 831:16:4 2 5 5
57 96 289 541:32:2 2 8 20
215 246 515:28:9 7 12
197 358:18:8 10
227 449 631 880:36:20 2 4 10
87 259 768:17:4 9 4
29 298:13:3 10
353 591:8:6 2
244 930:20:18 2
718 973:4:1 3
8 193:12:6 6
906 971:5:2 3
28 345:10:4 6
7 330 359:16:3 8 5
61 180 327:23:1 10 12
226 324 805:20:8 8 4
326 364 786 828:30:7 14 4 5
113 286 499 942:16:2 6 5 3
40 94 213 977:31:3 2 20 6
91 500 511 553:32:2 6 16 8
329 772 776:15:12 2 1
439 491 864 884:27:1 12 12 2
417 438:3:1 2
346 417 798 864:26:8 2 10 6
178 365 601 881:14:3 7 2 2
457 763 854:18:8 2 8
232 846 898:18:9 5 4
22 159:13:8 5
341 754 831:17:4 8 5
390 447 475 748:32:20 4 3 5
54 418:8:6 2
588 599 809 999:19:6 6 4 3
63 418 501 807:23:3 1 16 3
84 974:5:3 2
79 365 650:15:2 7 6
51 82 722:14:6 6 2
254 269 421 993:28:8 12 2 6
87 443 753:13:4 1 8
55 352 755 1000:18:2 4 10 2
170 391 575:27:6 18 3
279 900 945 994:11:5 2 2 2
640 994:14:10 4
630 779 921 957:23:12 3 2 6
356 646 661 934:29:5 10 12 2
615 648:18:6 12
1 81 211 541:35:3 2 20 10
672 714 864:20:6 2 12
244 375 775:29:9 18 2
385 535:29:9 20
383 551 639:46:20 16 10
233 734 928:23:20 2 1
520 972:13:7 6
212 416 523 825:27:11 2 8 6
44 124 354:10:2 4 4
8 32 80 125:9:3 2 3 1
16 796:10:2 8
404 533 843 916:32:4 20 5 3
611 675 820 850:20:4 5 3 8
230 459:24:16 8
430 811 971:10:1 3 6
95 443:3:2 1
328 660:19:12 7
645 682:8:5 3
117 294 860 942:24:2 6 10 6
533 865 884 891:21:10 6 4 1
195 252 800 882:18:3 7 6 2
164 384 490 638:26:3 9 6 8
547 563 741:26:10 8 8
239 422 865 919:25:9 2 12 2
298 767:11:5 6
424 606 676:17:2 3 12
37 167 474:10:4 3 3
24 354:11:3 8
117 396 636:15:1 9 5
366 418 590 794:23:7 2 4 10
266 434 471 699:30:10 4 8 8
399 712:22:20 2
16 279:12:2 10
466 489 739 963:20:6 6 2 6
213 439 555 711:24:10 2 10 2
