258 377 690:21:8 9 4
170 800:9:3 6
170 637 745 766:13:3 5 3 2
381 853 872:20:10 4 6
250 348 665 865:26:8 5 7 6
72 298 658:15:3 5 7
160 620 904:11:5 3 3
222 365:15:8 7
427 685 831 899:11:2 2 5 2
245 465:12:9 3
170 225 712:14:3 9 2
223 391 595:20:9 9 2
290 391 645:19:5 9 5
222 792:13:8 5
202 217:22:11 11
250 393:16:8 8
332 540 809 838:26:8 9 4 5
119 733:3:1 2
85 267 348 859:21:3 7 5 6
371 396 851:22:8 9 5
390 777 870:17:10 1 6
270 330 722 777:18:7 8 2 1
319 419 797:8:2 2 4
113 319 543:13:2 2 9
317 403 879:11:4 1 6
692 733 872:11:3 2 6
257 351 881:13:8 4 1
729 882:2:1 1
396 795 797 873:22:9 4 4 5
214 543:20:11 9
330 732 796 916:17:8 2 4 3
396 459 792 865:24:9 4 5 6
61 141 675:7:1 1 5
658 707 980:11:7 2 2
247 390 831:23:8 10 5
222 877:14:8 6
659 775 944:11:6 2 3
310 445:4:3 1
666 707 882:9:6 2 1
29 284 444 595:11:3 5 1 2
18 722 787:11:4 2 5
223 242 291:23:9 8 6
349 561:7:3 4
419 861:8:2 6
253 842:15:9 6
308 310:5:2 3
257 659 812 898:20:8 6 4 2
221 224 234 854:31:8 10 9 4
775 817 874:11:2 4 5
349 882:4:3 1
214 250 792:24:11 8 5
375 896:10:9 1
427 692 787 831:15:2 3 5 5
288 331 683:15:5 6 4
222 238 915:21:8 10 3
219 401 507:19:9 2 8
693 736:5:3 2
334 842 858 975:23:8 6 6 3
31 234 732 760:19:4 9 2 4
393 602:11:8 3
291 718:7:6 1
18 661 910:13:4 6 3
321 712:8:6 2
675 801:10:5 5
717 904:4:1 3
119 242 683:13:1 8 4
472 896:5:4 1
238 277 666 787:28:10 7 6 5
247 258 838 889:22:8 8 5 1
242 290 582 721:17:8 5 3 1
388 397 602 768:22:8 9 3 2
202 253 337 507:34:11 9 6 8
85 253 899:14:3 9 2
20 290 606 674:19:4 5 3 7
351 381:14:4 10
96 257 291 430:16:1 8 6 1
160 377 859 872:26:5 9 6 6
236 637:15:10 5
250 265:15:8 7
119 290 800 910:15:1 5 6 3
760 864:10:4 6
375 658 877:22:9 7 6
308 606:5:2 3
268 298:11:6 5
329 705 877:16:6 4 6
31 427 595 692:11:4 2 2 3
31 315 507 801:20:4 3 8 5
620 760 875 899:14:3 4 5 2
684 899:5:3 2
169 348 494 685:17:5 5 5 2
256 398 880:21:7 9 5
261 267 729:15:7 7 1
223 251 861:24:9 9 6
330 862:13:8 5
141 202 712:14:1 11 2
238 310 785 797:22:10 3 5 4
221 382 881:18:8 9 1
288 329 428 858:19:5 6 2 6
253 336:15:9 6
119 363 582 692:15:1 8 3 3
780 787 821:12:2 5 5
170 398 444:13:3 9 1
874 904:8:5 3
216 231 256:26:11 8 7
170 253 717 733:15:3 9 1 2
337 391 545:24:6 9 9
352 643 701:10:4 4 2
334 766:10:8 2
398 595 692 775:16:9 2 3 2
582 620 838 864:17:3 3 5 6
221 408:10:8 2
332 658 732 944:20:8 7 2 3
204 748 809 944:21:9 5 4 3
238 714:12:10 2
194 382 401 465:17:3 9 2 3
261 898:9:7 2
297 736:6:4 2
331 381 684:19:6 10 3
222 393 883:18:8 8 2
727 806 817 870:15:1 4 4 6
221 602 652:16:8 3 5
194 380 861 970:21:3 9 6 3
109 540 721:11:1 9 1
440 845:8:2 6
222 717 944 975:15:8 1 3 3
780 790:7:2 5
602 717:4:3 1
12 267 775 785:16:2 7 2 5
221 881:9:8 1
33 777 809 858:14:3 1 4 6
286 382 665 865:28:6 9 7 6
234 352 765 882:16:9 4 2 1
297 396 733 944:18:4 9 2 3
394 772 777:11:8 2 1
247 658:15:8 7
247 889:9:8 1
268 290 321 872:23:6 5 6 6
297 880:9:4 5
236 650:16:10 6
490 790 861:17:6 5 6
85 225 701 748:19:3 9 2 5
217 388 748 833:30:11 8 5 6
109 768:3:1 2
286 380 800 833:27:6 9 6 6
102 160 252:13:1 5 7
267 785 981:15:7 5 3
18 251 722 944:18:4 9 2 3
245 705 899 959:19:9 4 2 4
251 427 445:12:9 2 1
428 445 701 813:9:2 1 2 4
219 351:13:9 4
408 881 915:6:2 1 3
817 877:10:4 6
12 798 874 904:15:2 5 5 3
806 809:8:4 4
102 768 981:6:1 2 3
268 907:9:6 3
18 252 445 797:16:4 7 1 4
348 884 896:8:5 2 1
208 242 430 675:24:10 8 1 5
252 349 772:12:7 3 2
29 472 507 718:16:3 4 8 1
44 213 906:14:2 10 2
365 374:14:7 7
308 332 896 959:15:2 8 1 4
330 859 894 970:19:8 6 2 3
258 736:10:8 2
268 333 872:20:6 8 6
288 388 659 841:23:5 8 6 4
298 375:14:5 9
772 877:8:2 6
61 329:7:1 6
102 224:11:1 10
286 291 331 903:21:6 6 6 3
214 854 904:18:11 4 3
256 332 684 745:21:7 8 3 3
277 812 861 875:22:7 4 6 5
873 877 970:14:5 6 3
71 582 775:7:2 3 2
204 261 652 768:23:9 7 5 2
408 865 872:14:2 6 6
31 286:10:4 6
113 160:7:2 5
247 374 813:19:8 7 4
251 257 464:20:9 8 3
247 330 748:21:8 8 5
82 258 579 652:20:3 8 4 5
396 652 872:20:9 5 6
490 841:10:6 4
222 245:17:8 9
297 870 891 916:14:4 6 1 3
419 693 701 733:9:2 3 2 2
659 809:10:6 4
285 797 831:15:6 4 5
113 245 280 692:19:2 9 5 3
252 380 731:17:7 9 1
257 561 796 797:20:8 4 4 4
352 490 665 813:21:4 6 7 4
263 285 313 731:17:7 6 3 1
221 313 465 666:20:8 3 3 6
44 328 595 797:14:2 6 2 4
809 906:6:4 2
194 308 637 659:16:3 2 5 6
236 854:14:10 4
208 693 879:19:10 3 6
492 595 792 877:18:5 2 5 6
333 351:12:8 4
217 240 831 916:28:11 9 5 3
82 330 472 831:20:3 8 4 5
96 250 261 683:20:1 8 7 4
231 408 705 748:19:8 2 4 5
113 881:3:2 1
277 854:11:7 4
286 317 579:14:6 4 4
403 683 692 883:10:1 4 3 2
225 277 393 445:25:9 7 8 1
141 579 704:9:1 4 4
33 427 620 733:10:3 2 3 2
684 707 873:10:3 2 5
141 270:8:1 7
224 721:11:10 1
721 861 891:8:1 6 1
257 798:13:8 5
20 223 331 883:21:4 9 6 2
286 464:9:6 3
382 705 821:18:9 4 5
82 579 595 891:10:3 4 2 1
82 238 252 464:23:3 10 7 3
298 731:6:5 1
258 690:12:8 4
236 240 267 775:28:10 9 7 2
214 430 690 774:19:11 1 4 3
270 851:12:7 5
33 225 290 313:20:3 9 5 3
665 866 872:18:7 5 6
90 777 845 903:13:3 1 6 3
12 833:8:2 6
20 349 408 595:11:4 3 2 2
242 674 772:17:8 7 2
71 334 363 390:28:2 8 8 10
90 723:4:3 1
169 408 701 873:14:5 2 2 5
236 795:14:10 4
208 334 561 980:24:10 8 4 2
252 494 760 801:21:7 5 4 5
29 72 240 693:18:3 3 9 3
267 683 715 881:13:7 4 1 1
330 348 692:16:8 5 3
85 288 348 382:22:3 5 5 9
90 675:8:3 5
256 348 674 864:25:7 5 7 6
85 676:9:3 6
44 403 944:6:2 1 3
270 637:12:7 5
310 675 862 883:15:3 5 5 2
169 790:10:5 5
251 270 388 643:28:9 7 8 4
221 290 391 393:30:8 5 9 8
291 809 842:16:6 4 6
492 652 715 765:13:5 5 1 2
297 419 595 944:11:4 2 2 3
247 291:14:8 6
85 319 944:8:3 2 3
250 390:18:8 10
277 444 685:10:7 1 2
645 693 745 861:17:5 3 3 6
277 494 595:14:7 5 2
336 382 675 854:24:6 9 5 4
880 881:6:5 1
18 231 652 707:19:4 8 5 2
800 854:10:6 4
109 216 297:16:1 11 4
877 881 894:9:6 1 2
308 620 880:10:2 3 5
12 540 701:13:2 9 2
859 907:9:6 3
109 252 390:18:1 7 10
430 695 800:9:1 2 6
217 676 870:23:11 6 6
838 884:7:5 2
29 685:5:3 2
113 675:7:2 5
330 375 854:21:8 9 4
231 419 712 821:17:8 2 2 5
102 731:2:1 1
71 85 141:6:2 3 1
109 333 666:15:1 8 6
313 561 796 875:16:3 4 4 5
224 731 980:13:10 1 2
645 683 733:11:5 4 2
90 382:12:3 9
141 812 877 883:13:1 4 6 2
36 245 328:19:4 9 6
831 907:8:5 3
20 684 685 903:12:4 3 2 3
247 374 801:20:8 7 5
310 375 723 768:15:3 9 1 2
29 545 780 910:17:3 9 2 3
36 334 382 658:28:4 8 9 7
216 223:20:11 9
394 582 666 745:20:8 3 6 3
213 317:14:10 4
382 472 692 695:18:9 4 3 2
72 216 722 859:22:3 11 2 6
785 806 891:10:5 4 1
267 440:9:7 2
202 915 970:17:11 3 3
403 717:2:1 1
234 748:14:9 5
315 494 732 817:14:3 5 2 4
33 650 801 853:18:3 6 5 4
258 606 865:17:8 3 6
774 796:7:3 4
261 374 661:20:7 7 6
245 870:15:9 6
428 795:6:2 4
745 785:8:3 5
214 380 397:29:11 9 9
109 787:6:1 5
332 695 800 975:19:8 2 6 3
285 582:9:6 3
298 472:9:5 4
464 722 845:11:3 2 6
90 845:9:3 6
428 841 874:11:2 4 5
36 328 854:14:4 6 4
263 297 397:20:7 4 9
374 704 884:13:7 4 2
394 712:10:8 2
408 745 882:6:2 3 1
252 464 777:11:7 3 1
333 665 796 859:25:8 7 4 6
297 363:12:4 8
231 862 882:14:8 5 1
428 675:7:2 5
20 643 875:13:4 4 5
214 240 286:26:11 9 6
251 683 745 959:20:9 4 3 4
331 658 854:17:6 7 4
247 684 785 817:20:8 3 5 4
543 842:15:9 6
367 854:11:7 4
44 397:11:2 9
36 169 472:13:4 5 4
208 841 852:20:10 4 6
236 253 645:24:10 9 5
766 970:5:2 3
36 718 727 898:8:4 1 1 2
396 403 873:15:9 1 5
194 337 371 944:20:3 6 8 3
675 685 729 881:9:5 2 1 1
256 684 732 733:14:7 3 2 2
465 853 873:12:3 4 5
291 396 864:21:6 9 6
265 270 877 879:26:7 7 6 6
390 864 975:19:10 6 3
277 396 652:21:7 9 5
391 879 881:16:9 6 1
256 877:13:7 6
459 595 705 748:15:4 2 4 5
213 319 427 692:17:10 2 2 3
217 492 666 707:24:11 5 6 2
288 899 906:9:5 2 2
231 265 394 775:25:8 7 8 2
252 595 695 881:12:7 2 2 1
12 223 316:13:2 9 2
308 331:8:2 6
250 507 602:19:8 8 3
251 658 841:20:9 7 4
170 251 851:17:3 9 5
459 595:6:4 2
582 620 821 874:16:3 3 5 5
208 231:18:10 8
561 692:7:4 3
465 870 944:12:3 6 3
332 459 490 891:19:8 4 6 1
208 798 896:16:10 5 1
393 444:9:8 1
194 263 464 831:18:3 7 3 5
297 915:7:4 3
490 658:13:6 7
236 722 975:15:10 2 3
408 665 800:15:2 7 6
234 280 319 494:21:9 5 2 5
257 760 801:17:8 4 5
33 859:9:3 6
394 874:13:8 5
170 208:13:3 10
313 643 701 861:15:3 4 2 6
290 650 732:13:5 6 2
90 102:4:3 1
170 768 861 904:14:3 2 6 3
119 701 760 775:9:1 2 4 2
216 351 465:18:11 4 3
369 852:14:8 6
374 766 768 797:15:7 2 2 4
72 390 813 891:18:3 10 4 1
33 251 797 872:22:3 9 4 6
540 766 821:16:9 2 5
113 380 606 766:16:2 9 3 2
561 916:7:4 3
321 774 852 877:21:6 3 6 6
408 658 727 831:15:2 7 1 5
337 841:10:6 4
85 268 883:11:3 6 2
245 408:11:9 2
661 675:11:6 5
109 119:2:1 1
72 695 723:6:3 2 1
33 202:14:3 11
113 223 695 715:14:2 9 2 1
731 845 858:13:1 6 6
465 903:6:3 3
247 704 854:16:8 4 4
388 602 695:13:8 3 2
85 219 722:14:3 9 2
18 36 141 881:10:4 4 1 1
225 313 705:16:9 3 4
234 258 430 801:23:9 8 1 5
251 297 797 851:22:9 4 4 5
238 377 879 889:26:10 9 6 1
169 253 334 806:26:5 9 8 4
723 858:7:1 6
285 712:8:6 2
408 464:5:2 3
701 980:4:2 2
109 216 714 880:19:1 11 2 5
213 545 637 872:30:10 9 5 6
194 684 880:11:3 3 5
582 717 812 975:11:3 1 4 3
390 865:16:10 6
877 880:11:6 5
44 872:8:2 6
645 693:8:5 3
374 718:8:7 1
29 31 875:12:3 4 5
160 809:9:5 4
33 217:14:3 11
297 841:8:4 4
582 838 861:14:3 5 6
419 472 693 884:11:2 4 3 2
82 214 388:22:3 11 8
277 745 772 795:16:7 3 2 4
273 841 877:15:5 4 6
348 864:11:5 6
319 330 712 865:18:2 8 2 6
33 428 981:8:3 2 3
245 337 721 873:21:9 6 1 5
381 795:14:10 4
317 403 880:10:4 1 5
371 727:9:8 1
286 873:11:6 5
388 393 800 891:23:8 8 6 1
221 374 545:24:8 7 9
768 975:5:2 3
250 690:12:8 4
620 637 806 861:18:3 5 4 6
18 891:5:4 1
419 760 813 875:15:2 4 4 5
194 349 875:11:3 3 5
690 797:8:4 4
845 875 910:14:6 5 3
170 252 645 831:20:3 7 5 5
540 661 852 899:23:9 6 6 2
582 690 692 915:13:3 4 3 3
419 459 866:11:2 4 5
82 247 377 659:26:3 8 9 6
317 561 704 884:14:4 4 4 2
213 280:15:10 5
234 331 382 674:31:9 6 9 7
223 231 714:19:9 8 2
380 718:10:9 1
238 731 858 910:20:10 1 6 3
459 561:8:4 4
231 319 427 891:13:8 2 2 1
71 809:6:2 4
253 317 336 785:24:9 4 6 5
119 222 705:13:1 8 4
490 683 690 894:16:6 4 4 2
363 683 881 970:16:8 4 1 3
336 382 645 854:24:6 9 5 4
82 96 170 397:16:3 1 3 9
61 310:4:1 3
365 561:11:7 4
714 787 889 907:11:2 5 1 3
718 859:7:1 6
90 692:6:3 3
225 329 772:17:9 6 2
285 768:8:6 2
543 838 859 980:22:9 5 6 2
265 330 674 858:28:7 8 7 6
620 981:6:3 3
202 507 833 864:31:11 8 6 6
291 875:11:6 5
277 472 768 865:19:7 4 2 6
71 219:11:2 9
377 582 797:16:9 3 4
290 806 845 877:21:5 4 6 6
795 873 877:15:4 5 6
85 336 666 817:19:3 6 6 4
