23 182:10:2 8
93 564 637 751:21:6 4 5 6
239 997:15:9 6
40 506 760 766:32:6 16 8 2
135 718:2:1 1
194 248 253 533:50:3 9 18 20
203 573 699:28:20 4 4
27 443 802:16:4 2 10
301 311 569 760:24:8 6 6 4
23 223 505 521:35:4 18 7 6
75 269 331:20:2 12 6
5 74 180 304:19:4 1 10 4
133 250 263 285:29:2 8 7 12
102 449:2:1 1
144 312:4:1 3
37 93 355 716:18:4 6 6 2
53 560 628:29:1 18 10
18 140:9:8 1
74 129 548:14:2 4 8
60 975:9:3 6
92 165 191 448:11:4 3 3 1
74 509 645:23:1 12 10
92 633 819:11:2 4 5
544 712 717:12:9 2 1
41 290 552:36:6 10 20
174 778:8:6 2
572 878:11:5 6
26 46 239 380:35:4 4 9 18
26 206 656 657:34:4 9 14 7
108 330 448:20:2 16 2
9 288 529 607:32:3 10 16 3
141 194 196 208:33:2 6 5 20
450 990:6:4 2
258 736 745:15:8 4 3
41 65 123 861:13:3 2 2 6
119 420 718 984:9:2 2 1 4
88 914:5:2 3
54 501:14:6 8
226 234 820 887:41:16 18 3 4
396 681:24:18 6
180 182:9:5 4
23 223 778:22:2 18 2
252 699 856:21:7 4 10
268 299 317:24:12 8 4
172 455:11:3 8
209 397 919:20:9 9 2
231 643:20:16 4
182 192:8:4 4
126 248 370 681:34:1 9 18 6
101 573 833:20:4 4 12
353 590 685:16:6 8 2
11 593 885:7:4 1 2
61 645 662:17:2 5 10
19 97 652 861:18:6 1 5 6
301 345 637:19:8 6 5
196 325 677 696:25:10 7 6 2
39 219 504 525:39:8 9 8 14
96 509 642:21:1 12 8
99 635 962:14:1 10 3
84 97 661 685:15:6 1 6 2
385 563 638:26:18 4 4
342 686:11:8 3
124 393 902:21:2 16 3
93 129 365:14:3 4 7
246 343 346 450:23:7 10 4 2
11 56 96 272:24:4 4 2 14
682 723:8:6 2
258 500:20:8 12
248 302 816 869:25:9 2 4 10
342 924:6:4 2
58 271 293 325:31:6 6 5 14
85 484 533:29:3 6 20
357 690:13:5 8
138 349 705:9:2 3 4
88 143:8:4 4
209 373 549 672:64:18 18 16 12
63 361 480:16:3 7 6
59 118 297:14:2 4 8
423 533 766:16:4 10 2
117 631:6:2 4
376 702:20:18 2
87 554:20:2 18
117 129 194:10:2 2 6
656 730:15:14 1
95 102 659:16:2 2 12
206 538 610:38:18 18 2
149 169 552 820:29:1 5 20 3
56 101 955:9:4 2 3
87 93 221 319:17:2 3 8 4
313 399 583:18:3 10 5
37 197 239:17:4 4 9
177 342 473 681:20:3 8 6 3
240 583 595 990:18:9 5 2 2
404 677 905:20:2 12 6
322 397 706:28:6 18 4
269 529 735:23:6 16 1
72 106 222 657:33:6 4 16 7
95 625 955:20:4 10 6
58 209 699:32:6 18 8
130 464 639:15:2 3 10
130 663:9:4 5
68 284 360 690:26:4 10 4 8
87 371 939:26:4 16 6
681 782:18:6 12
521 522 718:26:12 12 2
365 655:28:14 14
371 628:18:8 10
18 626 962:18:4 8 6
209 296 664 914:32:9 8 12 3
41 163 290:16:3 3 10
42 414:9:8 1
24 67 68:10:3 3 4
60 93 394 511:36:6 6 16 8
70 962:4:1 3
146 449 666 690:13:2 1 6 4
139 203 212:34:2 10 22
170 268 290 311:34:6 12 10 6
232 868:14:9 5
60 216 577:21:6 11 4
420 552 641:26:4 10 12
566 941:8:6 2
30 122 382:14:3 2 9
20 70 646:20:8 2 10
84 124 699:18:6 4 8
51 253 501 712:33:3 18 8 4
37 77 302:12:4 4 4
226 554 617 988:22:8 9 3 2
39 373 795:30:4 18 8
129 327 601 785:17:4 6 2 5
224 304 344 450:32:20 4 6 2
371 623:22:16 6
176 377 717:29:10 18 1
455 519 705:15:4 7 4
186 248 399 593:41:10 9 20 2
160 257 710 725:21:5 8 6 2
142 703 819:9:2 2 5
37 123 625 672:22:4 1 5 12
18 195 732:18:8 6 4
212 299 518:25:11 8 6
132 192 382 924:21:2 8 9 2
96 344:8:2 6
77 142 827:11:4 1 6
126 488:7:1 6
19 284 882:13:6 5 2
41 92 547 616:22:6 2 10 4
120 695:4:2 2
1 399 588:16:3 10 3
304 861:10:4 6
666 686 827 885:25:12 3 6 4
70 448 501 690:22:1 1 16 4
4 102 115:9:3 2 4
543 601:20:18 2
356 550 733:17:5 10 2
327 611:16:12 4
182 345 804:12:4 3 5
54 700 802:18:6 2 10
423 556 578:30:4 20 6
123 165 167 292:20:2 3 3 12
41 106:5:3 2
223 394 529:33:9 8 16
285 671:11:6 5
194 597 726 861:21:6 1 2 12
72 163 625:14:6 3 5
563 673 878:19:8 5 6
57 629:7:1 6
222 250 267 523:38:8 8 14 8
20 97 257 423:15:4 1 8 2
60 389:24:6 18
449 652:12:2 10
185 521 785:17:6 6 5
284 677 681:14:5 6 3
88 222:18:2 16
484 607:15:12 3
125 338 702:13:1 8 4
30 257 688:21:3 16 2
281 322 345 637:25:8 6 6 5
108 166 482:17:2 5 10
25 657:18:4 14
473 617:6:3 3
307 664:20:8 12
130 170 271 611:23:4 3 12 4
49 60 344 448:14:3 3 6 2
92 563:6:2 4
330 519 626 696:21:8 7 4 2
177 272 683:28:6 14 8
11 358 399 587:41:8 5 20 8
143 509 655:23:4 12 7
480 924:14:12 2
113 325 462 608:19:2 7 6 4
96 141 577:11:2 1 8
135 621 819:10:1 4 5
379 660 686:26:16 7 3
130 209 219:29:2 9 18
25 568:12:2 10
177 331 505 507:27:6 6 7 8
340 671:17:12 5
588 694 827:20:6 2 12
37 105 455 570:21:8 2 8 3
78 102 269:14:6 2 6
18 306:12:8 4
302 323 356 525:42:4 14 10 14
53 327:13:1 12
132 349 380 757:31:1 6 18 6
142 229 307 608:32:2 20 8 2
226 344 641:31:16 3 12
364 449 464 625:22:7 2 3 10
44 204 381 546:40:2 18 10 10
80 567 728:11:3 6 2
95 480 528 707:34:4 12 16 2
85 317 327 589:27:3 8 6 10
15 335:15:3 12
372 574:22:16 6
78 330 719 730:14:3 8 1 2
214 290 296 784:45:22 10 8 5
290 639 728:21:10 10 1
13 126 861:12:4 2 6
185 237:21:3 18
34 205 360:22:3 11 8
9 603 905:11:3 2 6
64 307 488:11:1 4 6
368 385 649 652:38:18 9 6 5
5 661 715:15:8 6 1
282 528 583 599:22:6 8 5 3
169 176 960:21:10 5 6
347 881:5:4 1
13 47:10:8 2
129 132 258 293:25:2 2 16 5
208 397:19:10 9
118 482 630:24:2 10 12
226 544 603 924:31:16 9 4 2
67 331 343 637:38:6 12 10 10
119 337 563:22:2 12 8
51 569 578 868:25:6 3 6 10
90 370 661:27:3 18 6
108 251 595:12:1 9 2
64 163 186:9:1 3 5
37 567 802:24:8 6 10
355 507 878:34:6 16 12
53 205 721 975:31:1 22 2 6
246 374 556:34:7 7 20
120 131 331 473:19:2 2 12 3
44 349 766:14:4 6 4
268 596 640:18:6 2 10
226 380:26:8 18
124 131 376:12:2 1 9
117 219 564:24:2 18 4
465 640:16:6 10
4 656 719 885:26:6 14 2 4
292 374 587:24:6 14 4
560 700:11:9 2
135 197 577 588:16:1 4 8 3
37 143 268 301:16:4 2 6 4
248 380 570:24:9 9 6
180 507:13:5 8
563 710 719:15:8 6 1
144 169 601:13:1 10 2
288 784 984:14:5 5 4
78 239 349 546:28:3 9 6 10
577 688:12:8 4
108 543 649:22:1 9 12
335 567 856:14:6 3 5
317 527 639 649:26:8 7 5 6
37 75 381 736:30:4 2 20 4
122 464:7:4 3
121 358:7:2 5
276 466 498 540:30:10 6 5 9
132 686:5:2 3
61 385 514:22:1 9 12
18 186 290 563:36:8 10 10 8
167 260 296 356:23:6 8 4 5
45 480 782 856:42:8 12 12 10
68 587 715:7:2 4 1
561 625 650 939:32:4 10 12 6
61 128 518 524:16:1 2 6 7
3 375:13:4 9
398 521:15:9 6
144 371 658 666:30:2 8 14 6
25 643:10:2 8
368 597:10:9 1
318 540 543 726:32:4 9 18 1
126 349 355 714:13:2 3 6 2
31 342 500 672:30:4 8 12 6
375 626:22:18 4
128 223 398:22:4 9 9
635 639:15:5 10
589 662:20:10 10
340 665:20:6 14
151 166 511 911:26:4 10 8 4
135 216 307 662:33:2 22 4 5
18 686 703:15:8 3 4
311 732 958:10:3 4 3
205 319 360 616:21:11 4 4 2
113 902:7:4 3
36 214 258 663:28:4 11 8 5
174 725 833:10:3 1 6
37 120 516 642:24:8 2 6 8
19 165 190 448:18:3 3 10 2
142 556:21:1 20
119 216 732 745:31:2 22 4 3
37 587:8:4 4
118 135 496 563:19:2 1 12 4
458 521 555:38:6 12 20
167 340:12:6 6
201 322 331 337:33:9 6 6 12
589 833:11:5 6
260 554 721 819:36:16 9 1 10
90 221 960:28:6 16 6
138 612 705 714:15:2 1 8 4
27 122 404 414:12:4 2 4 2
464 504 566:25:6 16 3
555 561 688 699:22:10 4 4 4
70 93 668 695:19:1 6 10 2
105 260:17:1 16
659 662:16:6 10
30 63 299 593:21:6 6 8 1
61 258 572:22:1 16 5
163 641 668 804:27:6 6 5 10
31 191 745:17:8 6 3
187 500 707 914:20:6 6 2 6
49 990:5:3 2
81 327:14:2 12
257 529 677 730:31:8 16 6 1
4 13 36 685:20:6 8 4 2
46 69 542:14:2 2 10
131 138 250 398:32:2 4 8 18
92 219 496 657:32:4 9 12 7
252 325 340 623:32:7 7 6 12
157 346 990:14:6 4 4
393 584:18:8 10
663 856 990:19:10 5 4
452 674 941 960:20:8 7 2 3
256 261 661 770:28:7 7 12 2
361 769:10:7 3
105 226 649:24:2 16 6
293 296 723 904:18:10 4 1 3
130 298 583 588:20:2 5 10 3
101 523 710:26:4 16 6
528 583 958:27:16 5 6
204 313 595:19:9 6 4
95 633 696:14:4 8 2
662 924:7:5 2
213 514 728:28:20 6 2
51 455 616 885:16:6 4 4 2
377 523 635 703:24:9 8 5 2
306 729:5:4 1
235 555:40:20 20
87 226 501:34:2 16 16
160 518 587:21:5 12 4
645 726:6:5 1
659 660:26:12 14
371 745:11:8 3
380 607:24:18 6
523 674 827:35:16 7 12
484 572:11:6 5
133 340 533 674:38:2 12 10 14
301 556 608:32:8 20 4
543 660:32:18 14
85 363 658 717:28:3 16 7 2
113 197:10:2 8
347 524 597:13:4 7 2
186 191 664:17:5 6 6
223 253 301 613:36:9 18 8 1
365 385 623 681:50:14 18 12 6
292 510 641:36:12 12 12
126 363:9:1 8
19 32 253 356:26:3 4 9 10
160 511:26:10 16
69 216 380 804:36:2 11 18 5
187 652 673:26:6 10 10
222 626:24:16 8
524 717 984:12:7 1 4
41 272:17:3 14
128 199 270 695:24:2 4 14 4
139 251:20:2 18
317 380 525 694:35:8 9 14 4
56 377:13:4 9
157 317 577:15:3 8 4
102 290 373 919:27:2 5 18 2
63 353 672 861:27:3 6 6 12
108 218 381:21:2 9 10
287 298 370 699:38:6 10 18 4
173 274 673 757:22:4 10 5 3
65 237 368 730:40:2 18 18 2
191 769 924:10:3 6 1
160 170 548:32:10 6 16
587 628:9:4 5
129 340 587 616:22:4 12 4 2
349 705:11:3 8
131 180:11:1 10
356 728 833 924:14:5 2 6 1
97 182 861:18:2 4 12
53 730:4:2 2
237 284 816:27:9 10 8
101 673 721:9:2 5 2
123 174 542 690:29:2 3 20 4
212 235 529 603:33:11 10 8 4
67 596 665:22:6 2 14
13 572:9:4 5
253 313 802:20:9 6 5
88 153 180 464:13:2 3 5 3
36 345 364 728:27:8 3 14 2
85 440 715 941:15:6 4 1 4
385 633 887:17:9 4 4
36 181 484:17:8 3 6
23 272:16:2 14
1 53 96 569:15:6 2 1 6
234 357:23:18 5
646 861:22:10 12
125 226 323 524:30:1 8 7 14
1 57 306 613:14:6 2 4 2
516 527:13:6 7
784 997:16:10 6
488 816:14:6 8
505 546 640:37:7 20 10
19 27 719:8:3 4 1
140 484 833:13:1 6 6
41 96 728 757:14:6 1 1 6
307 312 696 960:21:8 3 4 6
45 574 629:23:8 3 12
84 287 327 733:28:6 12 6 4
264 319 629 902:30:14 4 6 6
143 725:6:4 2
70 363:9:1 8
251 366:32:18 14
78 237 343 352:38:6 18 10 4
376 587 616:26:18 4 4
293 319:9:5 4
168 621 960:17:10 4 3
182 237:17:8 9
95 149:3:2 1
229 736 788:30:20 4 6
533 788:32:20 12
151 331 366:30:4 12 14
151 251:26:8 18
15 60 304 552:36:6 6 4 20
458 905:12:6 6
81 374 562 730:15:2 7 4 2
542 555 652 716:46:20 20 5 1
37 58 195:20:8 6 6
1 300:11:6 5
185 465 652:19:6 3 10
346 565 984:16:8 4 4
96 250 668 671:29:1 8 10 10
361 380 450 597:37:14 18 4 1
144 363:10:2 8
216 504 595:32:22 8 2
112 124:6:2 4
268 717:7:6 1
274 455 533 589:44:10 4 20 10
39 372 661 699:32:8 8 12 4
4 514 623:21:3 6 12
45 914:10:4 6
119 216 352:20:1 11 8
197 480 663 939:30:8 6 10 6
11 664:20:8 12
365 465:20:14 6
185 353:9:3 6
186 404 420:13:5 4 4
343 505 533:34:10 14 10
135 258 914:20:1 16 3
162 569 628:16:5 6 5
169 514:17:5 12
218 363:26:18 8
96 203 597:12:1 10 1
30 372:11:3 8
166 364 674:33:5 14 14
146 154 569:16:4 6 6
173 229 660 960:41:8 20 7 6
272 573 617:18:7 8 3
99 538 656:27:2 18 7
84 290 770 931:15:6 5 2 2
70 240 723 820:17:1 9 1 6
596 736 958:9:1 2 6
160 276 572:20:5 10 5
344 723 905 984:14:3 1 6 4
20 44 72 126:14:8 2 3 1
36 184 372 690:30:4 10 8 8
113 878:16:4 12
608 655:9:2 7
110 231:10:2 8
40 181 300:14:6 3 5
128 293 574:18:2 10 6
292 371 564:22:6 8 8
4 80 504 511:33:3 6 8 16
1 251 323 666:32:3 9 14 6
302 307:10:2 8
70 340 885:12:2 6 4
170 524 613 958:17:6 7 1 3
288 331 555 706:40:10 12 10 8
381 710:26:20 6
218 757 795:25:18 3 4
325 394 420:26:14 8 4
99 186:6:1 5
241 250 293 340:43:18 8 5 12
300 397 681:17:5 9 3
506 850 988:26:16 8 2
285 550:22:12 10
345 658 769 856:25:3 14 3 5
81 482 532:23:2 5 16
46 518 631 717:20:4 6 8 2
30 117 455:12:6 2 4
561 631:8:4 4
705 751:7:4 3
209 423 874:25:18 2 5
149 631:9:1 8
122 529 831:22:4 8 10
123 212 540:31:2 11 18
274 488:17:5 12
172 549 633 666:33:3 16 8 6
51 77 92 686:15:6 2 4 3
344 595 631:16:6 2 8
524 687:18:14 4
455 538 729:24:4 18 2
398 498 573:32:18 10 4
397 988:13:9 4
240 363 868:30:9 16 5
165 201:12:3 9
125 572 827:18:2 10 6
300 725:6:5 1
123 256 330:32:2 14 16
505 612 681 919:21:14 2 3 2
151 368 617 819:29:4 9 6 10
258 366 663 683:31:8 14 5 4
31 199 596 677:29:8 8 1 12
39 221 239 728:43:8 16 18 1
628 939:13:10 3
179 213 267:23:6 10 7
212 397 414 958:47:22 18 1 6
185 398 519:38:6 18 14
126 214 330 404:30:1 11 16 2
131 206 292 564:35:1 18 12 4
15 59 224 621:23:3 2 10 8
325 705 881:24:14 8 2
32 270 506 649:29:2 7 8 12
47 129 260 700:18:4 2 8 4
124 186 715 869:19:2 10 2 5
126 630 766:9:1 6 2
268 621 671:30:12 8 10
138 235 296 683:38:2 20 8 8
696 714:8:4 4
31 148 172:12:4 2 6
37 214 250 549:50:4 22 16 8
142 312 370:13:1 3 9
326 360 375 639:38:7 8 18 5
110 112 138:10:2 4 4
32 70 561 705:20:2 2 8 8
167 568:8:3 5
420 630 631:14:4 6 4
176 312 466 911:23:10 3 6 4
40 100 377 597:19:3 6 9 1
194 208 562:27:3 20 4
64 252 785:18:1 7 10
13 119 382:15:4 2 9
88 117 365 984:15:4 2 7 2
346 673:14:4 10
144 670:12:2 10
59 170 525 902:18:2 6 7 3
213 240 394:45:20 9 16
39 85:10:4 6
221 532 677 736:32:8 8 12 4
399 574:26:20 6
306 404 564 637:28:8 2 8 10
819 831 905:16:5 5 6
235 365 616 646:39:20 7 2 10
343 462 617 914:25:10 6 3 6
296 498 705:17:4 5 8
670 677:11:5 6
296 500 702:16:8 6 2
257 258 637 997:48:16 16 10 6
20 404:12:8 4
148 222 651:23:1 8 14
12 27:6:4 2
95 745 795:11:4 3 4
393 657 733:26:8 14 4
288 452:18:10 8
603 640:12:2 10
85 149:4:3 1
108 635 700:16:2 10 4
34 311 735:11:6 3 2
420 464 716 919:15:4 6 1 4
258 700 931:12:8 2 2
268 373 480 885:25:6 9 6 4
214 719 735 745:31:22 2 1 6
40 227 522:38:6 20 12
123 272 914:14:1 7 6
240 590 751:16:9 4 3
18 194 305:14:8 3 3
192 578 662 785:22:4 3 10 5
24 216 304 924:26:6 11 8 1
12 206 214 327:54:2 18 22 12
113 151 568 868:22:4 8 5 5
533 555 660:27:10 10 7
80 240 816:29:3 18 8
869 988:9:5 4
61 240 705:23:1 18 4
36 80 179:17:8 3 6
18 516 905:20:8 6 6
9 95:7:3 4
46 361 473:14:4 7 3
167 253:12:3 9
15 128 149:9:3 4 2
31 459:12:4 8
380 574:15:9 6
458 990:10:6 4
88 782:16:4 12
248 712:13:9 4
31 213 464:20:4 10 6
370 521 593 625:33:9 12 2 10
665 714:11:7 4
44 112 623 869:24:4 4 6 10
148 160 181 440:16:1 5 6 4
31 58 628:20:4 6 10
361 511 628 887:24:7 8 5 4
224 674:27:20 7
191 212 555 656:62:6 22 20 14
138 223 597 651:29:4 9 2 14
149 689:8:2 6
527 856:24:14 10
181 323:17:3 14
135 298:6:1 5
516 662:22:12 10
172 404 587 661:21:3 4 8 6
455 560 694:24:4 18 2
97 358 766:15:1 10 4
146 172 449 869:12:2 3 2 5
258 380 639:27:8 9 10
423 861:8:2 6
61 252 561 958:20:2 7 8 3
122 250 353:24:2 16 6
641 795:16:12 4
23 269 689:14:2 6 6
3 878:16:4 12
179 263 620 714:27:6 14 3 4
64 128 140:4:1 2 1
194 361 443 504:19:3 7 1 8
77 393 563:28:4 16 8
396 543 611:29:9 18 2
371 716 833 990:24:8 2 12 2
58 113 142 611:13:6 4 1 2
75 246 293 682:22:2 7 10 3
565 785:13:8 5
81 688:4:2 2
87 172 394 984:20:4 6 8 2
31 423 694 988:12:4 4 2 2
26 465 660:18:8 3 7
577 827:16:4 12
110 287 521 561:17:1 6 6 4
108 194 237 319:25:2 3 18 2
39 555 593:25:4 20 1
318 342 629 911:16:4 4 6 2
299 527 607 629:23:4 7 6 6
206 440:20:18 2
42 115 312 440:22:8 4 6 4
132 255:16:2 14
187 988:5:3 2
252 522:19:7 12
78 322 589 723:19:6 6 5 2
455 466:14:8 6
93 366 452 519:42:6 14 8 14
126 344:8:2 6
301 450 630:20:4 4 12
59 65 187 673:20:2 2 6 10
272 389:32:14 18
65 532 650:15:1 8 6
543 601:19:18 1
287 337:18:6 12
108 276:12:2 10
113 588 641:14:2 6 6
5 223 562:30:4 18 8
179 438 603 802:16:3 1 2 10
61 659:8:2 6
85 186 256 911:22:6 5 7 4
569 570 610 751:17:3 6 2 6
106 166 379:15:2 5 8
820 924:4:3 1
296 630 642 769:27:4 12 8 3
100 342 357 404:23:3 8 10 2
498 500 584:21:10 6 5
118 340 700:14:4 6 4
108 203 630:23:1 10 12
319 340:14:2 12
225 655 735:17:9 7 1
24 180 241 464:25:3 10 9 3
97 313 638 687:14:1 3 8 2
190 721:7:5 2
235 440:22:20 2
170 657 707 850:16:3 7 2 4
346 642 687:14:8 4 2
169 224 587 924:30:10 10 8 2
132 462 509:14:2 6 6
196 955:11:5 6
46 371 473:18:4 8 6
23 770:5:4 1
96 616:6:2 4
140 674:15:1 14
363 462 496 641:29:8 3 12 6
117 205:24:2 22
41 319 382 887:18:3 2 9 4
163 166 766:17:3 10 4
31 323 882:19:4 14 1
370 396 661 682:36:9 18 6 3
119 177 267 640:26:1 6 14 5
352 366 589 640:35:8 7 10 10
379 955:14:8 6
126 450 655:17:1 2 14
635 690:14:10 4
182 788:20:8 12
65 484 723:8:1 6 1
567 583 696 904:23:6 10 4 3
448 715 988:6:1 1 4
201 235 306:36:18 10 8
18 209 861 874:34:8 9 12 5
81 93 696 905:15:2 6 4 3
63 399:16:6 10
214 234 601:42:22 18 2
284 449 682:12:5 1 6
656 714:18:14 4
420 652:7:2 5
219 500:21:9 12
448 613:2:1 1
74 628 702 984:18:2 10 2 4
563 650:14:8 6
47 177:5:2 3
126 381 700 904:18:1 10 4 3
174 272:17:3 14
122 885:4:2 2
547 745:13:10 3
197 538:26:8 18
550 666:16:10 6
160 173 225 583:37:10 8 9 10
730 960:5:2 3
231 760:12:8 4
118 285 363:32:4 12 16
264 784 850:20:7 5 8
9 47 250 687:15:3 2 8 2
151 293 500 546:30:4 10 6 10
473 595:5:3 2
166 327 338 671:40:10 12 8 10
128 562 718:12:2 8 2
464 543 702 729:25:3 18 2 2
208 352 376 674:37:10 4 9 14
139 206 257 466:38:1 18 16 3
157 204:21:3 18
64 506:18:2 16
74 169:12:2 10
177 264 361 760:21:3 7 7 4
140 274:6:1 5
151 379 672:26:4 16 6
246 292 342 881:29:7 12 8 2
44 372 638:20:4 8 8
668 673 689:21:10 5 6
281 404:8:4 4
63 90 227 593:34:6 6 20 2
162 593:7:5 2
186 831:15:5 10
11 270:11:4 7
555 596:11:10 1
194 234:15:6 9
568 984:7:5 2
298 516 833:22:10 6 6
180 229 760 831:33:10 10 8 5
554 707 863:26:18 2 6
343 370 506 538:53:10 9 16 18
46 646 997:18:2 10 6
357 507:21:5 16
64 69 313 482:18:1 1 6 10
3 482 572:19:4 5 10
338 882:18:16 2
299 373:17:8 9
184 187 462:17:5 6 6
11 357 820:16:8 5 3
240 659 706:29:9 12 8
59 240 696:13:2 9 2
621 788:10:4 6
226 523 599:19:8 8 3
64 81:4:2 2
5 64 306 760:18:4 2 4 8
93 736:10:6 4
349 538 785 882:26:6 9 10 1
133 162 184 366:19:2 5 5 7
260 368 514:29:8 9 12
353 501:11:3 8
533 911:12:10 2
404 688 778:12:4 4 4
44 110:4:2 2
67 649:15:3 12
58 556 662 802:33:3 10 10 10
133 344 664 682:23:2 6 12 3
149 231 784:15:2 8 5
133 191 399:25:2 3 20
112 325 650 690:27:4 7 12 4
15 70 356:12:6 1 5
299 544 629 699:36:8 18 6 4
216 556:32:22 10
61 462:5:2 3
18 216 507 721:36:4 22 8 2
49 335 540 584:32:6 12 9 5
87 271 448 569:22:2 12 2 6
292 301 671:26:12 4 10
59 271 611:12:4 6 2
331 677:12:6 6
306 365 984:20:4 14 2
81 139 565 566:11:2 2 4 3
118 641 904:16:4 6 6
142 563:10:2 8
18 544 707:17:4 9 4
139 182 250 975:17:2 4 8 3
206 313 538 657:40:18 6 9 7
197 726:5:4 1
112 190:7:2 5
102 450 488:15:1 2 12
149 205 625:22:1 11 10
53 570 919:12:2 6 4
185 356 562 960:18:6 5 4 3
448 655:8:1 7
78 626:14:6 8
550 570 650:19:10 3 6
131 736 856:13:1 2 10
130 218 473 788:28:4 9 3 12
54 365 958:16:3 7 6
462 613 640:14:3 1 10
292 298:17:12 5
53 135 613 670:10:2 2 1 5
26 443:10:8 2
240 313 343:25:9 6 10
20 301 404 782:26:8 8 4 6
131 911:3:1 2
57 255:8:1 7
281 736 819:13:4 4 5
12 311 601:7:2 3 2
583 728:11:10 1
299 480 629 631:34:8 6 12 8
44 574 601 655:20:2 3 1 14
187 827:12:6 6
296 365 543:33:8 7 18
195 988:7:3 4
226 706:16:8 8
120 258 688:11:1 8 2
132 721:4:2 2
149 861:13:1 12
97 213 317 583:24:1 10 8 5
81 635 729 820:17:2 10 2 3
1 11 172 718:22:6 8 6 2
65 186 375:25:2 5 18
325 452 664:21:7 8 6
105 370 514 699:36:2 18 12 4
657 670:12:7 5
288 345:11:5 6
222 276 374 657:42:16 5 14 7
45 57:9:8 1
856 885 958:18:10 2 6
527 544 677:22:7 9 6
128 181:8:2 6
194 389 578:24:3 18 3
358 671:20:10 10
27 297 706:10:2 4 4
32 473 685 785:17:4 6 2 5
543 569:15:9 6
18 19 651 687:18:4 3 7 4
213 745:23:20 3
714 850:10:2 8
323 699:22:14 8
102 284 732:10:1 5 4
162 326:24:10 14
196 364 462 962:21:5 7 3 6
110 589:11:1 10
39 64 306 885:21:8 1 8 4
353 372 389:37:3 16 18
123 222 337 389:42:2 16 6 18
113 639:12:2 10
148 192 263:19:1 4 14
37 371:20:4 16
169 364:24:10 14
56 297 659:16:2 8 6
18 199 511 939:30:4 4 16 6
75 322 569:16:4 6 6
39 177:10:4 6
172 302 504:23:3 4 16
151 237 272 449:34:8 18 7 1
154 488 820:18:3 12 3
293 770:7:5 2
149 588:4:1 3
319 459 719:8:2 4 2
223 560 595 625:39:9 18 2 10
184 326:24:10 14
101 509 522 717:17:4 6 6 1
344 389 529 735:39:3 18 16 2
452 984:10:8 2
455 528:20:4 16
172 690 878:17:3 8 6
9 78 528:20:6 6 8
482 639 649:27:5 10 12
47 376 610:24:4 18 2
106 371 385:27:2 16 9
12 130 322:12:2 4 6
12 60 712:9:2 3 4
96 212 323 549:36:2 11 7 16
112 510 599:14:2 6 6
32 208 212 573:50:4 20 22 4
13 176 317 785:23:4 10 4 5
165 358 440 516:23:3 10 4 6
45 135:6:4 2
90 556 630:28:6 10 12
313 459 574:13:3 4 6
296 788:20:8 12
69 498 533:31:1 10 20
174 366 521:23:3 14 6
151 172 225:32:8 6 18
677 725 770:9:6 2 1
172 544 911:17:6 9 2
77 187:8:2 6
25 143 213 620:20:2 2 10 6
208 650:26:20 6
179 450 549 603:22:6 4 8 4
58 59 108 172:13:6 2 2 3
46 681 745:11:2 3 6
42 47 241:21:8 4 9
366 816:11:7 4
70 364 423:19:1 14 4
160 374 850:21:10 7 4
167 404 505:12:3 2 7
36 287 438 666:21:8 6 1 6
540 702 732 861:19:9 2 2 6
179 717 881 955:16:6 2 2 6
97 645 831:11:1 5 5
56 67 206:28:4 6 18
304 528:24:8 16
51 154 532 785:30:6 3 16 5
185 496:15:3 12
99 374 583:21:2 14 5
218 599 990:16:9 3 4
40 301 363:27:3 8 16
122 226 522:16:2 8 6
185 681 726:7:3 3 1
153 235 352:31:3 20 8
187 239 311 696:31:6 18 3 4
168 305 788:20:5 3 12
288 642:18:10 8
231 358:26:16 10
12 182 578:15:4 8 3
141 595:6:2 4
9 194 214 568:41:3 6 22 10
11 718:10:8 2
385 394:17:9 8
20 32 59 185:17:8 4 2 3
337 584:16:6 10
380 650 760:28:18 6 4
67 231 657:21:6 8 7
199 955:7:4 3
181 563 657:18:3 8 7
160 232 504 645:37:10 9 8 10
101 788:10:4 6
507 588 975:17:8 3 6
208 511:26:10 16
23 47 366 566:24:2 2 14 6
123 397 603 887:17:2 9 4 2
311 546 562 608:31:3 20 4 4
282 449 652:23:12 1 10
269 276 621 671:31:12 10 4 5
197 686:11:8 3
218 523:34:18 16
167 225 795 962:28:3 18 4 3
88 635:7:2 5
60 305 658:23:6 3 14
24 306:14:6 8
106 143 377 650:29:4 4 9 12
234 660 702 714:20:9 7 2 2
153 702:10:6 4
285 370 939:18:6 9 3
30 338:19:3 16
61 863:8:2 6
197 260 574:19:8 8 3
106 501 529 717:22:4 8 8 2
44 237 659 703:30:2 18 6 4
74 182 251:24:2 4 18
148 182:5:1 4
154 588:9:6 3
41 192 250 588:29:6 4 16 3
96 380 685:14:1 9 4
100 629 760 804:25:6 6 8 5
317 628 674:28:4 10 14
108 112 473:7:2 2 3
282 538 549:37:12 9 16
269 281 547:26:12 4 10
356 393 484:25:5 8 12
141 253 379 398:44:1 18 16 9
313 342 868:12:3 4 5
248 700:11:9 2
110 536:17:1 16
560 561 673:23:9 4 10
37 84 347 601:23:8 6 8 1
330 703:10:8 2
144 613 671 984:11:1 1 5 4
151 222 385 733:31:4 16 9 2
122 192 370:26:4 4 18
326 638 730:20:14 4 2
78 323 365 804:29:3 7 14 5
181 358 371 717:33:6 10 16 1
153 340 365:29:3 12 14
201 372 538 555:63:9 16 18 20
194 372:22:6 16
174 241 281 318:40:6 18 8 8
60 173 381:20:6 4 10
157 423 687:12:6 4 2
251 267 785:37:18 14 5
27 267 874:26:2 14 10
63 95 138 307:15:3 2 2 8
363 628:26:16 10
32 120 449 625:15:2 2 1 10
64 153 703:7:2 3 2
172 209 330:32:6 18 8
191 272 293 524:29:3 14 5 7
75 115 346:12:4 4 4
347 626 881:9:4 4 1
25 146:4:2 2
322 337 398 699:35:6 12 9 8
13 511 522:30:8 16 6
30 269:9:3 6
65 163 274 688:16:1 3 10 2
564 690:8:4 4
129 285 380:17:2 6 9
146 274:14:4 10
101 173:8:4 4
299 466 563 607:22:8 3 8 3
25 129 304 385:30:2 2 8 18
67 533:23:3 20
153 305 459:20:6 6 8
635 827 924:18:5 12 1
587 833:16:4 12
192 214 554 919:50:8 22 18 2
504 665 833 904:33:8 7 12 6
59 284 593 671:25:4 10 1 10
375 389 525 617:47:9 18 14 6
51 376 521 599:24:3 9 6 6
273 802 919:14:5 5 4
75 637 714 914:17:4 5 2 6
203 307 577:32:20 4 8
299 674:22:8 14
232 371 448 548:35:18 8 1 8
225 546:19:9 10
15 363 527 529:44:6 16 14 8
75 186 484 827:32:4 10 6 12
364 621:18:14 4
87 599 629 732:21:2 3 12 4
227 355:13:10 3
61 869:11:1 10
46 556 668 723:18:2 10 5 1
364 482 960:20:7 10 3
131 366 863 882:16:1 7 6 2
123 272 370 671:31:1 7 18 5
218 550:28:18 10
32 518:14:2 12
375 715:10:9 1
9 143 290 337:24:6 2 10 6
140 218 459 661:31:2 9 8 12
325 608:18:14 4
54 297 365:24:6 4 14
205 455:15:11 4
56 939:7:4 3
37 153 271:13:4 3 6
100 723:5:3 2
85 181 297:14:3 3 8
258 554 562 593:35:8 18 8 1
63 572:13:3 10
47 192 232 452:21:4 4 9 4
101 170 532:24:2 6 16
572 863:16:10 6
85 340 643 652:21:6 6 4 5
12 373 574 782:37:4 18 3 12
172 608 651 673:27:6 4 7 10
27 57 257 590:27:2 1 16 8
209 326:32:18 14
554 677 705:23:9 6 8
522 633:16:12 4
85 577:14:6 8
101 169 204 640:23:4 5 9 5
65 129 663 686:16:1 2 10 3
95 298 725:11:4 5 2
39 719 833:17:4 1 12
185 455 488 523:25:3 8 6 8
258 276 365:20:8 5 7
125 633 686:9:2 4 3
570 607:6:3 3
19 36 538:29:3 8 18
170 235:23:3 20
40 51 482 703:23:6 3 10 4
625 699:9:5 4
154 368 522:18:3 9 6
567 984:10:6 4
1 313 633:13:3 6 4
173 911:12:8 4
96 385 519:27:2 18 7
769 902:9:6 3
312 370 399 563:26:3 9 10 4
80 87 133 482:21:6 4 1 10
274 510 672:34:10 12 12
58 219 524:31:6 18 7
197 544 919:15:4 9 2
26 234 253 509:41:8 9 18 6
120 251 522:32:2 18 12
276 293 699 769:27:10 10 4 3
105 143 296 516:22:2 4 4 12
19 36 105 330:23:6 8 1 8
524 699:15:7 8
31 443 452:14:4 2 8
506 540:34:16 18
126 281:10:2 8
330 379 802:29:8 16 5
68 205 498:34:2 22 10
74 274 596 616:11:2 5 2 2
105 621 919:10:2 4 4
128 203 299 705:36:4 20 4 8
70 603:5:1 4
465 588 668:22:6 6 10
284 666 699 902:33:10 12 8 3
72 203 511:24:6 10 8
292 372 399 548:32:6 8 10 8
20 414:6:4 2
128 885:6:2 4
205 399 670:31:11 10 10
47 396:13:4 9
47 500:10:4 6
167 251 370 882:25:6 9 9 1
372 548 638 833:44:8 16 8 12
371 389 687 726:40:16 18 4 2
376 500 573 655:43:9 12 8 14
252 363 732 819:29:14 8 2 5
380 464:24:18 6
80 533 941:25:3 20 2
268 344 715:16:12 3 1
521 576 710:13:6 4 3
4 5 868:24:6 8 10
231 331:20:8 12
182 455 651 819:35:8 8 14 5
199 229 616 623:34:4 20 4 6
19 72 128:8:3 3 2
216 264 304 902:43:22 14 4 3
629 689:12:6 6
47 87 317:10:2 4 4
42 962:10:4 6
182 251 330:38:4 18 16
239 361:23:9 14
335 357 549:27:6 5 16
214 625:27:22 5
154 626:10:6 4
12 13 712 760:16:2 4 2 8
184 566 616 960:15:5 3 4 3
356 465:8:5 3
258 673:18:8 10
264 589:12:7 5
455 564:16:8 8
18 190:13:8 5
75 224 656 725:21:2 10 7 2
5 194:14:8 6
110 268 285 443:20:1 6 12 1
219 338 730 861:34:18 8 2 6
37 263 288:25:8 7 10
1 129 305 695:12:3 4 3 2
302 919:6:2 4
170 455 670 788:23:3 4 10 6
363 769 863 914:26:8 3 12 3
18 452 633:16:4 4 8
70 420 707:7:1 2 4
382 616:11:9 2
20 376:13:4 9
99 496 874 990:28:2 12 10 4
141 231 629 707:32:2 16 12 2
274 276 861:21:10 5 6
616 997:7:4 3
246 563 673:28:14 4 10
20 355 473 628:21:4 6 6 5
264 695 718 975:17:7 2 2 6
214 222 555 663:45:22 8 10 5
273 423 919:16:10 2 4
124 181 281 590:23:4 3 8 8
195 219:21:3 18
25 212:24:2 22
131 204:10:1 9
301 319 633:10:4 2 4
20 511 567:30:8 16 6
364 662:24:14 10
75 131 584 658:27:2 1 10 14
285 696:8:6 2
337 820:18:12 6
240 459 510 533:49:9 8 12 20
57 682 804:12:1 6 5
253 649:15:9 6
282 566:12:6 6
224 258 368 726:47:20 16 9 2
820 984:10:6 4
131 144 641 714:18:2 2 12 2
85 251 267 547:38:3 18 7 10
702 868:12:2 10
307 397 975:23:8 9 6
180 593:11:10 1
613 694 770 931:8:2 4 1 1
121 180 204 516:22:2 5 9 6
138 205 237 641:39:2 22 9 6
255 292 549:42:14 12 16
191 588:6:3 3
39 115 276 285:23:8 4 5 6
306 500 714:18:8 6 4
81 146:4:2 2
528 556 736:30:8 20 2
84 129 292 694:20:6 4 6 4
300 601 869:16:10 1 5
271 290 298 300:31:6 5 10 10
190 382 576:23:10 9 4
23 108:6:4 2
524 726 833 990:18:7 1 6 4
18 80 105 366:23:4 3 2 14
170 199 326 664:23:6 4 7 6
139 344 382:17:2 6 9
39 577 736:16:4 8 4
39 201 523:30:4 18 8
102 878:14:2 12
162 652 861:27:5 10 12
99 568 661 670:28:1 5 12 10
201 712:20:18 2
199 414 440 757:17:8 1 2 6
201 232 652 699:36:9 9 10 8
465 770 962:14:6 2 6
64 438 462 674:23:1 2 6 14
312 420:8:6 2
337 360:10:6 4
85 268 323 705:24:3 6 7 8
56 276:7:2 5
69 555 631 914:33:2 20 8 3
27 146 404:8:4 2 2
554 597 637 939:35:18 1 10 6
270 423:9:7 2
272 465 583:15:7 3 5
184 703 988:16:10 4 2
96 105 271:15:1 2 12
356 527:12:5 7
15 375:12:3 9
142 284 373:24:1 5 18
246 523:22:14 8
117 299 544 931:21:2 8 9 2
49 672 869:28:6 12 10
172 257 525:25:3 8 14
130 588:10:4 6
128 297 496 984:16:2 4 6 4
92 128 366 649:30:2 2 14 12
577 687 705:14:4 2 8
337 572 650:34:12 10 12
120 645:11:1 10
170 452 960:10:3 4 3
173 306 504 621:28:8 4 8 8
281 480 601 696:14:4 6 2 2
108 788:13:1 12
319 322:10:4 6
75 214 257 561:27:4 11 8 4
235 272 423 590:40:20 14 2 4
397 562 601 617:21:9 4 2 6
288 666:16:10 6
148 536 664:29:1 16 12
151 464 640 745:30:8 6 10 6
651 663 710:25:14 5 6
671 714:9:5 4
707 856:9:4 5
532 595 643:22:16 2 4
121 213 284 519:31:4 10 10 7
72 349 420:16:6 6 4
146 914 984:9:2 3 4
64 595 640:14:2 2 10
224 423:24:20 4
32 365 664 682:31:2 14 12 3
135 151 565:9:1 4 4
225 293 617:29:18 5 6
540 555 607:35:9 20 6
523 686:11:8 3
139 195 501:13:2 3 8
246 363 597:16:7 8 1
197 420 820:9:4 2 3
154 507:14:6 8
64 804:11:1 10
15 65 459 975:22:6 2 8 6
182 226 335:32:4 16 12
562 685 887:10:4 2 4
57 148 343 601:8:1 1 5 1
548 665:30:16 14
130 232 272:25:2 9 14
105 302 304 564:11:1 2 4 4
452 484 523 663:27:8 6 8 5
42 88 361:15:4 4 7
256 642:22:14 8
49 769:9:3 6
222 414:17:16 1
77 173:6:2 4
522 661:18:12 6
267 785:12:7 5
99 399 660 766:33:2 20 7 4
181 458 661:24:6 6 12
77 366 516 668:26:2 7 12 5
187 312:9:6 3
659 688 716:16:12 2 2
363 404:18:16 2
37 281:12:4 8
344 533 628:21:6 10 5
715 718:4:2 2
346 650:10:4 6
101 139 538 681:20:4 1 9 6
201 509:30:18 12
166 542 611 655:43:5 20 4 14
140 389 440:24:2 18 4
51 288 562:21:3 10 8
420 570:5:2 3
196 273 380 732:30:5 5 18 2
24 568 941:13:6 5 2
11 120 450 509:20:8 2 4 6
381 655:27:20 7
49 93 368 569:24:6 6 9 3
208 264 379 641:56:20 14 16 6
305 608:7:3 4
11 122 302:12:4 4 4
569 629 736:16:6 6 4
74 141 153 683:16:1 1 6 8
97 227 304:30:2 20 8
473 686:9:6 3
19 67 751 868:20:3 6 6 5
184 398 960:31:10 18 3
168 196 718:11:5 5 1
377 480 626 706:23:9 6 4 4
19 911:7:3 4
206 482 616 874:32:18 5 4 5
108 163 506:13:2 3 8
72 373:24:6 18
32 181 239 681:22:4 3 9 6
37 715:5:4 1
61 325 819:21:2 14 5
44 349 507:26:4 6 16
769 827 939:15:6 6 3
87 117 874:10:4 1 5
376 533 695:33:9 20 4
47 142 448:6:4 1 1
11 548 549 637:42:8 16 8 10
527 576 663:27:14 8 5
157 620 955:9:3 3 3
556 958:26:20 6
506 532 662 958:40:16 16 5 3
5 311 352 827:20:4 6 4 6
688 716 769 902:15:4 2 3 6
620 887:10:6 4
287 556:32:12 20
302 396:13:4 9
549 599 628:32:16 6 10
330 370 721:27:8 18 1
345 480 655:29:3 12 14
30 379:22:6 16
595 673 732 831:23:4 5 4 10
547 882:11:10 1
18 496 547 681:32:4 12 10 6
282 641:18:12 6
500 726 861:20:12 2 6
194 195 250 757:23:6 3 8 6
209 258 287 516:43:9 16 12 6
452 596 610 613:13:8 1 2 2
153 225 272 885:26:6 9 7 4
174 305:6:3 3
399 635:25:20 5
75 365 380 521:39:4 14 9 12
196 375 452 501:47:5 18 8 16
42 338 881:22:4 16 2
356 527 608 651:21:5 7 2 7
74 589:12:2 10
45 56 179 361:29:8 4 3 14
272 565 673 816:31:14 4 5 8
26 126 218 488:30:8 1 9 12
12 13 599:13:2 8 3
449 569:8:2 6
85 576:10:6 4
349 702:7:3 4
57 319 548:20:2 2 16
20 375 988:30:8 18 4
288 458 816:21:10 3 8
223 626 726:15:9 4 2
112 180 288 374:33:4 10 5 14
343 616:9:5 4
101 167 505:17:4 6 7
115 126 264 717:20:4 1 14 1
30 36 381:17:3 4 10
11 132 694 904:15:4 1 4 6
40 46 366 423:26:6 2 14 4
344 361:10:3 7
47 74 260 349:24:4 1 16 3
190 730:6:5 1
498 941:14:10 4
135 157 642 665:19:1 3 8 7
30 532:19:3 16
53 651 861:22:2 14 6
192 635:9:4 5
588 716:5:3 2
168 231 975:29:10 16 3
142 480:13:1 12
251 540 770:38:18 18 2
51 548 687:13:3 8 2
46 658:9:2 7
162 261 608:21:10 7 4
576 905:7:4 3
509 527:19:12 7
151 728:6:4 2
190 450 607:15:10 2 3
80 201 272 563:34:3 9 14 8
37 250 630 827:44:4 16 12 12
176 373 540 688:32:10 9 9 4
115 239 488 651:39:2 18 12 7
255 694 778:22:14 4 4
13 519 565:22:4 14 4
239 695:13:9 4
141 904:5:2 3
153 552:13:3 10
450 690 718 751:17:2 8 1 6
135 347 399 705:34:2 8 20 4
47 219:13:4 9
330 385:34:16 18
53 180 630 662:23:2 10 6 5
57 516 546 958:24:2 6 10 6
1 19 281:13:6 3 4
25 480 516 955:29:2 12 12 3
285 357 394:24:6 10 8
239 255 282 589:36:18 7 6 5
154 363 725 863:27:3 16 2 6
20 218 298:31:8 18 5
41 124 721:9:6 2 1
264 540:32:14 18
126 770:3:2 1
58 440 576:16:6 2 8
37 179:11:8 3
404 547:14:4 10
685 850:8:4 4
84 120 529:16:6 2 8
5 92 218 235:44:4 2 18 20
118 239 568:27:4 18 5
97 131 179 682:11:1 1 3 6
567 715:7:6 1
681 719 919:11:6 1 4
133 665:9:2 7
27 42:6:2 4
108 595:6:2 4
87 646:14:4 10
140 269:7:1 6
142 237 623 782:38:2 18 6 12
131 819 988:10:1 5 4
115 203 589 984:23:4 10 5 4
361 462:10:7 3
257 997:14:8 6
20 685:12:8 4
18 611:8:4 4
252 375 510:44:14 18 12
74 84 466 484:22:1 6 3 12
263 322 623 726:39:14 12 12 1
153 608:7:3 4
343 955:8:5 3
338 672 924:22:8 12 2
237 665:25:18 7
649 661:18:6 12
176 449:12:10 2
274 296:9:5 4
505 681:17:14 3
212 257 504 628:48:11 16 16 5
9 75 544 729:19:6 2 9 2
18 962:14:8 6
319 668:7:2 5
46 197:8:4 4
226 452 881 958:16:8 4 1 3
404 532 710:16:2 8 6
110 335 366:21:1 6 14
532 874:21:16 5
199 561:12:4 8
131 484 577:12:2 6 4
267 385:32:14 18
67 379 543:32:6 8 18
222 570:22:16 6
226 331 613 804:28:16 6 1 5
292 674:26:12 14
106 197 504 651:25:2 8 8 7
1 27 122 577:20:6 2 4 8
115 552 631:18:4 10 4
285 745:12:6 6
186 268 274:21:5 6 10
45 84 988:13:8 3 2
87 196 302 905:24:4 10 4 6
221 301 525:31:16 8 7
128 516:10:4 6
246 385:32:14 18
151 340:14:8 6
119 185 621 642:21:2 3 8 8
337 338:14:6 8
203 271 299 941:24:10 6 4 4
149 292 688 874:21:2 12 2 5
160 548 563 931:27:5 16 4 2
420 565:12:4 8
223 235 564:42:18 20 4
343 527 588:25:5 14 6
90 232 599:27:6 18 3
218 385 448 960:23:9 9 2 3
181 257 521 630:29:3 8 12 6
57 67 984:7:2 3 2
44 251 544 714:35:4 9 18 4
144 221 625:28:2 16 10
142 227 297:26:2 20 4
337 931:8:6 2
85 393:14:6 8
122 255 874:14:2 7 5
318 377 572 904:26:4 9 10 3
113 330 603:12:2 8 2
287 319 396:34:12 4 18
67 108 163 565:17:6 1 6 4
74 596 677 905:13:2 2 6 3
312 506:11:3 8
72 208 281:27:3 20 4
44 331:10:4 6
176 540 570:22:10 9 3
97 528:17:1 16
58 133:5:3 2
166 396 719 885:32:10 18 2 2
253 301 337:29:9 8 12
51 599 628 712:23:6 3 10 4
172 264:10:3 7
64 185 397 670:31:2 6 18 5
224 273 342 452:32:10 10 8 4
57 206 588:22:1 18 3
213 677:26:20 6
54 124 651:14:3 4 7
141 631 736 766:11:1 4 2 4
269 349 962:15:6 3 6
169 253 284 323:43:10 9 10 14
596 816:10:2 8
123 466 505:22:2 6 14
298 544 703:16:5 9 2
44 543 712:24:2 18 4
120 651:15:1 14
42 173 561 649:36:8 8 8 12
157 212 593 905:18:3 11 1 3
488 554:15:6 9
31 554 941:28:8 18 2
256 372 608 769:30:7 16 4 3
122 630:10:4 6
222 306 372:28:16 4 8
140 625:12:2 10
95 398:13:4 9
9 78 205:34:6 6 22
72 121 975:13:6 4 3
368 628 689 769:25:9 10 3 3
264 319 885 911:24:14 4 2 4
148 323 616 863:23:1 14 2 6
522 528 782:34:12 16 6
368 455 473:29:18 8 3
122 381 685:16:2 10 4
93 153 169 343:27:6 6 5 10
151 190 345 448:20:8 5 6 1
353 510 514 687:32:6 12 12 2
40 285 504 726:25:3 12 8 2
311 464 662:16:3 3 10
9 129 345 695:10:3 2 3 2
154 443:7:6 1
214 687:13:11 2
138 190 501 760:28:2 10 8 8
49 144:8:6 2
9 184 396:20:6 5 9
305 567 833:21:6 3 12
30 106 176:18:6 2 10
27 54:5:2 3
58 374:17:3 14
626 710:10:4 6
284 863:16:10 6
46 505:18:4 14
45 645:13:8 5
30 652 723:17:6 10 1
69 273 630 902:15:1 5 6 3
87 347 371 536:36:4 8 16 8
44 179 187 751:19:4 3 6 6
506 955:11:8 3
44 543:22:4 18
167 861 924:13:6 6 1
504 603 861:18:8 4 6
172 635 707:18:6 10 2
105 462:5:2 3
93 172 664 863:30:6 6 6 12
92 272 368 569:42:4 14 18 6
250 270 904:36:16 14 6
272 682 683 757:24:14 3 4 3
338 613 868 990:18:8 1 5 4
542 555 595 827:46:10 20 4 12
284 730:11:10 1
305 371:14:6 8
257 473 766:18:8 6 4
39 170 241 459:20:4 3 9 4
74 547 861 941:27:1 10 12 4
105 223 330:26:1 9 16
715 723:3:2 1
142 232 317 566:22:2 9 8 3
219 601 611 729:22:18 1 2 1
64 241 307:19:2 9 8
24 179 514:21:3 6 12
393 584:21:16 5
219 633 689 736:31:18 8 3 2
19 218 297:19:6 9 4
301 607:7:4 3
496 833:24:12 12
122 192 662 902:23:4 8 5 6
26 197 816:20:8 8 4
31 270 312 997:23:4 7 6 6
219 702:13:9 4
272 548 640 725:34:7 16 10 1
81 304 397:21:4 8 9
375 623:15:9 6
122 222 264 661:40:4 16 14 6
93 250 323 863:33:6 8 7 12
601 659:14:2 12
112 721:4:2 2
360 399:14:4 10
368 597 719:20:18 1 1
683 703 863:20:4 4 12
148 173 510 914:15:2 4 6 3
257 263 640 939:35:8 14 10 3
20 168 337 696:30:4 10 12 4
382 488 984:32:18 12 2
166 201 204 345:40:10 9 18 3
119 368 593 904:27:1 18 2 6
327 346 480:22:6 4 12
139 728:3:2 1
100 393 529 550:47:3 16 8 20
1 117 556:15:3 2 10
60 153 714 984:13:6 3 2 2
163 179 717:10:3 6 1
192 376:22:4 18
65 139 540 699:19:1 1 9 8
65 227 331 340:39:1 20 12 6
307 700 988:14:8 4 2
182 613 658 665:23:8 1 7 7
299 399 882:19:8 10 1
554 563 802:31:18 8 5
173 237 661:32:8 18 6
80 335 353:15:3 6 6
181 543:15:6 9
637 715:6:5 1
177 376 735:25:6 18 1
65 881:3:2 1
248 496:24:18 6
532 567:22:16 6
5 975:10:4 6
272 612 673 714:20:7 1 10 2
203 307 374:21:10 4 7
311 327 349 795:32:6 12 6 8
13 379:16:8 8
46 125 206 703:26:2 2 18 4
24 255 301:17:6 7 4
139 182:10:2 8
84 184 549 721:17:3 5 8 1
194 599 712:14:6 6 2
77 85:7:4 3
131 194 694:6:1 3 2
364 511 536:39:7 16 16
501 904:11:8 3
344 649:12:6 6
41 77:10:6 4
231 521 613:15:8 6 1
438 509:14:2 12
34 70 125:9:6 1 2
241 694 819:18:9 4 5
162 322 556 732:36:10 12 10 4
108 135 572:9:2 2 5
77 216 229 555:66:4 22 20 20
473 505 687 863:25:3 14 2 6
267 268 464:26:14 6 6
121 165 203 730:19:2 6 10 1
93 140:8:6 2
19 607:12:6 6
54 597 665 718:22:6 1 14 1
547 588 655:30:10 6 14
170 213 251:22:3 10 9
377 766:22:18 4
69 342 376 473:18:2 4 9 3
459 466 519:21:4 3 14
524 661:20:14 6
27 41 643 990:18:2 6 8 2
205 372:27:11 16
65 666:7:1 6
261 729:15:14 1
376 686:21:18 3
180 546 610 726:33:10 20 2 1
142 256:8:1 7
635 645:10:5 5
352 381 509 673:36:4 10 12 10
335 344 521 566:27:12 3 6 6
57 366 540:26:1 7 18
226 237 458 816:45:16 18 3 8
299 666 751:22:4 12 6
70 555 589:31:1 20 10
344 620:9:6 3
556 671:30:20 10
221 256 281 330:35:8 7 4 16
466 572 659 850:23:3 10 6 4
142 673 905:9:1 5 3
144 190 666 955:24:2 10 6 6
80 443 484 601:15:6 1 6 2
252 317 990:20:14 4 2
352 690:8:4 4
70 110 255 725:12:1 2 7 2
15 81 532 608:18:6 2 8 2
300 516 726:18:5 12 1
61 226 443 887:13:1 8 2 2
65 284:6:1 5
181 197 685:15:3 8 4
360 856:9:4 5
60 955:12:6 6
229 234 661:34:10 18 6
645 712:7:5 2
75 126 250 625:21:2 1 8 10
143 466 640 904:21:2 6 10 3
138 196 240 601:20:4 5 9 2
525 685:11:7 4
686 694 784:13:6 2 5
252 588 672 686:32:14 6 6 6
335 337 389 850:46:12 12 18 4
570 630:15:3 12
191 665 827:29:3 14 12
110 726:3:2 1
42 102 227 307:38:8 2 20 8
397 521 542 640:46:9 12 20 5
621 663 827:24:8 10 6
88 166 593 645:18:2 5 1 10
34 63 260 650:34:6 6 16 6
146 270:16:2 14
655 827:19:7 12
340 379 397 554:41:6 8 9 18
302 645 696 728:13:4 5 2 2
5 528:16:8 8
260 705:20:16 4
34 167 751:9:3 3 3
273 365 878:18:5 7 6
68 375:13:4 9
229 690:28:20 8
93 330 420 563:21:3 8 2 8
19 360 466 560:38:6 8 6 18
113 251:22:4 18
122 144 304 613:16:4 2 8 2
45 325 688:19:8 7 4
219 304 650:23:9 8 6
234 285 538 804:38:18 6 9 5
139 160 284 524:35:1 10 10 14
69 465 567 642:11:1 3 3 4
128 151 396 662:25:2 4 9 10
141 745 882:10:2 6 2
130 191 560:19:4 6 9
252 638 639 785:21:7 4 5 5
270 601:16:14 2
181 549 881:20:3 16 1
587 695:12:8 4
78 633 661:22:6 4 12
160 184 674:22:5 10 7
97 393:9:1 8
88 335:10:4 6
59 317 874:20:2 8 10
58 671:16:6 10
57 177 322 700:15:1 6 6 2
163 505 583:23:6 7 10
25 480:16:4 12
59 128:8:4 4
169 715 782:13:5 2 6
206 914:21:18 3
218 572 612:30:18 10 2
47 181 196:18:2 6 10
124 174 766:9:4 3 2
113 119 172:9:2 1 6
13 64:5:4 1
41 736:7:3 4
133 174 313:10:1 6 3
331 703:14:12 2
139 438 599:5:1 1 3
32 285 287 331:28:4 6 12 6
99 414 549 685:13:2 1 8 2
77 120:6:4 2
191 224:26:6 20
223 231:34:18 16
67 227 529 703:34:6 10 16 2
293 525:12:5 7
101 102:4:2 2
608 718:5:4 1
252 500 695:28:14 12 2
337 448 735:15:12 2 1
564 728:6:4 2
65 112 480 694:11:1 2 6 2
218 272 788:44:18 14 12
235 482 730 882:19:10 5 2 2
184 975:13:10 3
132 169:6:1 5
521 650:18:6 12
170 355 547:19:3 6 10
49 276 573 650:30:6 10 8 6
9 67 232:15:3 3 9
358 448 464 555:25:10 2 3 10
414 639 924:14:2 10 2
181 205 563 703:34:6 22 4 2
225 288 298 523:49:18 5 10 16
264 438 501:24:7 1 16
543 681:15:9 6
376 501:25:9 16
119 166:12:2 10
306 459:16:8 8
56 540 599:25:4 18 3
149 573:5:1 4
343 607 677 696:23:10 3 6 4
18 30:7:4 3
139 302 687 816:10:2 2 2 4
102 496 631 706:26:2 12 4 8
63 322 505 510:35:3 6 14 12
197 263 510 671:34:4 14 6 10
3 258:10:2 8
165 365 389:28:3 7 18
34 646:16:6 10
138 365 962:17:4 7 6
70 97 196:8:2 1 5
133 305 371:15:1 6 8
146 162 988:9:2 5 2
125 131:2:1 1
257 546:28:8 20
93 129 330 510:38:6 4 16 12
54 659 729:16:3 12 1
74 465:8:2 6
47 179 181 544:25:4 6 6 9
235 568 640:30:20 5 5
5 670:14:4 10
151 465 566:20:8 6 6
519 620 652 941:27:14 6 5 2
11 396 651:27:4 9 14
572 589 904:13:5 5 3
3 639 668 719:20:4 5 10 1
63 290 361 997:25:3 5 14 3
331 397 868:25:6 9 10
176 239 317 566:29:10 9 4 6
97 181 381 443:26:2 3 20 1
176 201 274 721:34:5 18 10 1
218 590:22:18 4
770 960:4:1 3
194 672:18:6 12
44 180 208 371:48:2 10 20 16
15 346:7:3 4
213 399 732:44:20 20 4
47 501 631 820:30:4 16 4 6
110 861:14:2 12
90 689 702:14:6 6 2
30 652:16:6 10
61 139:2:1 1
25 625:9:4 5
11 365:18:4 14
47 173 397:21:4 8 9
129 192 625 861:34:4 8 10 12
735 919:6:2 4
24 204 438 666:32:6 18 2 6
187 527 869:23:6 7 10
589 633:9:5 4
209 349 562:19:9 6 4
168 498:10:5 5
165 730 984:12:6 2 4
658 689:20:14 6
117 660 688:20:2 14 4
112 319 564:12:2 2 8
179 683 725:15:6 8 1
177 293 984:18:6 10 2
42 141 368:14:4 1 9
373 505 538 795:36:9 14 9 4
70 149:2:1 1
80 240 306 671:38:6 18 4 10
366 997:20:14 6
120 223 304 488:27:2 9 4 12
733 831:7:2 5
75 757:5:2 3
322 662:11:6 5
112 338:20:4 16
661 882:7:6 1
292 702:16:12 4
139 276 371 374:41:1 10 16 14
140 177 229 292:21:2 3 10 6
131 751:5:2 3
40 140 633 905:11:3 1 4 3
40 506:11:3 8
397 593 646:25:18 2 5
4 263 611 819:34:6 14 4 10
256 567:20:14 6
335 652:11:6 5
229 264 507 522:37:10 7 8 12
45 72 703:9:4 3 2
201 688 831:23:9 4 10
92 258 538 726:30:4 16 9 1
331 723 878:25:12 1 12
225 258 389 782:49:9 16 18 6
255 501 670:25:7 8 10
337 355 521:18:6 6 6
102 125 352 538:20:1 2 8 9
187 268 904:21:3 12 6
216 661:28:22 6
257 496 729:21:8 12 1
67 225 246 712:33:6 9 14 4
170 208 555 620:26:3 10 10 3
544 686 960:15:9 3 3
101 140 596:7:4 2 1
234 562:26:18 8
141 146 260:14:2 4 8
610 611 655 683:28:2 4 14 8
521 595 988:12:6 2 4
219 717 904:14:9 2 3
46 440 449 514:19:2 4 1 12
237 335 574:18:9 6 3
63 143:5:3 2
182 234 633:34:8 18 8
404 635 705 715:15:4 5 4 2
160 180 376 686:31:5 5 18 3
199 414 561:13:8 1 4
4 224 546:36:6 20 10
24 53 190 323:29:3 2 10 14
110 355 399:28:2 6 20
87 371:18:2 16
27 603:8:4 4
168 208 681:26:10 10 6
287 356 542 699:35:12 5 10 8
163 197 219 522:26:3 8 9 6
42 473 532:22:8 6 8
51 607 730:13:6 6 1
496 642:14:6 8
331 561 620 820:23:6 8 3 6
298 707:7:5 2
132 151 529 628:23:2 8 8 5
366 527 662 694:30:14 7 5 4
239 518:30:18 12
11 788:10:4 6
181 221 258 317:35:3 16 8 8
224 255 331 690:50:20 14 12 4
18 267 438:17:8 7 2
170 751:6:3 3
60 218 997:15:3 9 3
129 221 751 882:27:4 16 6 1
42 396 568 639:28:4 9 10 5
4 106 374 904:22:3 2 14 3
325 518:26:14 12
124 287:8:2 6
260 638 645 657:36:8 4 10 14
122 399:22:2 20
666 714:10:6 4
68 365 368:27:4 14 9
163 219:24:6 18
450 699:8:4 4
167 563 668 911:17:6 4 5 2
51 182:11:3 8
368 374 538 570:47:9 14 18 6
1 313 707 988:15:3 6 4 2
61 97 816:11:2 1 8
219 281:22:18 4
51 393 394 556:37:3 8 16 10
248 686:12:9 3
191 542:26:6 20
1 36 218:32:6 8 18
24 302 694:9:3 2 4
140 267 564:23:1 14 8
162 229 337 518:33:5 10 12 6
174 668:8:3 5
241 355 423 555:26:9 3 4 10
140 564:9:1 8
45 473:11:8 3
192 919:12:8 4
133 143 250 778:22:2 2 16 2
36 203 593 958:19:4 10 2 3
1 511:19:3 16
128 628 656 868:26:4 10 7 5
31 506 593 827:19:4 8 1 6
374 450 685 850:24:14 2 4 4
229 293 536 695:32:10 10 8 4
253 612:11:9 2
224 232 501:44:10 18 16
125 139 597:4:1 1 2
124 203 524 672:25:2 10 7 6
4 250 721:13:3 8 2
449 630 716 721:11:1 6 2 2
181 423 546 941:24:6 4 10 4
297 962:14:8 6
133 466 507:21:2 3 16
53 115 504 664:27:1 4 16 6
187 583:16:6 10
214 540 607 670:45:11 18 6 10
23 190:7:2 5
282 372:22:6 16
555 583:15:10 5
61 212 510 612:21:2 11 6 2
46 170 507:15:4 3 8
300 488:22:10 12
253 363 610:36:18 16 2
1 549 577 729:20:6 8 4 2
518 861:12:6 6
226 363:24:16 8
344 540:12:3 9
352 540 668 795:35:8 18 5 4
44 696:6:4 2
44 53 544 924:15:2 2 9 2
330 524:30:16 14
532 569 668 699:37:16 3 10 8
3 360 660 861:32:4 8 14 6
141 253 681:26:2 18 6
231 570:19:16 3
