14 41:5:2 3
72 503:10:3 7
73 691:4:2 2
305 708:7:3 4
308 767:5:2 3
177 324 533:21:3 8 10
653 801:10:5 5
37 911:6:4 2
283 292 767:14:5 6 3
108 166:6:1 5
177 554:12:3 9
318 870:10:4 6
14 619 637:9:2 2 5
22 159 653:14:4 5 5
241 296:13:9 4
56 349:5:2 3
537 725:11:10 1
70 658 682:11:1 7 3
368 392 801:22:9 8 5
191 653:8:3 5
166 526 704:17:5 8 4
224 349 464:16:10 3 3
70 990:3:1 2
217 387 608:21:11 8 2
210 607:13:10 3
136 709 831:8:1 2 5
545 598:10:9 1
16 503:9:2 7
56 639:7:2 5
537 679:16:10 6
37 203 724:15:4 10 1
672 694 706:12:6 2 4
57 70 464:5:1 1 3
217 533:21:11 10
672 682:9:6 3
57 341 634:9:1 4 4
270 607:10:7 3
221 322 340:20:8 6 6
44 324 725:11:2 8 1
166 167:8:5 3
61 296 319:7:1 4 2
349 393 672:17:3 8 6
51 240 270:19:3 9 7
469 629 641:15:3 6 6
61 108 679:8:1 1 6
193 349 533:16:3 3 10
368 400:17:9 8
296 908:7:4 3
241 391 706:22:9 9 4
203 629:16:10 6
533 801:15:10 5
464 556 567:16:3 10 3
241 289 387:21:9 4 8
203 545:19:10 9
44 533 562:16:2 10 4
91 301 672:12:2 4 6
55 556:12:2 10
55 632:8:2 6
112 365 691:11:2 7 2
203 629:16:10 6
269 682:9:6 3
322 365 621:17:6 7 4
51 275 639:15:3 7 5
210 283 533:25:10 5 10
240 605 990:14:9 3 2
177 556:13:3 10
332 387:16:8 8
112 614 643:9:2 3 4
398 642:13:9 4
108 136 641:8:1 1 6
166 856:10:5 5
167 623 682:12:3 6 3
129 219 668:16:2 9 5
159 537 567:18:5 10 3
191 286 642:13:3 6 4
308 396 725:12:2 9 1
74 364 394:16:1 7 8
74 231 856:14:1 8 5
672 856:11:6 5
292 653:11:6 5
217 308 469:16:11 2 3
91 192:6:2 4
72 159 990:10:3 5 2
526 767 880:16:8 3 5
554 637 694:16:9 5 2
392 599 680:16:8 3 5
112 257:10:2 8
74 908:4:1 3
297 305 599:10:4 3 3
359 364 533:22:5 7 10
487 503 658:20:6 7 7
371 894:10:8 2
526 706 854:16:8 4 4
166 366:12:5 7
6 38:5:3 2
240 684 905:15:9 3 3
37 273 793:14:4 5 5
55 318:6:2 4
292 305 526:17:6 3 8
124 725:3:2 1
240 554 619:20:9 9 2
4 219:12:3 9
546 607 860:18:10 3 5
230 839:14:8 6
136 270:8:1 7
192 894 911:8:4 2 2
134 512:8:2 6
61 129:3:1 2
67 253:12:3 9
51 308:5:3 2
56 364 619:11:2 7 2
533 839:16:10 6
129 220 690:17:2 11 4
607 862:8:3 5
389 911:11:9 2
241 682 706:16:9 3 4
107 545:10:1 9
641 711:7:6 1
211 273 856:20:10 5 5
57 136:2:1 1
318 641:10:4 6
38 203 643:16:2 10 4
193 340 831:14:3 6 5
725 911:3:1 2
107 366:8:1 7
52 283 305:11:3 5 3
167 192:7:3 4
129 698:4:2 2
6 396:12:3 9
210 526 990:20:10 8 2
639 679:11:5 6
16 706:6:2 4
74 154:4:1 3
72 132:4:3 1
305 725 793:9:3 1 5
292 567 671:14:6 3 5
6 629 639:14:3 6 5
191 608:5:3 2
56 567 856:10:2 3 5
503 658:14:7 7
192 964:8:4 4
108 296:5:1 4
124 725:3:2 1
396 880:14:9 5
724 839 862:12:1 6 5
667 682:8:5 3
301 391 526:21:4 9 8
230 241:17:8 9
224 870:16:10 6
217 318 725:16:11 4 1
72 107 632:10:3 1 6
168 637 945:12:5 5 2
393 672 870:20:8 6 6
366 607:10:7 3
177 639 706:12:3 5 4
221 546 632:24:8 10 6
230 329 840:19:8 6 5
270 387:15:7 8
270 500:13:7 6
193 546:13:3 10
393 537 856:23:8 10 5
11 653 945:11:4 5 2
297 605 671:12:4 3 5
167 231 305:14:3 8 3
691 831:7:2 5
74 315 319:6:1 3 2
52 368:12:3 9
257 556 704:22:8 10 4
330 684:11:8 3
11 296 682:11:4 4 3
72 839:9:3 6
11 220:15:4 11
4 857:9:3 6
11 551 680:17:4 8 5
134 227:12:2 10
119 684 724:5:1 3 1
219 396:18:9 9
16 192 682:9:2 4 3
193 562:7:3 4
51 91 831:10:3 2 5
219 526:17:9 8
224 332 389:27:10 8 9
308 551:10:2 8
217 668:16:11 5
159 643:9:5 4
124 297 533:16:2 4 10
394 641 658:21:8 6 7
398 500:15:9 6
73 698 831:9:2 2 5
230 286 801:19:8 6 5
464 567 894:8:3 3 2
108 324:9:1 8
4 159 623:14:3 5 6
4 398 711:13:3 9 1
315 667:8:3 5
74 387 503:16:1 8 7
289 341 679:14:4 4 6
5 129:6:4 2
168 500:11:5 6
365 672 691:15:7 6 2
209 328 656:22:9 6 7
221 503 526:23:8 7 8
551 880:13:8 5
14 767:5:2 3
273 839:11:5 6
533 605:13:10 3
167 990:5:3 2
253 682 708:16:9 3 4
11 241 349:16:4 9 3
318 537 639:19:4 10 5
129 656:9:2 7
210 319 668:17:10 2 5
107 283 840:11:1 5 5
308 567:5:2 3
134 349 905:8:2 3 3
270 533:17:7 10
67 219 500:18:3 9 6
210 537 679:26:10 10 6
22 319 840:11:4 2 5
614 704:7:3 4
51 61 599:7:3 1 3
391 500 706:19:9 6 4
273 315 512:14:5 3 6
512 725:7:6 1
72 192 694:9:3 4 2
134 210:12:2 10
136 512 621:11:1 6 4
210 680:15:10 5
108 599 725:5:1 3 1
38 605:5:2 3
4 21:7:3 4
191 945:5:3 2
55 191 599:8:2 3 3
537 793:15:10 5
44 224 708:16:2 10 4
132 562 793:10:1 4 5
37 296:8:4 4
56 801:7:2 5
366 487 671:18:7 6 5
241 694:11:9 2
211 364 632:23:10 7 6
25 389 990:13:2 9 2
70 219 359:15:1 9 5
396 860:14:9 5
108 594 599:5:1 1 3
305 359 682:11:3 5 3
221 301:12:8 4
154 398 503:19:3 9 7
368 619 672:17:9 2 6
132 166 391:15:1 5 9
512 608:8:6 2
6 396 668:17:3 9 5
72 680:8:3 5
52 709 870:11:3 2 6
227 619 658:19:10 2 7
11 396:13:4 9
269 671:11:6 5
391 704 854:17:9 4 4
16 219 619:13:2 9 2
56 269 400:16:2 6 8
132 487 612:8:1 6 1
73 359 656:14:2 5 7
6 22 667:12:3 4 5
166 322:11:5 6
192 389 642:17:4 9 4
112 324 387:18:2 8 8
504 840:13:8 5
297 637:9:4 5
203 856:15:10 5
25 129:4:2 2
74 322 690:11:1 6 4
230 366:15:8 7
16 67 322:11:2 3 6
253 551 658:24:9 8 7
241 964:13:9 4
57 392:9:1 8
91 217 945:15:2 11 2
129 672:8:2 6
283 359 396:19:5 5 9
22 41:7:4 3
387 698:10:8 2
107 167 554:13:1 3 9
55 273 619:9:2 5 2
5 856:9:4 5
533 621:14:10 4
230 296 831:17:8 4 5
159 656:12:5 7
167 221 690:15:3 8 4
292 341 623:16:6 4 6
166 990:7:5 2
177 359 521:14:3 5 6
4 667:8:3 5
22 275 393:19:4 7 8
119 289 672:11:1 4 6
607 632:9:3 6
14 708 856:11:2 4 5
5 73:6:4 2
270 349 831:15:7 3 5
500 504 793:19:6 8 5
21 124 793:11:4 2 5
365 725:8:7 1
387 658 801:20:8 7 5
315 554:12:3 9
396 526 690:21:9 8 4
107 612:2:1 1
227 464 870:19:10 3 6
231 562:12:8 4
44 599 684:8:2 3 3
4 365 667:15:3 7 5
166 221 270:20:5 8 7
193 241:12:3 9
297 801:9:4 5
167 177 396:15:3 3 9
119 856:6:1 5
668 905:8:5 3
767 870:9:3 6
241 296 391:22:9 4 9
132 679:7:1 6
107 193:4:1 3
166 365 668:17:5 7 5
341 653:9:4 5
275 297 642:15:7 4 4
332 504 801:21:8 8 5
11 608 632:12:4 2 6
598 724:2:1 1
124 394:10:2 8
119 398 562:14:1 9 4
682 709:5:3 2
37 392:12:4 8
67 911 945:7:3 2 2
119 767:4:1 3
6 286 990:11:3 6 2
73 119 894:5:2 1 2
37 469 608:9:4 3 2
127 679 839:13:1 6 6
708 856:9:4 5
25 537:12:2 10
257 469:11:8 3
551 634 894:14:8 4 2
398 856:14:9 5
324 512:14:8 6
193 257 667:16:3 8 5
551 632 694:16:8 6 2
192 562 619:10:4 4 2
107 691:3:1 2
5 653 964:13:4 5 4
166 364 698:14:5 7 2
318 567:7:4 3
108 241 698:12:1 9 2
11 368 556:23:4 9 10
132 641:7:1 6
296 389 503:20:4 9 7
73 400:10:2 8
132 680:6:1 5
504 567:11:8 3
56 203:12:2 10
124 318:6:2 4
11 637 990:11:4 5 2
219 396 512:24:9 9 6
124 159 224:17:2 5 10
11 257 341:16:4 8 4
308 551:10:2 8
91 193 767:8:2 3 3
220 297:15:11 4
231 364 639:20:8 7 5
57 512 545:16:1 6 9
371 396:17:8 9
253 275 546:26:9 7 10
704 894:6:4 2
649 908:9:6 3
546 554 567:22:10 9 3
177 275 554:19:3 7 9
22 708 860:13:4 4 5
240 599 854:16:9 3 4
621 724:5:4 1
305 512:9:3 6
91 341 526:14:2 4 8
61 503:8:1 7
210 612 641:17:10 1 6
599 839:9:3 6
203 394:18:10 8
634 724 840:10:4 1 5
37 257 801:17:4 8 5
393 623 690:18:8 6 4
57 231 637:14:1 8 5
203 545:19:10 9
283 286:11:5 6
72 599:6:3 3
127 598:2:1 1
210 368 637:24:10 9 5
177 546:13:3 10
526 621 653:17:8 4 5
159 193 398:17:5 3 9
330 365:15:8 7
5 359:9:4 5
154 219:12:3 9
37 341 619:10:4 4 2
11 629:10:4 6
221 305 599:14:8 3 3
269 671:11:6 5
14 709:4:2 2
231 614:11:8 3
364 632:13:7 6
328 500:12:6 6
634 862:9:4 5
500 641 709:14:6 6 2
70 793 945:8:1 5 2
57 396 621:14:1 9 4
292 389 500:21:6 9 6
167 667 990:10:3 5 2
364 598 990:10:7 1 2
330 349 694:13:8 3 2
500 691:8:6 2
621 964:8:4 4
220 706:15:11 4
315 554:12:3 9
177 599:6:3 3
537 724:11:10 1
545 649:15:9 6
598 607 698:6:1 3 2
6 831 908:11:3 5 3
14 709 945:6:2 2 2
154 273 629:14:3 5 6
220 839:17:11 6
38 512:8:2 6
210 908:13:10 3
365 694 862:14:7 2 5
220 690:15:11 4
621 634 990:10:4 4 2
526 870:14:8 6
324 598:9:8 1
629 634:10:6 4
21 389:13:4 9
41 708 839:13:3 4 6
191 221 469:14:3 8 3
136 231:9:1 8
396 526 623:23:9 8 6
605 860:8:3 5
55 296 567:9:2 4 3
52 322:9:3 6
177 318 341:11:3 4 4
159 641:11:5 6
112 136 387:11:2 1 8
44 240:11:2 9
464 840:8:3 5
37 224 653:19:4 10 5
16 56 567:7:2 2 3
129 656:9:2 7
129 464:5:2 3
292 368 656:22:6 9 7
5 217:15:4 11
136 639 840:11:1 5 5
5 91:6:4 2
464 608:5:3 2
308 634:6:2 4
55 709:4:2 2
368 546 793:24:9 10 5
108 230:9:1 8
192 340 894:12:4 6 2
319 340 562:12:2 6 4
108 392 607:12:1 8 3
134 711:3:2 1
487 854 880:15:6 4 5
119 537:11:1 10
387 392:16:8 8
107 469:4:1 3
11 119 341:9:4 1 4
61 860:6:1 5
301 614 623:13:4 3 6
74 831:6:1 5
315 500 691:11:3 6 2
220 221:19:11 8
562 682:7:4 3
706 894:6:4 2
283 332 767:16:5 8 3
632 671 704:15:6 5 4
275 637 691:14:7 5 2
177 503:10:3 7
521 629 854:16:6 6 4
129 219 270:18:2 9 7
257 607 641:17:8 3 6
55 231:10:2 8
57 241:10:1 9
908 990:5:3 2
393 880:13:8 5
545 637 857:20:9 5 6
203 322 704:20:10 6 4
621 698 831:11:4 2 5
25 667 698:9:2 5 2
154 318:7:3 4
112 387 708:14:2 8 4
231 400 643:20:8 8 4
124 614:5:2 3
21 619 724:7:4 2 1
211 641 990:18:10 6 2
132 724 725:3:1 1 1
292 297:10:6 4
136 667:6:1 5
136 503 546:18:1 7 10
25 668 709:9:2 5 2
