41 979:6:3 3
151 188 910:12:4 5 3
48 158:9:4 5
38 360 541:16:2 4 10
541 568 812:19:10 5 4
229 451:14:10 4
477 498 852:16:5 5 6
128 565:6:2 4
470 537:14:4 10
175 259:12:3 9
153 462 502:12:3 3 6
32 77 719:5:2 2 1
127 331:7:1 6
20 53 608:7:4 1 2
53 245:10:1 9
281 458:7:4 3
32 496 516:14:2 6 6
245 608 620:14:9 2 3
17 659:8:2 6
354 645:9:4 5
436 681:5:2 3
57 375:10:1 9
334 895:10:8 2
513 901:8:6 2
190 518:11:5 6
57 450 693:6:1 2 3
41 941:5:3 2
162 301 758:14:5 4 5
62 833:7:1 6
496 596 705:11:6 1 4
421 645:7:2 5
303 492 633:12:3 5 4
202 646:16:11 5
427 919:4:2 2
32 426:4:2 2
470 669:10:4 6
388 877 898:16:8 6 2
15 275 483:15:3 7 5
172 291 992:11:3 6 2
102 537 817:15:1 10 4
659 719:7:6 1
232 516 981:18:9 6 3
122 168:7:2 5
68 833:8:2 6
461 900:6:4 2
157 328 356:14:3 6 5
421 626 999:9:2 4 3
281 425:5:4 1
291 427 626:12:6 2 4
304 488:10:4 6
461 585 630:13:4 3 6
465 550:13:3 10
156 291:9:3 6
45 809:8:4 4
426 461 576:10:2 4 4
469 586:7:3 4
426 539 556:20:2 8 10
68 356 368:16:2 5 9
133 650:7:1 6
151 331:10:4 6
194 705:7:3 4
442 494 726:7:1 5 1
226 388:16:8 8
477 900:7:5 2
45 353 537:17:4 3 10
32 68 419:6:2 2 2
32 850 877:12:2 4 6
36 188 481:15:4 5 6
136 758:6:1 5
77 483 498:12:2 5 5
574 617:6:3 3
259 442 605:13:9 1 3
15 74 546:14:3 1 10
184 484 516:17:5 6 6
2 151 608:9:3 4 2
559 833:14:8 6
13 348:9:4 5
45 102 498:10:4 1 5
1 465 809:10:3 3 4
88 179 219:14:2 3 9
11 469:7:4 3
288 923:6:5 1
20 405:5:4 1
608 817:6:2 4
48 288:9:4 5
173 726:5:4 1
226 526:16:8 8
226 669:14:8 6
405 681:4:1 3
331 354:10:6 4
26 739 888:8:4 2 2
458 976:6:3 3
45 133 796:9:4 1 4
375 558 585:21:9 9 3
83 812:5:1 4
586 626:8:4 4
151 361 523:19:4 7 8
18 243 275:18:4 7 7
153 264:10:3 7
107 528 688:11:1 8 2
45 431 572:11:4 2 5
38 168 395:16:2 5 9
1 283:8:3 5
151 269 462:13:4 6 3
62 238 877:17:1 10 6
138 564 568:11:2 4 5
441 559:9:1 8
135 492:6:1 5
229 506 758:23:10 8 5
451 528 632:18:4 8 6
395 425 556:20:9 1 10
217 548 587:23:11 8 4
15 585:6:3 3
37 220 641:21:4 11 6
71 194 630:11:2 3 6
111 251 537:21:2 9 10
414 490 585:10:1 6 3
572 705:9:5 4
229 650 832:20:10 6 4
83 901:3:1 2
158 226 758:18:5 8 5
26 444:5:4 1
168 498:10:5 5
288 488 852:17:5 6 6
15 688:5:3 2
13 518:10:4 6
354 832:8:4 4
40 179:6:3 3
74 235:11:1 10
232 405 483:15:9 1 5
13 18 559:16:4 4 8
516 559 604:15:6 8 1
175 608:5:3 2
380 646:14:9 5
37 324 568:17:4 8 5
513 792:11:6 5
53 910:4:1 3
368 431 470:15:9 2 4
353 414 564:8:3 1 4
83 375 537:20:1 9 10
73 479 888:10:2 6 2
405 498 546:16:1 5 10
617 726:4:3 1
133 315 548:12:1 3 8
214 900:13:11 2
235 331 470:20:10 6 4
135 153:4:1 3
172 190 632:14:3 5 6
425 852:7:1 6
465 492:8:3 5
300 392:13:5 8
492 506:13:5 8
302 425:3:2 1
131 282:7:1 6
232 304 572:18:9 4 5
315 423:5:3 2
395 494:14:9 5
21 619 981:9:4 2 3
238 877:16:10 6
156 272:10:3 7
238 976:13:10 3
57 488 565:11:1 6 4
232 659:15:9 6
36 48:8:4 4
277 457 548:19:7 4 8
37 38 981:9:4 2 3
102 107 481:8:1 1 6
223 526:17:9 8
223 923:10:9 1
77 223 361:18:2 9 7
243 645:12:7 5
11 57:5:4 1
45 372 548:20:4 8 8
109 798:6:1 5
120 327 719:8:1 6 1
133 328 484:13:1 6 6
50 290 576:13:4 5 4
128 300 485:12:2 5 5
41 427:5:3 2
77 604 705:7:2 1 4
642 768 795:10:4 2 4
18 519:11:4 7
18 301:8:4 4
243 626:11:7 4
462 494:8:3 5
300 659:11:5 6
1 283 817:12:3 5 4
68 361:9:2 7
259 669 901:17:9 6 2
26 232 304:17:4 9 4
162 461 659:15:5 4 6
102 272 421:10:1 7 2
315 739:5:3 2
604 739:3:1 2
298 795:9:5 4
179 235 421:15:3 10 2
277 392 421:17:7 8 2
127 168:6:1 5
336 507:14:6 8
153 196 315:11:3 5 3
36 135 481:11:4 1 6
427 645:7:2 5
11 13 48:12:4 4 4
496 630:12:6 6
190 269:11:5 6
238 640 888:17:10 5 2
630 852 877:18:6 6 6
291 315 386:19:6 3 10
144 556 568:16:1 10 5
380 405 484:16:9 1 6
135 556:11:1 10
190 596:6:5 1
620 832 976:10:3 4 3
162 450 898:9:5 2 2
133 485 596:7:1 5 1
223 519 546:26:9 7 10
26 419 659:12:4 2 6
507 558 798:22:8 9 5
298 546:15:5 10
388 574:11:8 3
368 615:12:9 3
269 681:9:6 3
354 372 901:14:4 8 2
57 334 483:14:1 8 5
168 604:6:5 1
54 185 619:8:3 3 2
109 462 615:7:1 3 3
482 877:11:5 6
214 277 348:23:11 7 5
168 259 327:20:5 9 6
214 269 795:21:11 6 4
2 659:9:3 6
498 641 979:14:5 6 3
273 348 441:11:5 5 1
38 109 630:9:2 1 6
144 380 451:14:1 9 4
120 298:6:1 5
375 519:16:9 7
281 773:6:4 2
74 152 235:14:1 3 10
48 272 768:13:4 7 2
20 173 669:14:4 4 6
135 619:3:1 2
127 423 626:7:1 2 4
513 516 587:16:6 6 4
131 190 229:16:1 5 10
288 681 855:13:5 3 5
564 938:7:4 3
71 481 556:18:2 6 10
230 548:16:8 8
282 938:9:6 3
153 436 494:10:3 2 5
498 518:11:5 6
128 564:6:2 4
102 133:2:1 1
328 372 898:16:6 8 2
156 541:13:3 10
632 888:8:6 2
2 458 574:9:3 3 3
518 900:8:6 2
151 798:9:4 5
77 470 645:11:2 4 5
300 450:7:5 2
127 492:6:1 5
127 441:2:1 1
109 426 481:9:1 2 6
423 693 901:7:2 3 2
107 380 608:12:1 9 2
275 587 855:16:7 4 5
405 444 506:10:1 1 8
26 269:10:4 6
2 219:12:3 9
414 642:5:1 4
327 558:15:6 9
421 490:8:2 6
281 426 833:12:4 2 6
354 565:8:4 4
156 895:5:3 2
833 941:8:6 2
54 272 641:16:3 7 6
229 898:12:10 2
184 301 353:12:5 4 3
109 458:4:1 3
833 901:8:6 2
388 895:10:8 2
45 48 979:11:4 4 3
465 615 992:8:3 3 2
17 185 251:14:2 3 9
131 133 388:10:1 1 8
431 608:4:2 2
37 620 688:9:4 3 2
185 388:11:3 8
118 431 477:9:2 2 5
136 458 919:6:1 3 2
232 405:10:9 1
122 585:5:2 3
490 608:8:6 2
331 414 421:9:6 1 2
604 992:3:1 2
354 895 979:9:4 2 3
245 541:19:9 10
168 543:14:5 9
351 601:5:4 1
479 548:14:6 8
38 243:9:2 7
83 120:2:1 1
156 185 496:12:3 3 6
36 659:10:4 6
57 502:7:1 6
315 386 587:17:3 10 4
506 812 910:15:8 4 3
502 568 601:12:6 5 1
328 375 502:21:6 9 6
334 484 633:18:8 6 4
421 721:3:2 1
300 833:11:5 6
226 419 941:12:8 2 2
21 153:7:4 3
136 564 604:6:1 4 1
37 269 792:15:4 6 5
62 153 693:7:1 3 3
328 559 688:16:6 8 2
54 184 543:17:3 5 9
300 646:10:5 5
773 792:7:2 5
68 976:5:2 3
17 281:6:2 4
77 465 619:7:2 3 2
138 719:3:2 1
327 414 877:13:6 1 6
50 633:8:4 4
488 817 923:11:6 4 1
264 336:13:7 6
481 605:9:6 3
83 490 619:9:1 6 2
77 273 546:17:2 5 10
188 336:11:5 6
1 157:6:3 3
483 626 880:14:5 4 5
21 109 483:10:4 1 5
45 226:12:4 8
633 992:6:4 2
53 483 587:10:1 5 4
462 574:6:3 3
135 288:6:1 5
109 465:4:1 3
168 585:8:5 3
13 328:10:4 6
133 484:7:1 6
45 900:6:4 2
492 640:10:5 5
196 498 626:14:5 5 4
298 526 895:15:5 8 2
556 559 641:24:10 8 6
281 567:7:4 3
68 291 681:11:2 6 3
152 519:10:3 7
18 451:8:4 4
38 118 567:7:2 2 3
2 26 259:16:3 4 9
392 617:11:8 3
74 282 457:11:1 6 4
372 938:11:8 3
288 405 537:16:5 1 10
40 768 852:11:3 2 6
1 135 259:13:3 1 9
131 283 608:8:1 5 2
179 273:8:3 5
15 71 739:7:3 2 2
632 880 898:13:6 5 2
465 587:7:3 4
291 334 425:15:6 8 1
494 576 587:13:5 4 4
451 492:9:4 5
184 277 283:17:5 7 5
153 539 792:16:3 8 5
273 496 895:13:5 6 2
414 587 850:9:1 4 4
421 796:6:2 4
158 496:11:5 6
272 620 768:12:7 3 2
41 327 630:15:3 6 6
162 465:8:5 3
361 543:16:7 9
107 168:6:1 5
136 792:6:1 5
50 659:10:4 6
156 498 792:13:3 5 5
54 537:13:3 10
220 686:14:11 3
243 431 488:15:7 2 6
188 303 923:9:5 3 1
226 681:11:8 3
567 768:5:3 2
245 273 608:16:9 5 2
191 619:5:3 2
111 272 650:15:2 7 6
45 229 976:17:4 10 3
83 185:4:1 3
111 490 541:18:2 6 10
136 796:5:1 4
109 469:4:1 3
559 601:9:8 1
498 605:8:5 3
458 558:12:3 9
223 480 485:20:9 6 5
32 537:12:2 10
41 281:7:3 4
36 291:10:4 6
152 792:8:3 5
372 506:16:8 8
850 923:5:4 1
13 348:9:4 5
229 290 817:19:10 5 4
334 523 773:18:8 8 2
158 300 568:15:5 5 5
421 481:8:2 6
11 334 480:18:4 8 6
405 642:5:1 4
118 190:7:2 5
45 275 490:17:4 7 6
48 282 809:14:4 6 4
36 259 480:19:4 9 6
191 758:8:3 5
102 109:2:1 1
184 568 641:16:5 5 6
479 484:12:6 6
118 450:4:2 2
405 576:5:1 4
194 537 659:19:3 10 6
281 490 877:16:4 6 6
693 919 981:8:3 2 3
230 483:13:8 5
601 705:5:1 4
688 880:7:2 5
37 895:6:4 2
419 450:4:2 2
490 641:12:6 6
48 659 992:12:4 6 2
11 999:7:4 3
331 941:8:6 2
331 852:12:6 6
53 520:8:1 7
40 539 705:15:3 8 4
172 559 910:14:3 8 3
688 726:3:2 1
37 230 462:15:4 8 3
194 202 368:23:3 11 9
36 608:6:4 2
451 641:10:4 6
128 303:5:2 3
45 372:12:4 8
605 669:9:3 6
188 386:15:5 10
37 235 483:19:4 10 5
523 632:14:8 6
281 425 992:7:4 1 2
604 669 768:9:1 6 2
194 523 640:16:3 8 5
219 457 833:19:9 4 6
128 219 275:18:2 9 7
214 650:17:11 6
336 543 923:16:6 9 1
109 559:9:1 8
220 226:19:11 8
71 494:7:2 5
133 518:7:1 6
431 574:5:2 3
425 880 898:8:1 5 2
83 152:4:1 3
26 547 626:18:4 10 4
423 719:3:2 1
288 546 981:18:5 10 3
423 817:6:2 4
223 315:12:9 3
37 109 302:7:4 1 2
135 421:3:1 2
138 223 232:20:2 9 9
202 572 721:17:11 5 1
565 626 681:11:4 4 3
450 586 901:8:2 4 2
26 546 941:16:4 10 2
686 832:7:3 4
128 506 719:11:2 8 1
809 817:8:4 4
303 620 832:10:3 3 4
32 131 135:4:2 1 1
73 327:8:2 6
18 425 833:11:4 1 6
13 135 162:10:4 1 5
133 264:8:1 7
156 431:5:3 2
88 232:11:2 9
232 348 375:23:9 5 9
226 477:13:8 5
490 559:14:6 8
40 45 483:12:3 4 5
421 796 981:9:2 4 3
1 739:5:3 2
111 214:13:2 11
37 559:12:4 8
232 645:14:9 5
758 817:9:5 4
118 290 395:16:2 5 9
481 506:14:6 8
127 650:7:1 6
41 465 620:9:3 3 3
184 229 331:21:5 10 6
26 488 669:16:4 6 6
168 269 681:14:5 6 3
135 405 442:3:1 1 1
153 214 324:22:3 11 8
488 516 608:14:6 6 2
426 630:8:2 6
259 976 981:15:9 3 3
41 53 795:8:3 1 4
50 202 375:24:4 11 9
144 291 462:10:1 6 3
264 640 877:18:7 5 6
559 620 976:14:8 3 3
386 494 604:16:10 5 1
441 626 773:7:1 4 2
436 642:6:2 4
328 372:14:6 8
83 585 898:6:1 3 2
38 484 999:11:2 6 3
152 520:10:3 7
351 451 681:11:4 4 3
109 496 992:9:1 6 2
38 156:5:2 3
480 796 992:12:6 4 2
290 516 565:15:5 6 4
496 596 832:11:6 1 4
77 880:7:2 5
20 721 798:10:4 1 5
17 26 436:8:2 4 2
220 351 547:25:11 4 10
361 423 901:11:7 2 2
73 269:8:2 6
2 41 587:10:3 3 4
405 519 564:12:1 7 4
272 425 910:11:7 1 3
17 375:11:2 9
153 518:9:3 6
331 641:12:6 6
1 620 979:9:3 3 3
327 539 739:16:6 8 2
196 229 230:23:5 10 8
118 548 809:14:2 8 4
546 567:13:10 3
315 425:4:3 1
506 537:18:8 10
485 919:7:5 2
41 565:7:3 4
243 298 481:18:7 5 6
523 574 619:13:8 3 2
243 331 539:21:7 6 8
444 541 773:13:1 10 2
348 558 617:17:5 9 3
288 518 981:14:5 6 3
156 282 601:10:3 6 1
220 291:17:11 6
426 518 681:11:2 6 3
120 441 482:7:1 1 5
220 275:18:11 7
272 507:15:7 8
128 574 852:11:2 3 6
301 484 496:16:4 6 6
465 526 880:16:3 8 5
334 461 633:16:8 4 4
26 773:6:4 2
135 681:4:1 3
361 490 792:18:7 6 5
120 304 462:8:1 4 3
645 809 817:13:5 4 4
11 633:8:4 4
388 405 469:12:8 1 3
640 832:9:5 4
324 461:12:8 4
109 641:7:1 6
302 543:11:2 9
564 572:9:4 5
26 596 817:9:4 1 4
21 773 812:10:4 2 4
572 587:9:5 4
2 798 812:12:3 5 4
642 833:10:4 6
20 441:5:4 1
351 426 483:11:4 2 5
414 705:5:1 4
275 451 494:16:7 4 5
235 773:12:10 2
11 441 477:10:4 1 5
109 564 617:8:1 4 3
269 488 798:17:6 6 5
1 506 768:13:3 8 2
144 526:9:1 8
259 273 523:22:9 5 8
37 923:5:4 1
40 277 817:14:3 7 4
219 419:11:9 2
543 877:15:9 6
157 796 817:11:3 4 4
73 88 470:8:2 2 4
36 976:7:4 3
18 127:5:4 1
131 235:11:1 10
173 548 640:17:4 8 5
451 490:10:4 6
528 852:14:8 6
427 470 976:9:2 4 3
62 133:2:1 1
331 360 901:12:6 4 2
151 543 979:16:4 9 3
173 852:10:4 6
423 523:10:2 8
229 507 620:21:10 8 3
11 185 681:10:4 3 3
492 537:15:5 10
426 547 669:18:2 10 6
156 817:7:3 4
301 481:10:4 6
302 880:7:2 5
40 336:9:3 6
480 481 981:15:6 6 3
111 470 686:9:2 4 3
11 251:13:4 9
361 758:12:7 5
127 217 506:20:1 11 8
168 360 693:12:5 4 3
40 68:5:3 2
190 461 719:10:5 4 1
220 923:12:11 1
118 442 457:7:2 1 4
217 304 484:21:11 4 6
107 852:7:1 6
73 158 477:12:2 5 5
386 488:16:10 6
36 300 539:17:4 5 8
436 721 852:9:2 1 6
71 259 898:13:2 9 2
156 219 480:18:3 9 6
477 910:8:5 3
758 850:9:5 4
1 719 768:6:3 1 2
375 498:14:9 5
107 617:4:1 3
172 251:12:3 9
919 999:5:2 3
135 232 300:15:1 9 5
272 596 619:10:7 1 2
462 895 976:8:3 2 3
275 479:13:7 6
196 898 900:9:5 2 2
283 421:7:5 2
17 457:6:2 4
372 832:12:8 4
120 223:10:1 9
405 833:7:1 6
133 175 291:10:1 3 6
217 229 523:29:11 10 8
431 465:5:2 3
11 53 809:9:4 1 4
282 372:14:6 8
168 304 559:17:5 4 8
54 646:8:3 5
217 565 796:19:11 4 4
88 641:8:2 6
334 705 880:17:8 4 5
550 686:13:10 3
277 520:14:7 7
190 324 481:19:5 8 6
173 288:9:4 5
20 361 976:14:4 7 3
300 368:14:5 9
111 496 686:11:2 6 3
74 226:9:1 8
238 833:16:10 6
351 669 999:13:4 6 3
405 477 833:12:1 5 6
102 565:5:1 4
18 298:9:4 5
73 565:6:2 4
45 264 421:13:4 7 2
229 328:16:10 6
483 526 792:18:5 8 5
388 392:16:8 8
40 152 179:9:3 3 3
351 488 910:13:4 6 3
73 133 681:6:2 1 3
617 642 768:9:3 4 2
223 264 380:25:9 7 9
360 414:5:4 1
331 469:9:6 3
462 479:9:3 6
32 426:4:2 2
264 833:13:7 6
120 283:6:1 5
217 477:16:11 5
550 641:16:10 6
585 726 812:8:3 1 4
118 482 617:10:2 5 3
259 619:11:9 2
196 251 688:16:5 9 2
62 645 850:10:1 5 4
264 792:12:7 5
151 604 992:7:4 1 2
128 188 507:15:2 5 8
496 726:7:6 1
144 898:3:1 2
188 405 523:14:5 1 8
36 923:5:4 1
324 901:10:8 2
57 431:3:1 2
372 574:11:8 3
229 264:17:10 7
436 457:6:2 4
356 375 758:19:5 9 5
20 153 282:13:4 3 6
36 133 202:16:4 1 11
175 185 414:7:3 3 1
20 194 923:8:4 3 1
191 290 547:18:3 5 10
620 796:7:3 4
152 156 492:11:3 3 5
57 792 832:10:1 5 4
232 601:10:9 1
436 587 630:12:2 4 6
144 151:5:1 4
41 118:5:3 2
282 817:10:6 4
190 291 721:12:5 6 1
243 605 832:14:7 3 4
156 559:11:3 8
41 328:9:3 6
392 496:14:8 6
144 465:4:1 3
483 546:15:5 10
73 565 620:9:2 4 3
217 444:12:11 1
264 488:13:7 6
220 243 245:27:11 7 9
923 999:4:1 3
156 273:8:3 5
596 938:4:1 3
122 898:4:2 2
41 127 877:10:3 1 6
13 151 458:11:4 4 3
107 484:7:1 6
421 548:10:2 8
275 482:12:7 5
122 564 919:8:2 4 2
303 850:7:3 4
380 496:15:9 6
135 888:3:1 2
513 923:7:6 1
11 291:10:4 6
354 425:5:4 1
158 620:8:5 3
191 353 999:9:3 3 3
50 184 469:12:4 5 3
83 188 880:11:1 5 5
719 809:5:1 4
173 264 441:12:4 7 1
196 298:10:5 5
36 196 441:10:4 5 1
202 243 976:21:11 7 3
543 693:12:9 3
386 423 976:15:10 2 3
136 576 659:11:1 4 6
282 450:8:6 2
122 351 494:11:2 4 5
151 999:7:4 3
45 83 172:8:4 1 3
120 122 219:12:1 2 9
13 298 516:15:4 5 6
259 693:12:9 3
37 194 705:11:4 3 4
15 71:5:3 2
45 128:6:4 2
380 979:12:9 3
516 620:9:6 3
184 693 852:14:5 3 6
441 498 919:8:1 5 2
57 484:7:1 6
498 556 605:18:5 10 3
57 768:3:1 2
245 348:14:9 5
111 620:5:2 3
450 461:6:2 4
111 277 642:13:2 7 4
235 431:12:10 2
232 556 895:21:9 10 2
380 681 992:14:9 3 2
230 302:10:8 2
68 469 642:9:2 3 4
223 981:12:9 3
138 507 792:15:2 8 5
481 855:11:6 5
128 173:6:2 4
11 48 895:10:4 4 2
136 214:12:1 11
36 353 461:11:4 3 4
135 269 528:15:1 6 8
133 626:5:1 4
77 172:5:2 3
251 484 490:21:9 6 6
465 832:7:3 4
290 423:7:5 2
36 705:8:4 4
13 558 646:18:4 9 5
168 492 559:18:5 5 8
217 419 923:14:11 2 1
41 219 451:16:3 9 4
118 298 596:8:2 5 1
179 585 642:10:3 3 4
190 375 981:17:5 9 3
120 368 587:14:1 9 4
133 327 395:16:1 6 9
300 630:11:5 6
324 360 556:22:8 4 10
436 518:8:2 6
50 910:7:4 3
220 646:16:11 5
485 507 792:18:5 8 5
427 645:7:2 5
235 490 630:22:10 6 6
229 462:13:10 3
465 640:8:3 5
758 795:9:5 4
576 792:9:4 5
190 272:12:5 7
351 877:10:4 6
15 539 901:13:3 8 2
196 686:8:5 3
1 275 441:11:3 7 1
26 158 277:16:4 5 7
264 315:10:7 3
386 568:15:10 5
2 324 541:21:3 8 10
185 992:5:3 2
188 356 688:12:5 5 2
41 151 833:13:3 4 6
194 232 251:21:3 9 9
40 136:4:3 1
485 528:13:5 8
646 719:6:5 1
506 586:12:8 4
88 372 923:11:2 8 1
144 568 626:10:1 5 4
288 650:11:5 6
152 354 705:11:3 4 4
111 855:7:2 5
479 795:10:6 4
360 798:9:4 5
506 895:10:8 2
506 630:14:8 6
68 324 546:20:2 8 10
196 526 795:17:5 8 4
138 245:11:2 9
144 191 832:8:1 3 4
21 152 281:11:4 3 4
229 264 302:19:10 7 2
17 21 50:10:2 4 4
507 632 681:17:8 6 3
202 368 519:27:11 9 7
73 386:12:2 10
633 768:6:4 2
50 375:13:4 9
74 898:3:1 2
190 484:11:5 6
568 626 650:15:5 4 6
275 608 617:12:7 2 3
361 537:17:7 10
304 619 852:12:4 2 6
38 302:4:2 2
128 833:8:2 6
77 523 641:16:2 8 6
83 479 669:13:1 6 6
194 302 768:7:3 2 2
290 301 565:13:5 4 4
175 300 620:11:3 5 3
235 568:15:10 5
151 223 348:18:4 9 5
118 226 230:18:2 8 8
11 442:5:4 1
477 693:8:5 3
74 109 686:5:1 1 3
173 548:12:4 8
328 880 910:14:6 5 3
17 41 304:9:2 3 4
40 568 895:10:3 5 2
21 832:8:4 4
175 368:12:3 9
157 219 686:15:3 9 3
483 546 558:24:5 10 9
175 360:7:3 4
617 630:9:3 6
151 617 798:12:4 3 5
188 528 832:17:5 8 4
565 646:9:4 5
368 441:10:9 1
405 630:7:1 6
300 721:6:5 1
301 498 809:13:4 5 4
15 243 451:14:3 7 4
336 405:7:6 1
71 302 833:10:2 2 6
32 601 832:7:2 1 4
188 513:11:5 6
196 465 523:16:5 3 8
157 568 620:11:3 5 3
288 659:11:5 6
62 245:10:1 9
26 62 855:10:4 1 5
102 414 605:5:1 1 3
220 852:17:11 6
282 392 462:17:6 8 3
469 546 705:17:3 10 4
40 444 646:9:3 1 5
490 877:12:6 6
57 492:6:1 5
21 173 556:18:4 4 10
469 526 646:16:3 8 5
281 353:7:4 3
304 386:14:4 10
336 421 739:10:6 2 2
275 462:10:7 3
354 526 572:17:4 8 5
301 465 900:9:4 3 2
496 630:12:6 6
73 817:6:2 4
62 494:6:1 5
539 576:12:8 4
324 375:17:8 9
290 300 302:12:5 5 2
37 226:12:4 8
259 615 981:15:9 3 3
107 361:8:1 7
431 483 721:8:2 5 1
375 817 900:15:9 4 2
235 520 605:20:10 7 3
288 380 641:20:5 9 6
73 470 541:16:2 4 10
107 152 194:7:1 3 3
179 425 901:6:3 1 2
13 938:7:4 3
57 111 348:8:1 2 5
21 488:10:4 6
484 550 688:18:6 10 2
419 523 564:14:2 8 4
245 773:11:9 2
458 498:8:3 5
102 425:2:1 1
40 331:9:3 6
11 556:14:4 10
558 721:10:9 1
36 630:10:4 6
128 477:7:2 5
40 608:5:3 2
48 172 507:15:4 3 8
179 360 615:10:3 4 3
71 458 976:8:2 3 3
442 451:5:1 4
40 574:6:3 3
693 739:5:3 2
53 304:5:1 4
361 480 855:18:7 6 5
301 646 910:12:4 5 3
18 392:12:4 8
15 469 910:9:3 3 3
57 587:5:1 4
232 461 574:16:9 4 3
172 559:11:3 8
481 550 768:18:6 10 2
568 681:8:5 3
259 626:13:9 4
48 693:7:4 3
302 336:8:2 6
156 705:7:3 4
275 414 641:14:7 1 6
36 269:10:4 6
184 458:8:5 3
179 380 992:14:3 9 2
83 441 485:7:1 1 5
442 901:3:1 2
392 421:10:8 2
173 214 282:21:4 11 6
133 523:9:1 8
229 469 543:22:10 3 9
230 315:11:8 3
122 229 620:15:2 10 3
172 441:4:3 1
758 880:10:5 5
436 537:12:2 10
109 626 941:7:1 4 2
40 107 179:7:3 1 3
315 336 632:15:3 6 6
13 173:8:4 4
20 485:9:4 5
