8 18 19 23 26 28 30:32:6 9 6 2 1 4 4
2 6 14 18 24 25:35:2 9 5 9 5 5
1 5 14 18 19 25 29 30:49:3 10 5 9 12 5 3 2
16 24:9:4 5
1 5 14:24:9 10 5
1 6 14 18 19 25:37:3 9 5 9 6 5
2 6 14 18 24 25:35:2 9 5 9 5 5
1 8 14 15 19 24:32:3 6 5 7 6 5
1 8 14 18 19 24 25 27:40:3 6 5 9 6 5 5 1
2 6 13:18:6 9 3
1 5 14 18 19 21 25 29:42:3 10 5 9 6 1 5 3
1 6 14:34:6 18 10
2 6 14 18 24 25:35:2 9 5 9 5 5
1 5 14 18 19 25 28 29:43:3 10 5 9 6 5 2 3
1 4 7 9 13 24:31:3 4 8 5 6 5
1 8 14 15 19 24:32:3 6 5 7 6 5
1 5 14 15 19 24:43:3 10 5 14 6 5
1 6 13 15 19 21 24 25:39:3 9 3 7 6 1 5 5
1 7 14 16 19:37:3 8 10 4 12
1 8 14 18 19 24 25 27:40:3 6 5 9 6 5 5 1
1 8 14 18 19 24 25:39:3 6 5 9 6 5 5
2 6 14 18 24 25:35:2 9 5 9 5 5
1 8 14 18 19 24 25:39:3 6 5 9 6 5 5
1 5 14 18 19 25 29:41:3 10 5 9 6 5 3
1 6 13 15 19 24 25:38:3 9 3 7 6 5 5
2 6 14 18 23 24 25:39:4 9 5 9 2 5 5
1 6 13 15 19 24 25:38:3 9 3 7 6 5 5
1 5 14 15 19 23 25 28:40:3 10 5 7 6 2 5 2
2 5 14 16 19 23 25:40:2 10 5 4 12 2 5
4 17 28 29 30:22:8 2 2 6 4
2 8 14 15 19:28:4 6 5 7 6
2 8 14 15 19:26:2 6 5 7 6
2 3 6 14 18 24 25:36:2 1 9 5 9 5 5
2 6 14 18 24 25:40:2 9 10 9 5 5
6 8 15:22:9 6 7
2 6 14 18 24 25:35:2 9 5 9 5 5
1 5 8 12 15 24 29:41:3 10 12 1 7 5 3
1 6 14 18 19 25:37:3 9 5 9 6 5
1 5 14 15 19 23 25:38:3 10 5 7 6 2 5
1 5 14 15 19 23 25 26:39:3 10 5 7 6 2 5 1
1 6 14:34:6 18 10
2 7 19 20 22 26 30:34:2 16 6 3 4 1 2
2 5 14 16 19 23 25:39:2 10 10 4 6 2 5
6 9 13 15:24:9 5 3 7
2 9 14 16 19 22 24:35:2 5 5 8 6 4 5
2 11 16:7:2 1 4
1 6 14 18 19 25:37:3 9 5 9 6 5
2 4 14 21 22 30:20:4 4 5 1 4 2
2 23 29:7:2 2 3
1 7 13 16 19 22 25:36:6 8 3 4 6 4 5
1 8 14 18 19 24 25:39:3 6 5 9 6 5 5
1 5 8 14 15 19:40:6 10 6 5 7 6
1 8 14 15 19 24:32:3 6 5 7 6 5
4 5 14 18 19 25:39:4 10 5 9 6 5
1 8 14:17:6 6 5
1 6 14 15 24 25 28:36:3 9 5 7 5 5 2
2 8 12 20 25 27:18:2 6 1 3 5 1
6 9 26:15:9 5 1
1 6 14 15 24 25:34:3 9 5 7 5 5
1 9 11 16:17:3 5 1 8
3 15:8:1 7
1 5 14 18 19 25 29:41:3 10 5 9 6 5 3
1 8 14 18 19 24 25:39:3 6 5 9 6 5 5
1 6 14 16 19:39:6 18 5 4 6
4 6 14 18 24:32:4 9 5 9 5
2 6 14 18 24 25 28:37:2 9 5 9 5 5 2
4 6 14 18 24:32:4 9 5 9 5
4 7 12 14:18:4 8 1 5
1 6 14 15 24 25 26:35:3 9 5 7 5 5 1
1 4 5 14 25:27:3 4 10 5 5
1 5 14:31:6 20 5
11 13 29:10:1 3 6
1 5 14:31:6 20 5
1 5 14 15 19 23 25:38:3 10 5 7 6 2 5
1 5 14 30:33:6 20 5 2
8 15 29:16:6 7 3
5 11 25 28:18:10 1 5 2
1 6 14 15 24 25:34:3 9 5 7 5 5
1 6 14 15 24 25:34:3 9 5 7 5 5
21 22:5:1 4
1 6 14 18 19 25:37:3 9 5 9 6 5
1 6 13 15 19 24 25:38:3 9 3 7 6 5 5
2 14 25 30:14:2 5 5 2
4 5 14 18 19 25 26:40:4 10 5 9 6 5 1
2 3 6 9 10 16 22 30:30:2 1 9 5 3 4 4 2
1 6 14 18 19 25:37:3 9 5 9 6 5
1 5 14 15 19 23 25:38:3 10 5 7 6 2 5
2 3 8 17 23 26 29:19:4 1 6 2 2 1 3
1 6 13 15 19 24 25:38:3 9 3 7 6 5 5
16 17 22 30:12:4 2 4 2
1 5 9 10 14 20:29:3 10 5 3 5 3
1 5 14 18 19 25 29:41:3 10 5 9 6 5 3
1 7 13 16 19 22 25:46:3 16 3 4 6 4 10
4 11 14 15 26:26:4 2 5 14 1
1 8 14 18 19 24 25:39:3 6 5 9 6 5 5
11 13 27 29:8:1 3 1 3
1 5 14:24:9 10 5
2 6 13:18:6 9 3
9 19 27:12:5 6 1
1 5 14:34:9 20 5
1 6 13 15 19 24 25:38:3 9 3 7 6 5 5
2 13 16 21 23 24:17:2 3 4 1 2 5
3 15 20 21 24 30:19:1 7 3 1 5 2
4 5 14 18 19 25:39:4 10 5 9 6 5
2 6 13 15:21:2 9 3 7
1 8 14 15 19 24:32:3 6 5 7 6 5
1 6 14 19 25:28:3 9 5 6 5
4 6 14 18 24:32:4 9 5 9 5
1 8 14 18 19 24 25 26:40:3 6 5 9 6 5 5 1
1 8 14 15 19 21 24:33:3 6 5 7 6 1 5
4 22 24:17:8 4 5
4 5 14 18 19 25 30:41:4 10 5 9 6 5 2
1 5 14 18 24 25:55:6 20 10 9 5 5
1 6 13 15 19 24 25:38:3 9 3 7 6 5 5
4 5 14 18 19 22 25:52:8 10 5 9 6 4 10
1 5 14 18 19 25 29:41:3 10 5 9 6 5 3
3 12 18 24 27 30:19:1 1 9 5 1 2
21 22:10:2 8
1 5 14 15 19 30:33:3 10 5 7 6 2
1 3 8 14 15 19 24:33:3 1 6 5 7 6 5
1 8 14 18 19 24 25:39:3 6 5 9 6 5 5
1 8 14 15 19 24:32:3 6 5 7 6 5
2 6 14 18 24 25:35:2 9 5 9 5 5
1 3 6 14 18 19 25:38:3 1 9 5 9 6 5
3 5 7 12 14 17 21 29:32:2 10 8 1 5 2 1 3
1 6 14 15 24 25:34:3 9 5 7 5 5
1 8 14 15 19 24:32:3 6 5 7 6 5
12 14 21 26:9:1 5 2 1
2 6 14 18 21 24 25:36:2 9 5 9 1 5 5
1 6 14 15 24 25:34:3 9 5 7 5 5
2 9 14 16 19 22:31:2 5 10 4 6 4
1 8 14 15 19 24:32:3 6 5 7 6 5
1 6 14 15 24 25 26:35:3 9 5 7 5 5 1
1 7 14 16 19:32:3 8 5 4 12
1 5 14 15 19 23 25:38:3 10 5 7 6 2 5
1 6 13 15 19 24 25:38:3 9 3 7 6 5 5
8 12 15 19 20:37:12 2 14 6 3
2 6 13:16:4 9 3
1 6 14 18 19 25:37:3 9 5 9 6 5
2 6 14 18 24 25:35:2 9 5 9 5 5
1 5 14:18:3 10 5
1 7 13 16 19 22 25:42:3 8 3 4 6 8 10
1 5 14 18 19 25 29:41:3 10 5 9 6 5 3
2 6 14 18 24 25:35:2 9 5 9 5 5
1 8 14 15 19 24:32:3 6 5 7 6 5
7 14 23:15:8 5 2
1 5 14 15 19 23 25:38:3 10 5 7 6 2 5
3 7 8 23:25:1 16 6 2
1 6 14 18 19 25:37:3 9 5 9 6 5
4 5 14:23:8 10 5
1 6 14 18 19 25 26:38:3 9 5 9 6 5 1
4 5 14 25:29:4 10 5 10
2 4 16 20:13:2 4 4 3
1 5 14:31:6 20 5
4 5 11 17 23 26 28:26:8 10 1 2 2 1 2
2 5 13 15 19 25:35:4 10 3 7 6 5
1 5 14 18 19 25 29:41:3 10 5 9 6 5 3
1 6 14 18 19 25:37:3 9 5 9 6 5
2 6 14 18 24 25:35:2 9 5 9 5 5
2 8 13 25:16:2 6 3 5
2 4 5 14:31:2 4 20 5
2 6 14 18 24 25:35:2 9 5 9 5 5
1 5 14 15 19 23 25:38:3 10 5 7 6 2 5
2 6 14 18 24 25:35:2 9 5 9 5 5
1 5 14 15 19 23 25:38:3 10 5 7 6 2 5
2 6 14 18 24 25:35:2 9 5 9 5 5
11 14 18 19 21 24:32:1 5 9 6 1 10
1 6 14 18 19 25 30:39:3 9 5 9 6 5 2
18 19 23 24 26 29:32:9 6 2 10 2 3
2 4 5 14 18 19 25:41:2 4 10 5 9 6 5
1 5 14 15 19 23 25 30:40:3 10 5 7 6 2 5 2
1 8 14 15 19 24:32:3 6 5 7 6 5
1 6 13 15 19 21 24 25:39:3 9 3 7 6 1 5 5
1 6 14 15 24 25:34:3 9 5 7 5 5
4 5 14 15 19 23:38:8 10 5 7 6 2
1 5 13 15 19:29:3 10 3 7 6
1 5 14 18 19 25 29:41:3 10 5 9 6 5 3
1 4 10 17 23 30:18:3 4 3 2 4 2
1 6 14 18 19 25:37:3 9 5 9 6 5
1 5 14 15 19 23 25:38:3 10 5 7 6 2 5
3 10 22:8:1 3 4
1 6 14 18 19 25 28:39:3 9 5 9 6 5 2
1 5 14 15 19 23 25:38:3 10 5 7 6 2 5
1 8 14 15 19 24:32:3 6 5 7 6 5
1 6 14 15 24 25:34:3 9 5 7 5 5
2 10:7:4 3
1 8 14 18 19 24 25:39:3 6 5 9 6 5 5
1 6 7 13 16 19 22 25:45:3 9 8 6 4 6 4 5
1 8 14 15 19 24:32:3 6 5 7 6 5
4 5 14 18 19 25:39:4 10 5 9 6 5
4 5 14 18 19 25:39:4 10 5 9 6 5
1 8 14 18 19 24 25:39:3 6 5 9 6 5 5
1 5 14 18 19 25 28 29:43:3 10 5 9 6 5 2 3
1 8 14 18 19 24 25:39:3 6 5 9 6 5 5
1 6 14 24 25:27:3 9 5 5 5
1 5 15 19 23 25:33:3 10 7 6 2 5
1 5 14 15 19:34:6 10 5 7 6
1 5 14 18 19 25 29 30:43:3 10 5 9 6 5 3 2
2 12 13 19 22 23 28:27:2 2 3 6 8 2 4
4 6 11 25:19:4 9 1 5
1 7 14 16 19:26:3 8 5 4 6
2 10 13 17 20 21 23:16:2 3 3 2 3 1 2
1 8 14 15 19 24:32:3 6 5 7 6 5
2 6 13 25:19:2 9 3 5
1 6 13 15 19 24 25:38:3 9 3 7 6 5 5
1 5 14 18 19 25 29:41:3 10 5 9 6 5 3
1 3 6 14 18 19 25:38:3 1 9 5 9 6 5
4 5 14 25:38:8 20 5 5
1 5 14 15 19 23 25:38:3 10 5 7 6 2 5
8 14 17 22 24 28:24:6 5 2 4 5 2
1 8 14 15 19 24:32:3 6 5 7 6 5
1 7 13 16 19 22 25 26:39:3 8 3 4 6 4 10 1
4 5 14 15 19:47:8 10 10 7 12
1 6 13 15 19 24 25:38:3 9 3 7 6 5 5
3 6 15 24 25 26:28:1 9 7 5 5 1
1 5 14 15 19:37:9 10 5 7 6
4 10 29:10:4 3 3
4 7 14:17:4 8 5
11 14 21:12:1 10 1
1 6 13 15 19 24 25:38:3 9 3 7 6 5 5
9 15 18 19 21:28:5 7 9 6 1
2 8 14 15 19 23:28:2 6 5 7 6 2
5 10 16 20 24 25 30:32:10 3 4 3 5 5 2
1 6 13 15 19 24 25:38:3 9 3 7 6 5 5
4 5 14 15 19:36:8 10 5 7 6
1 6 14 15 24 25 28:36:3 9 5 7 5 5 2
4 5 14 18 19 25:39:4 10 5 9 6 5
10 14 21 24:15:3 5 2 5
2 6 15 22 25 29:30:2 9 7 4 5 3
1 8 14 18 19 24 25:39:3 6 5 9 6 5 5
1 5 14 18 19 25 27 29:42:3 10 5 9 6 5 1 3
1 5 14 15 19 23 25:38:3 10 5 7 6 2 5
4 5 14 18 19 25:39:4 10 5 9 6 5
1 5 13 15 19:29:3 10 3 7 6
1 8 14 18 19 24 25 26:40:3 6 5 9 6 5 5 1
1 5 11 14 18 24 25:46:6 10 1 5 9 5 10
4 5 14 15 19 20 25:47:4 10 5 14 6 3 5
1 5 14 18 19 25 29:41:3 10 5 9 6 5 3
1 5 14:31:6 20 5
1 5 14 18 19 25 29:41:3 10 5 9 6 5 3
4 7 14 15 19 22 25:43:8 8 5 7 6 4 5
2 3 5 11 17 21 24:30:2 1 10 2 4 1 10
1 5 14:31:6 20 5
3 8 15 19 21 26 28:32:1 6 14 6 1 2 2
2 3 9 29:11:2 1 5 3
2 9 14 16 19 22:26:2 5 5 4 6 4
1 8 14 15 19 24:32:3 6 5 7 6 5
1 13:6:3 3
1 5 14 15 19 21 23 25:39:3 10 5 7 6 1 2 5
2 6 14 18 24 25:35:2 9 5 9 5 5
1 5 14:24:9 10 5
1 5 14:36:6 20 10
3 22:9:1 8
2 5 6 13 15 19:49:2 10 18 6 7 6
4 6 14 18 24:37:4 9 10 9 5
12 16 18 22 23:21:2 4 9 4 2
2 13 29:8:2 3 3
1 6 14 15 24 25:34:3 9 5 7 5 5
2 6 14 18 24 25:35:2 9 5 9 5 5
1 6 14 15 24 25:34:3 9 5 7 5 5
4 5 14 15 19 25:44:4 10 5 14 6 5
2 6 14 18 25:30:2 9 5 9 5
1 5 14 15 19 23 25:38:3 10 5 7 6 2 5
4 9 15 17 20 26 29:34:8 10 7 2 3 1 3
4 8 9 13 28:20:4 6 5 3 2
1 8 14 15 19 24:32:3 6 5 7 6 5
1 5 14 15 19 23:36:6 10 5 7 6 2
1 6 9 13 15 19 24 25:46:6 9 5 3 7 6 5 5
1 8 14 18 19 24 25:39:3 6 5 9 6 5 5
1 6 14 15 24 25:34:3 9 5 7 5 5
1 6 14 18 19 25:37:3 9 5 9 6 5
1 7 14 16 19 22 30:42:3 8 5 8 12 4 2
8 9 18 19 20 25:34:6 5 9 6 3 5
2 6 13 15 19:36:2 18 3 7 6
1 6 13 15 19 21 24 25:39:3 9 3 7 6 1 5 5
1 6 14 18 19 25 28:39:3 9 5 9 6 5 2
7 13 18:20:8 3 9
1 5 14 15 19 23 24 25:43:3 10 5 7 6 2 5 5
4 10 28:12:4 6 2
1 6 8 9 26:25:3 9 6 5 2
4 5 14 18 19 21 25:40:4 10 5 9 6 1 5
1 5 14 18 19 25 29:47:3 10 5 9 12 5 3
9 10 14 17 21:17:5 3 5 2 2
11 22 28:7:1 4 2
1 6 13 15 19 24 25:38:3 9 3 7 6 5 5
4 27 29:12:8 1 3
1 10 13:9:3 3 3
1 5 14 29:24:6 10 5 3
1 7 14 16 19:34:3 16 5 4 6
1 6 7 21 28 30:25:3 9 8 1 2 2
5 7 16:30:10 16 4
1 6 14 18 19 25:37:3 9 5 9 6 5
1 6 13 15 19 24 25:38:3 9 3 7 6 5 5
1 8 14 18 19 24 25:39:3 6 5 9 6 5 5
4 7 14:17:4 8 5
1 6 14 16 19:27:3 9 5 4 6
5 15 22 28:23:10 7 4 2
4 7 14 18:34:4 16 5 9
3 6 8 9 13 29:30:1 9 6 5 6 3
1 8 14 15 19 24:32:3 6 5 7 6 5
1 6 14 18 19 25 30:39:3 9 5 9 6 5 2
2 8 14 15 19:26:2 6 5 7 6
1 8 14 18 19 24 25:39:3 6 5 9 6 5 5
1 8 14 15 19 24 30:34:3 6 5 7 6 5 2
2 6 14 18 24 25 26:36:2 9 5 9 5 5 1
1 6 13 15 19 21 24 25:39:3 9 3 7 6 1 5 5
1 5 14 18 19 25 29:41:3 10 5 9 6 5 3
2 5 13 15 19 25:35:4 10 3 7 6 5
1 6 14 18 19 25:37:3 9 5 9 6 5
1 5 14 18 19 25 29:41:3 10 5 9 6 5 3
3 6 9 17 20 29:23:1 9 5 2 3 3
1 6 14 15 24 25:42:6 9 5 7 10 5
1 5 14 25:41:6 20 5 10
2 6 13 15 19:33:2 9 3 7 12
2 6 14 18 24 25:35:2 9 5 9 5 5
1 3 8 14 15 19 24:33:3 1 6 5 7 6 5
9 20 29:11:5 3 3
4 7 14 15 19 20 22 25:42:4 8 5 7 6 3 4 5
3 21 22:6:1 1 4
1 9 14 23 25:20:3 5 5 2 5
1 6 14 15 24 25:49:6 9 5 14 5 10
1 6 14 15 24 25:34:3 9 5 7 5 5
3 15 26:9:1 7 1
1 5 14 15 19 23 25:38:3 10 5 7 6 2 5
1 6 14 15 21 24 25:35:3 9 5 7 1 5 5
1 6 14 15 24 25:34:3 9 5 7 5 5
1 6 14 15 24 25:39:3 9 5 7 10 5
4 5 14 15 19:43:8 10 5 14 6
1 6 14 18 19 25:37:3 9 5 9 6 5
1 6 13 15 19 24 25:38:3 9 3 7 6 5 5
1 6 14 15 24 25:34:3 9 5 7 5 5
1 6 14 18 19 25 27:38:3 9 5 9 6 5 1
1 8 14 15 19 24:32:3 6 5 7 6 5
1 6 14 18 19 25:37:3 9 5 9 6 5
2 5 13:18:2 10 6
1 6 14 18 19 25:37:3 9 5 9 6 5
1 6 14 15 24 25:34:3 9 5 7 5 5
1 5 14:29:9 10 10
2 6 14 18 24 25:35:2 9 5 9 5 5
8 19 27:13:6 6 1
1 8 14 18 19 24 25:39:3 6 5 9 6 5 5
1 6 14 18 19 25:37:3 9 5 9 6 5
8 13 14 15 17:30:6 3 5 14 2
3 5 9 14 18 29:36:1 10 5 5 9 6
1 6 14 18 19 25:37:3 9 5 9 6 5
2 11 15 19 20 29:22:2 1 7 6 3 3
1 5 13 15 19 23:33:3 10 3 7 6 4
5 8 18:25:10 6 9
1 5 14 18 19 25 28 29:43:3 10 5 9 6 5 2 3
9 13 15 26:16:5 3 7 1
1 5 14 18 19 25 29:41:3 10 5 9 6 5 3
1 5 14 18 19 25 29:41:3 10 5 9 6 5 3
1 6 14 15 24 25:34:3 9 5 7 5 5
2 5 13:15:2 10 3
1 5 14 18 24 25:45:6 10 5 9 5 10
3 4 7 8 20 23 24:29:1 4 8 6 3 2 5
1 12 19 21:11:3 1 6 1
2 8 14 15 19:32:2 12 5 7 6
1 8 14 18 19 21 24 25:40:3 6 5 9 6 1 5 5
1 4 8 14 18 19 24 25:51:6 4 6 10 9 6 5 5
1 5 14 15 19 23 25:38:3 10 5 7 6 2 5
3 15 28:17:1 14 2
2 8 12 18 19 25 27:36:2 6 1 9 12 5 1
1 2 6 14 25:24:3 2 9 5 5
1 5 14 15 19 23 25 27:39:3 10 5 7 6 2 5 1
1 5 14 18 19 25 29:41:3 10 5 9 6 5 3
1 8 14 15 19 24 27:33:3 6 5 7 6 5 1
4 5 14 18 19 25:39:4 10 5 9 6 5
1 6 13 15 19 24 25:38:3 9 3 7 6 5 5
1 6 13 15 19 24 25:38:3 9 3 7 6 5 5
2 5 14 16 19 23 25:34:2 10 5 4 6 2 5
2 6 14 18 24 25:35:2 9 5 9 5 5
4 5 14 18 19 25:39:4 10 5 9 6 5
3 4 6 12 14 20 24 29:31:1 4 9 1 5 3 5 3
1 6 14 18 19 25:45:6 9 5 9 6 10
2 11 15 17:12:2 1 7 2
1 8 14 15 19 22 24:41:3 6 10 7 6 4 5
4 7 14:17:4 8 5
1 6 14 18 19 25:37:3 9 5 9 6 5
1 5 8 11 13 22 26 27:30:3 10 6 2 3 4 1 1
1 7 13 16 18 19 22 25:48:3 8 3 4 9 12 4 5
1 6 14 18 19 25:37:3 9 5 9 6 5
2 4 19:12:2 4 6
2 3 6 14 18 24 25:36:2 1 9 5 9 5 5
1 6 13 15 19 24 25:38:3 9 3 7 6 5 5
4 7 14 15 19 22 25:44:4 8 10 7 6 4 5
1 8 14 18 19 24 25:39:3 6 5 9 6 5 5
1 5 14 15 19 23 25:38:3 10 5 7 6 2 5
1 5 14 29:24:6 10 5 3
1 5 14:31:6 20 5
1 6 13 15 19 21 24 25:39:3 9 3 7 6 1 5 5
4 5 14 15 19:39:4 10 5 14 6
1 8 14 15 19 24 27:33:3 6 5 7 6 5 1
2 6 14 18 24 25:35:2 9 5 9 5 5
1 5 14 18 19 25 29:41:3 10 5 9 6 5 3
2 6 14 18 24 25 28:37:2 9 5 9 5 5 2
9 10 11 12 17 23 29:19:5 3 1 1 4 2 3
1 6 7 12 21 26 29:27:3 9 8 2 1 1 3
4 5 14:33:8 20 5
8 9 15 20 22 24:38:6 10 7 6 4 5
1 14 18 19 25:28:3 5 9 6 5
4 5 14 18 19 25:39:4 10 5 9 6 5
2 8 13 25:18:4 6 3 5
1 8 14 15 19 24:32:3 6 5 7 6 5
1 4 9 19 23 24 29:30:3 4 5 6 4 5 3
6 11 12 19 23 27 30:31:18 1 1 6 2 1 2
2 6 14 18 24 25:35:2 9 5 9 5 5
1 6 14 18 19 25:37:3 9 5 9 6 5
1 8 14 15 19 24:32:3 6 5 7 6 5
4 7 9 11 13 18 27:53:4 16 10 1 3 18 1
1 6 14 18 19 25:49:6 9 5 18 6 5
5 14:25:20 5
1 5 14 18 19 25 29:41:3 10 5 9 6 5 3
16 22 25:13:4 4 5
1 6 14 15 24 25:34:3 9 5 7 5 5
1 7 9 14 16 19 22:39:3 8 5 5 4 6 8
1 6 13 15 19 24 25:38:3 9 3 7 6 5 5
4 6 11 14 27 28:22:4 9 1 5 1 2
2 11 13 16 18 28:21:2 1 3 4 9 2
2 6 13:18:6 9 3
1 14 18 19 25:28:3 5 9 6 5
1 8 14 18 19 24 25:39:3 6 5 9 6 5 5
2 3 6 15 18 22:41:2 1 18 7 9 4
1 5 14 18 19 25 29:41:3 10 5 9 6 5 3
1 5 14 18 24 25:45:6 10 10 9 5 5
1 6 14:25:6 9 10
1 5 13 15 19 23:31:3 10 3 7 6 2
1 8 14 18 19 24 25:39:3 6 5 9 6 5 5
1 5 14 18 19 25 29:41:3 10 5 9 6 5 3
4 5 14 18 19 25:39:4 10 5 9 6 5
1 7 13 16 19 22 25:44:3 8 3 4 12 4 10
1 8 14 18 19 24 25:39:3 6 5 9 6 5 5
1 6 13 15 19 24 25 30:40:3 9 3 7 6 5 5 2
1 6 14 15 24 25:34:3 9 5 7 5 5
4 22:8:4 4
1 6 13 15 19 21 24 25:39:3 9 3 7 6 1 5 5
1 6 14 15 24 25:34:3 9 5 7 5 5
1 5 14 18 19 25 29:41:3 10 5 9 6 5 3
2 6 14 18 21 24 25:36:2 9 5 9 1 5 5
4 5 14 18 19 25:39:4 10 5 9 6 5
1 9 14 25:21:6 5 5 5
1 6 14 18 19 25 27:38:3 9 5 9 6 5 1
3 5 7 20 22:29:1 10 8 6 4
13 16 24:16:3 8 5
1 6 14 15 24 25:34:3 9 5 7 5 5
1 8 14 15 19 24:32:3 6 5 7 6 5
1 6 13 15 19 24 25 30:40:3 9 3 7 6 5 5 2
12 15 19:14:1 7 6
1 8 14 15 19 24:32:3 6 5 7 6 5
2 6 13 25:19:2 9 3 5
1 5 14 29:39:6 20 10 3
1 7 14 16 19 22:30:3 8 5 4 6 4
1 8 14 15 19 24 28:34:3 6 5 7 6 5 2
2 6 14 18 24 25 28:37:2 9 5 9 5 5 2
1 6 14 15 24 25:34:3 9 5 7 5 5
1 6 13 15 19 24 25:38:3 9 3 7 6 5 5
4 11 13 19:18:8 1 3 6
5 10 12 13 17 28:33:20 3 1 3 4 2
2 4 18 25 26 30:25:2 4 9 5 1 4
1 8 14 18 19 24 25:39:3 6 5 9 6 5 5
1 6 14 18 19 25:37:3 9 5 9 6 5
1 5 14 16:25:6 10 5 4
1 5 14 18 19 25 29:41:3 10 5 9 6 5 3
4 5 14 15 19 25:50:4 10 5 14 12 5
3 14 17 23 30:12:1 5 2 2 2
3 16:5:1 4
1 6 14 18 19 25:37:3 9 5 9 6 5
2 4 5 14 15 19:38:2 8 10 5 7 6
4 6 14 18 24:41:4 18 5 9 5
2 6 13:18:6 9 3
1 4 6 8 9 13 19:45:3 4 9 6 5 6 12
1 6 14 18 19 25:37:3 9 5 9 6 5
1 6 14 18 19 25:37:3 9 5 9 6 5
1 8 14 18 19 24 25:39:3 6 5 9 6 5 5
1 5 14 18 19 25 29:41:3 10 5 9 6 5 3
2 6 14 18 24 25:35:2 9 5 9 5 5
2 11 14 17 29 30:15:2 1 5 2 3 2
1 8 14 15 19 24:32:3 6 5 7 6 5
1 6 13 15 19 24 25:38:3 9 3 7 6 5 5
13 19 26 30:12:3 6 1 2
6 10 16:25:18 3 4
1 6 14 18 19 25:37:3 9 5 9 6 5
1 5 14:18:3 10 5
1 18 24:20:6 9 5
2 5 13 15 19 21 25:46:4 20 3 7 6 1 5
4 30:6:4 2
8 9 15 17 30:22:6 5 7 2 2
1 5 14 15 19 23 25:38:3 10 5 7 6 2 5
7 12 14:19:8 1 10
4 5 14 18 19 25:45:4 10 5 9 12 5
4 5 14 18 19 21 25:40:4 10 5 9 6 1 5
4 5 14 18 19 25 30:46:4 10 5 9 6 10 2
1 5 10 14 15 19:44:3 20 3 5 7 6
2 6 14 18 24 25 30:37:2 9 5 9 5 5 2
8 14 29:14:6 5 3
1 6 13 15 19 24 25:38:3 9 3 7 6 5 5
1 8 14 18 19 24 25:39:3 6 5 9 6 5 5
3 8 10 12 13 19 21 25:26:1 6 3 1 3 6 1 5
1 8 14 15 19 24:32:3 6 5 7 6 5
2 9 14 16 19 22:26:2 5 5 4 6 4
1 5 14 15 19 23 25:38:3 10 5 7 6 2 5
1 6 14 25:22:3 9 5 5
3 4 9 12 15 23 24:27:1 4 5 1 7 4 5
4 5 14 15 19:38:4 10 5 7 12
1 6 12 14 16 19:37:3 18 1 5 4 6
2 11 27:6:4 1 1
1 6 14 18 19 25:37:3 9 5 9 6 5
3 7 10 17 19 20 30:26:2 8 3 2 6 3 2
2 6 14 18 24 25:35:2 9 5 9 5 5
4 5 14 18 19 25:39:4 10 5 9 6 5
1 5 14 15 19 23 25 30:40:3 10 5 7 6 2 5 2
6 9 15 17 18 23 25 26:42:9 5 7 2 9 4 5 1
1 6 13 15 19 24 25:38:3 9 3 7 6 5 5
1 6 14 18 19 25 28:39:3 9 5 9 6 5 2
2 6 14 18 24 25 28:37:2 9 5 9 5 5 2
15 17 18 29:21:7 2 9 3
1 6 14 15 24 25:34:3 9 5 7 5 5
2 4 6 20 24 29 30:31:2 4 9 6 5 3 2
2 6 14 18 24 25:35:2 9 5 9 5 5
5 6 10 27:32:10 18 3 1
8 13 20 21 23 28 30:21:6 3 3 1 2 2 4
1 5 14 17:20:3 10 5 2
1 8 14 18 19 24 25:39:3 6 5 9 6 5 5
1 6 13 15 19 24 25:38:3 9 3 7 6 5 5
4 5 14 18 19 25:39:4 10 5 9 6 5
1 6 14 15 24 25:34:3 9 5 7 5 5
2 6 14 18 24 25 27:36:2 9 5 9 5 5 1
2 3 21 29:10:2 1 1 6
16 18 19 24 26 27:31:8 9 6 5 2 1
1 5 14 18 19 25 29:41:3 10 5 9 6 5 3
4 7 8 12 27:20:4 8 6 1 1
1 6 14 15 24 25:34:3 9 5 7 5 5
2 6 13:21:6 9 6
1 5 14 18 19 25 26 29:42:3 10 5 9 6 5 1 3
7 9 10 16 17 23:27:8 5 6 4 2 2
1 6 14 15 24 25:34:3 9 5 7 5 5
1 5 14 15 19 23 25:38:3 10 5 7 6 2 5
4 5 14 18 19 25:39:4 10 5 9 6 5
1 3 8 14 15 19 24:33:3 1 6 5 7 6 5
1 5 14 15 19:31:3 10 5 7 6
1 6 14 18 19 25:37:3 9 5 9 6 5
1 6 14 15 24 25:34:3 9 5 7 5 5
18 24:14:9 5
1 9 14 25:18:3 5 5 5
1 2 5 13 15 19 23:36:6 2 10 3 7 6 2
1 8 14 18 19 24 25 26:40:3 6 5 9 6 5 5 1
1 8 14 15 19 24:32:3 6 5 7 6 5
3 11 13 18 27 28 29:20:1 1 3 9 1 2 3
2 3 13 14 19 21 27 30:24:2 1 6 5 6 1 1 2
1 6 14 18 19 25:37:3 9 5 9 6 5
15 20:10:7 3
8 17 24 28:20:6 2 10 2
4 5 14 18 19 21 25:40:4 10 5 9 6 1 5
18 26 28:12:9 1 2
4 12 16 28:11:4 1 4 2
1 6 13 15 19 24 25:38:3 9 3 7 6 5 5
1 6 14 15 24 25 27:35:3 9 5 7 5 5 1
1 10 15 19:22:6 3 7 6
2 6 13:21:6 9 6
2 3 6 14 18 24 25:36:2 1 9 5 9 5 5
1 6 13 15 19 24 25 28:40:3 9 3 7 6 5 5 2
1 4 5 14:32:3 4 20 5
2 6 14 18 24 25:35:2 9 5 9 5 5
1 4 5 14 15 19 25:47:3 4 10 5 14 6 5
1 6 14 25:34:6 18 5 5
10 24:8:3 5
2 5 7 14 16 19 23 25:44:4 10 8 5 4 6 2 5
1 8 14 18 19 24 25 30:41:3 6 5 9 6 5 5 2
5 14 15 19 23 25:35:10 5 7 6 2 5
2 4 8 9 13 15 20 27:33:4 4 6 5 3 7 3 1
7 9 25 27 29:22:8 5 5 1 3
1 6 8 14:23:3 9 6 5
1 8 14 18 19 24 25:39:3 6 5 9 6 5 5
2 9 14 16 19 22 30:28:2 5 5 4 6 4 2
6 14 18 19 25:34:9 5 9 6 5
2 6 14 18 24 25:35:2 9 5 9 5 5
12 20 21:5:1 3 1
1 5 14 18 24 25:40:6 10 5 9 5 5
4 5 14 15 19:38:4 10 5 7 12
2 6 14 18 24 25 30:37:2 9 5 9 5 5 2
1 6 14 15 24 25 30:36:3 9 5 7 5 5 2
2 6 14 18 24 25 26:36:2 9 5 9 5 5 1
1 3 5 11 15 22 23:28:3 1 10 1 7 4 2
1 5 14 15 19 23 25 27:39:3 10 5 7 6 2 5 1
1 5 14 15 19 23 25:38:3 10 5 7 6 2 5
2 6 13 15 19 20:35:4 9 6 7 6 3
6 8 11 13 20 22 28:32:9 6 1 3 3 8 2
13 24:11:6 5
2 8 13 25:16:2 6 3 5
4 5 14 18 19 25:39:4 10 5 9 6 5
1 6 14 15 18 24 25:51:6 9 10 7 9 5 5
9 13 14 21 29:25:10 3 5 1 6
1 5 14 15 19 23 25:38:3 10 5 7 6 2 5
1 7 14 16 19 22 29:33:3 8 5 4 6 4 3
1 5 14 18 19 25 29:41:3 10 5 9 6 5 3
9 15 20 25 26:21:5 7 3 5 1
1 8 14 15 19 24:32:3 6 5 7 6 5
4 5 14 18 19 25:39:4 10 5 9 6 5
4 5 6 14 25:33:4 10 9 5 5
1 17 26:6:3 2 1
4 5 14 18 19 25 26:40:4 10 5 9 6 5 1
1 3 8 14 18 19 24 25:40:3 1 6 5 9 6 5 5
4 5 14 18 19 25:48:8 10 5 9 6 10
2 5 13:15:2 10 3
3 15 18 24 28 29 30:30:2 7 9 5 2 3 2
1 6 14 18 19 25:52:3 18 5 9 12 5
2 5 13 15 19 23 25:37:4 10 3 7 6 2 5
2 6 14 18 24 25:35:2 9 5 9 5 5
1 6 14 18 19 25 26:38:3 9 5 9 6 5 1
10 14:13:3 10
3 19 24:12:1 6 5
2 5 13:27:4 20 3
10 11 16:12:6 2 4
1 6 14 15 24 25:46:3 9 5 14 5 10
1 6 14 18 19 25:37:3 9 5 9 6 5
1 5 14:24:9 10 5
1 6 14 15 25:43:3 18 10 7 5
1 5 14:24:9 10 5
1 3 5 14 15 19 23 25:39:3 1 10 5 7 6 2 5
1 5 14 15 19 23 25:38:3 10 5 7 6 2 5
1 6 13 15 19 24 25:38:3 9 3 7 6 5 5
1 5 14 15 19 23 25:51:6 10 10 7 6 2 10
7 15 21 23 25 26 30:26:8 7 1 2 5 1 2
3 7 8 12 15 16 24:32:1 8 6 1 7 4 5
2 9 23 27:12:2 5 4 1
2 5 13:15:2 10 3
1 8 14 18 19 24 25:39:3 6 5 9 6 5 5
1 6 14 18 19 25:37:3 9 5 9 6 5
1 6 14 16 19:27:3 9 5 4 6
2 5 13:15:2 10 3
2 5 13 15 19 25 26:55:4 20 6 7 12 5 1
1 5 14 15 19 23 25:38:3 10 5 7 6 2 5
2 6 14 18 24 25:35:2 9 5 9 5 5
1 5 14 15 19 23 25:38:3 10 5 7 6 2 5
1 8 14 15 19 24:32:3 6 5 7 6 5
1 6 14 15 24 25:34:3 9 5 7 5 5
4 5 14 15 19:36:8 10 5 7 6
1 6 14 15 24 25 27:35:3 9 5 7 5 5 1
1 6 14 18 19 25:37:3 9 5 9 6 5
1 13 28:11:3 6 2
1 8 14 15 19 24:32:3 6 5 7 6 5
1 5 14 15 19 23 25 28:40:3 10 5 7 6 2 5 2
11 15:8:1 7
1 8 14 15 19 24:32:3 6 5 7 6 5
11 27:2:1 1
4 5 14:33:8 20 5
1 6 14 18 19 25:37:3 9 5 9 6 5
3 12 13 22 25:14:1 1 3 4 5
1 6 13 15 19 21 24 25:39:3 9 3 7 6 1 5 5
2 8 12 14:15:2 6 2 5
1 4 7 14:20:3 4 8 5
1 5 17 18 25 27 30:34:3 10 2 9 5 1 4
4 5 14 18 19 25:39:4 10 5 9 6 5
1 6 13 15 19 25:33:3 9 3 7 6 5
1 5 11 14:32:6 20 1 5
1 5 14:21:6 10 5
1 5 14 15 19 23 25 28:40:3 10 5 7 6 2 5 2
1 2 5 12 15 26 28:34:3 2 10 2 14 1 2
1 6 14 18 19 25:37:3 9 5 9 6 5
1 8 14 15 19 21 24:33:3 6 5 7 6 1 5
1 5 14 15 19 23 25:38:3 10 5 7 6 2 5
1 5 14 18 19 25 29:41:3 10 5 9 6 5 3
1 3 5 15 28:24:3 2 10 7 2
1 5 14 18 19 25 29:41:3 10 5 9 6 5 3
1 23 25 28:12:3 2 5 2
4 5 14 18 19 25:39:4 10 5 9 6 5
2 8 14 15 19:38:2 6 10 14 6
1 6 13 15 19 24 25:38:3 9 3 7 6 5 5
1 8 14 15 19 24:32:3 6 5 7 6 5
2 12 27 30:7:2 1 2 2
4 5 14 18 19 25:39:4 10 5 9 6 5
1 5 14 15 19 23 25:38:3 10 5 7 6 2 5
2 5 14 16 19 23 25:36:2 10 5 4 6 4 5
1 5 14 15 19:42:9 10 10 7 6
1 5 13 15 19:42:3 20 6 7 6
8 14 18 26 27:23:6 5 9 2 1
1 5 14:34:9 20 5
1 5 14 18 19 25 29:41:3 10 5 9 6 5 3
12 13 15 16 18:32:2 6 7 8 9
1 6 13 15 19 24 25 26:39:3 9 3 7 6 5 5 1
1 8 14 18 19 24 25:56:3 12 5 9 12 10 5
5 7 12 20 22:36:20 8 1 3 4
4 5 14:38:8 20 10
4 5 14 18 19 25 27:40:4 10 5 9 6 5 1
2 5 13 15 19 25:41:4 10 3 7 12 5
2 14 15 17 26 27:18:2 5 7 2 1 1
4 5 14 18 19 25:39:4 10 5 9 6 5
1 6 14 18 19 21 25:38:3 9 5 9 6 1 5
1 8 14 18 19 24 25:39:3 6 5 9 6 5 5
3 16 26 28:8:1 4 1 2
1 2 5 10 17 24:38:3 2 20 6 2 5
1 6 14 15 24 25:34:3 9 5 7 5 5
4 5 14 18 19 25:39:4 10 5 9 6 5
1 6 14 18 19 25:37:3 9 5 9 6 5
2 6 14 18 24 25:35:2 9 5 9 5 5
1 8 14 15 19 24:32:3 6 5 7 6 5
2 6 14 18 24 25:35:2 9 5 9 5 5
4 5 14 18 19 25:39:4 10 5 9 6 5
2 6 13:17:2 9 6
1 3 6 14 18 19 25:38:3 1 9 5 9 6 5
1 14 15 19 23 25:28:3 5 7 6 2 5
1 8 14 18 19 24 25 26:40:3 6 5 9 6 5 5 1
2 6 13 15 25:31:2 9 3 7 10
2 6 14 18 24 25 27:36:2 9 5 9 5 5 1
1 5 14 18 19 25 29:41:3 10 5 9 6 5 3
5 6 7 9 16 21 24 25:56:10 18 8 5 4 1 5 5
2 6 9 15 20 22:34:2 9 5 7 3 8
2 6 14 18 24 25:40:2 9 5 9 10 5
1 6 13 15 19 24 25:38:3 9 3 7 6 5 5
1 6 13 15 19 24:33:3 9 3 7 6 5
2 6 13 25:28:2 18 3 5
8 24 27 29:18:6 5 1 6
4 5 14 18 19 25:39:4 10 5 9 6 5
1 5 14 15 19 23 25 30:40:3 10 5 7 6 2 5 2
9 19 20 25:19:5 6 3 5
1 8 14 18 19 24 25:39:3 6 5 9 6 5 5
2 6 14 18 24 25:35:2 9 5 9 5 5
12 14 16 21:12:2 5 4 1
2 6 14 18 24:30:2 9 5 9 5
1 8 14 15 19 24:32:3 6 5 7 6 5
1 11 30:6:3 1 2
2 6 13 23 25:23:4 9 3 2 5
2 3 7 8 22 25:27:2 2 8 6 4 5
1 6 14 15 24 25:34:3 9 5 7 5 5
1 8 14 15 24:26:3 6 5 7 5
1 8 14 15 19 24:32:3 6 5 7 6 5
1 6 14 15 24 25 28:36:3 9 5 7 5 5 2
10 11 12 13 17 20 28:16:3 2 1 3 2 3 2
3 4 5 15 24 26 27 30:31:1 4 10 7 5 1 1 2
1 6 13 15 19 24 25:38:3 9 3 7 6 5 5
1 6 14 18 19 25:37:3 9 5 9 6 5
4 10 13 22:14:4 3 3 4
5 7 8 12 14 18 27:40:10 8 6 1 5 9 1
4 5 14 15 19 25:59:4 20 5 14 6 10
1 6 14 18 19 25:37:3 9 5 9 6 5
1 5 14 18 19 25 29:41:3 10 5 9 6 5 3
2 6 14 18 24 25:35:2 9 5 9 5 5
4 5 14 18 19 25:39:4 10 5 9 6 5
1 8 14 15 19 24:32:3 6 5 7 6 5
2 6 13:14:2 9 3
7 8 17 20 22 26 28 30:29:8 6 2 3 4 2 2 2
1 6 14 18 19 25:37:3 9 5 9 6 5
1 5 14 15 19:34:6 10 5 7 6
2 4 6 7 12 15 24 28:40:2 4 9 8 1 7 5 4
2 6 13:18:6 9 3
1 5 14 18 19 25 29:41:3 10 5 9 6 5 3
2 5 13 15 17 19 25:42:4 10 3 7 2 6 10
4 5 18 19 25:34:4 10 9 6 5
10 12 18 23 26 27:17:3 1 9 2 1 1
12 30:4:2 2
1 5 14 18 19 25 29:41:3 10 5 9 6 5 3
2 6 14 18 24 25:35:2 9 5 9 5 5
5 6 13:22:10 9 3
1 5 14 15 19 23 25:38:3 10 5 7 6 2 5
1 6 13 15 19 24 25:38:3 9 3 7 6 5 5
3 26:2:1 1
1 5 14 18 19 25 29:41:3 10 5 9 6 5 3
4 6 7 14 18 24:58:8 9 8 5 18 10
5 12 18 20 25 29:35:10 2 9 3 5 6
1 8 14 18 19 24 25 30:41:3 6 5 9 6 5 5 2
3 6 11 23 24:18:1 9 1 2 5
1 9 14 25:23:3 10 5 5
2 6 14 18 24 25:35:2 9 5 9 5 5
1 6 14 18 19 25 28:39:3 9 5 9 6 5 2
5 29:16:10 6
1 8 14 15 19 24:32:3 6 5 7 6 5
8 17:8:6 2
4 5 11 15 25 29:30:4 10 1 7 5 3
1 6 14 25:22:3 9 5 5
12 15 19 25 27 28 29:29:1 7 6 5 2 2 6
9 10 23:15:10 3 2
1 5 14 18 24 25:40:6 10 5 9 5 5
6 17:11:9 2
1 6 14 18 19 25 28:39:3 9 5 9 6 5 2
1 6 14 18 19 25:48:3 9 10 9 12 5
1 6 14 18 19 25:37:3 9 5 9 6 5
2 17 25:14:2 2 10
1 6 14 18 19 25:37:3 9 5 9 6 5
2 9 14 16 19 22:28:4 5 5 4 6 4
1 8 14 15 19 24 26:33:3 6 5 7 6 5 1
1 5 14:24:9 10 5
25 30:14:10 4
8 14 18 19 24 25:36:6 5 9 6 5 5
2 3 6 8 17 24 28 29:42:2 1 18 6 2 5 2 6
1 6 14 15 24 25 27:35:3 9 5 7 5 5 1
1 8 14 18 19 24 25 26:40:3 6 5 9 6 5 5 1
1 5 8 14 18 24 25:46:6 10 6 5 9 5 5
3 5 8 15 20 21 22 27:33:1 10 6 7 3 1 4 1
1 7 9 14 19 27 30:45:6 8 10 10 6 1 4
1 3:4:3 1
1 6 13 15 19 24 25:38:3 9 3 7 6 5 5
1 5 14 18 19 25 29:41:3 10 5 9 6 5 3
8 12 14 15 21 23 25 29:37:6 1 5 14 1 2 5 3
1 6 14 18 19 25 28:39:3 9 5 9 6 5 2
4 5 14 18 19 25:39:4 10 5 9 6 5
2 14 16 17 19 23:28:2 10 4 2 6 4
1 5 10 13 15 19:35:3 10 3 6 7 6
1 6 14 15 24 25 27:35:3 9 5 7 5 5 1
1 6 13 15 19 24 25:38:3 9 3 7 6 5 5
1 9 14 25:23:3 10 5 5
2 5 8 10 15 30:34:4 10 6 3 7 4
4 5 14 18 19 25:39:4 10 5 9 6 5
1 8 10 20:15:3 6 3 3
2 6 14 18 24 25:35:2 9 5 9 5 5
1 8 14 18 19 24 25 30:41:3 6 5 9 6 5 5 2
1 6 14 15 24 25:34:3 9 5 7 5 5
1 2 7 9 12 29:32:3 4 16 5 1 3
1 6 13 15 19 24 25:38:3 9 3 7 6 5 5
1 6 14 18 19 25:37:3 9 5 9 6 5
1 6 13 15 19 24 25:38:3 9 3 7 6 5 5
5 7 9 14 17 18 24 29:50:10 8 5 5 2 9 5 6
1 5 14 15 19 23 25:38:3 10 5 7 6 2 5
1 6 14 15 24 25:34:3 9 5 7 5 5
1 5 13 15 19:29:3 10 3 7 6
4 5 14 15 19:32:4 10 5 7 6
5 22 26 28:17:10 4 1 2
10 17 20 24 30:17:3 2 3 5 4
1 6 13 15 19 24 25 28:40:3 9 3 7 6 5 5 2
1 6 14 18 19 25:37:3 9 5 9 6 5
1 8 14 15 19 24 27:33:3 6 5 7 6 5 1
3 6 14 22 29 30:31:1 9 10 4 3 4
1 3 14 16 17 22 28:22:3 2 5 4 2 4 2
1 6 14 18 19 25 26:38:3 9 5 9 6 5 1
10 16:7:3 4
1 13 26:7:3 3 1
4 6 14 18 22 24:36:4 9 5 9 4 5
1 5 14 15 19 23 25:38:3 10 5 7 6 2 5
1 6 13 15 19 24 25:38:3 9 3 7 6 5 5
2 8 14 15 19:41:4 6 5 14 12
2 6 14 18 24 25 27:36:2 9 5 9 5 5 1
1 5 14 20 25:29:6 10 5 3 5
4 5 14 18 19 25 28:41:4 10 5 9 6 5 2
2 6 14 18 24 25:35:2 9 5 9 5 5
2 6 13:18:6 9 3
1 7 14 16 19:26:3 8 5 4 6
1 8 14 15:29:6 6 10 7
5 7 18 22 23 26 27:36:10 8 9 4 2 2 1
1 8 14 18 19 24 25 26:40:3 6 5 9 6 5 5 1
2 6 13 25:24:2 9 3 10
3 4 23 27:8:1 4 2 1
1 5 14 18 19 25 29:41:3 10 5 9 6 5 3
3 7 15 16 26:21:1 8 7 4 1
4 5 14 18 19 25 26:40:4 10 5 9 6 5 1
1 5 11 14 15 19:42:3 20 1 5 7 6
1 6 14 15 24 25:34:3 9 5 7 5 5
4 5 14 18 19 25 27:40:4 10 5 9 6 5 1
5 10 11 25 29:22:10 3 1 5 3
4 5 7 14 18 19 25:52:4 10 8 10 9 6 5
12 19 20 21:11:1 6 3 1
1 5 14:36:6 20 10
2 8 14 15 19:26:2 6 5 7 6
1 4 5 14 15 19 25:52:3 4 10 10 14 6 5
1 6 13 15 19 24 25:38:3 9 3 7 6 5 5
1 6 13 15 19 24 25 30:40:3 9 3 7 6 5 5 2
10 15 19 30:24:3 7 12 2
1 5 14 15 19 23 25:38:3 10 5 7 6 2 5
1 5 14 18 19 25 29:41:3 10 5 9 6 5 3
1 5 14 18 19 25 27 29:42:3 10 5 9 6 5 1 3
2 3 6 14 18 24 25:36:2 1 9 5 9 5 5
11 16 21 26 30:9:1 4 1 1 2
8 16 17 18 26 30:24:6 4 2 9 1 2
2 6 14 18 24 25:35:2 9 5 9 5 5
1 6 14 18 19 25 28:39:3 9 5 9 6 5 2
4 5 9 14 15 19:37:4 10 5 5 7 6
7 11 16 27:14:8 1 4 1
1 8 14 18 19 24 25:39:3 6 5 9 6 5 5
1 5 14 25:28:3 10 5 10
1 6 13 15 19 24 25:38:3 9 3 7 6 5 5
1 6 13 15 19 24 25 27:39:3 9 3 7 6 5 5 1
1 6 14 18 19 25:37:3 9 5 9 6 5
1 15 17 21 23 29 30:20:3 7 2 1 2 3 2
1 5 14 18 19 25 28 29:43:3 10 5 9 6 5 2 3
3 5 6 10 22 24 28:51:1 10 18 6 4 10 2
2 6 14 18 24 25:35:2 9 5 9 5 5
8 14 15 19 24:29:6 5 7 6 5
4 5 14 18 19 25:39:4 10 5 9 6 5
1 8 14:20:3 12 5
2 6 14 18 24 25:35:2 9 5 9 5 5
1 8 14 15 19 24:32:3 6 5 7 6 5
4 11 12 17 18 21 28:26:8 1 1 2 9 1 4
4 5 14 18 19 25:39:4 10 5 9 6 5
1 5 13 15 19 23:48:3 20 3 14 6 2
1 3 5 14 18 19 25 29:42:3 1 10 5 9 6 5 3
1 11 27 28 30:9:3 1 1 2 2
2 6 13 25:21:4 9 3 5
1 5 9 13 15 19 23:46:3 20 5 3 7 6 2
3 17 22 28 29:14:1 2 4 4 3
1 5 14 18 19 25 29:41:3 10 5 9 6 5 3
1 8 14 15 19 24:32:3 6 5 7 6 5
1 3 8 14 15 19 24:33:3 1 6 5 7 6 5
1 3 6 13 15 19 24 25:39:3 1 9 3 7 6 5 5
3 12 22 24:11:1 1 4 5
4 12 16 24:23:4 1 8 10
10 22 26:8:3 4 1
1 5 14 18 19 25 29:41:3 10 5 9 6 5 3
4 7 14 15 19 22 25:51:4 8 10 14 6 4 5
1 5 14 30:23:6 10 5 2
1 5 14 18 24 25:40:6 10 5 9 5 5
1 5 8 9 11:25:3 10 6 5 1
1 6 14:25:6 9 10
3 4 5 14 18 19 25:40:1 4 10 5 9 6 5
8 12 13 18 22:23:6 1 3 9 4
8 13 15 19 26 29:26:6 3 7 6 1 3
1 6 13 15 19 24 25:38:3 9 3 7 6 5 5
1 5 14 15 19 23 25:38:3 10 5 7 6 2 5
1 8 14 18 19 24 25:39:3 6 5 9 6 5 5
1 5 14 15 19 23 25:38:3 10 5 7 6 2 5
1 6 14 18 19 21 25:38:3 9 5 9 6 1 5
1 8 14 18 19 24 25:39:3 6 5 9 6 5 5
11 17 19 21 22:16:1 4 6 1 4
1 8 14 18 19 24 25:39:3 6 5 9 6 5 5
1 5 14 18 19 25 29:41:3 10 5 9 6 5 3
4 7 14:17:4 8 5
4 10 18:16:4 3 9
13 18 30:14:3 9 2
1 6 14 18 19 25:37:3 9 5 9 6 5
1 8 14 15 19 24:32:3 6 5 7 6 5
1 3 6 13 15 19 24 25:39:3 1 9 3 7 6 5 5
2 6 14 18 24 25:35:2 9 5 9 5 5
1 6 13 15 19 24 25 26:39:3 9 3 7 6 5 5 1
9 17 27:10:5 4 1
4 5 14 15 19:54:8 10 10 14 12
1 6 13 15 19 24 25:38:3 9 3 7 6 5 5
21 28:3:1 2
1 6 14 18 19 25:37:3 9 5 9 6 5
4 13 17 18:18:4 3 2 9
1 6 14 18 19 25:37:3 9 5 9 6 5
1 5 14 15 19 23 25 28:40:3 10 5 7 6 2 5 2
1 14 19 25:22:6 5 6 5
2 6 13:25:4 18 3
1 5 14 15 19 23 25:38:3 10 5 7 6 2 5
1 6 13:15:3 9 3
3 10 14 15 16 23:24:1 3 5 7 4 4
1 5 14 25 28:28:6 10 5 5 2
2 6 14 18 24 25:35:2 9 5 9 5 5
1 6 14 18 19 25 30:39:3 9 5 9 6 5 2
4 5 14 18 19 25:39:4 10 5 9 6 5
6 9 10 11 16:22:9 5 3 1 4
5 12 13 14 15 21 23:30:10 2 3 5 7 1 2
4 7 14 15 19 22 25:44:4 8 5 7 6 4 10
1 6 13 15 19 24 25:38:3 9 3 7 6 5 5
1 6 14 15 24 25:34:3 9 5 7 5 5
1 8 14 18 19 24 25 26:40:3 6 5 9 6 5 5 1
4 5 14 15 19 26:37:8 10 5 7 6 1
2 6 14 18 24 25:35:2 9 5 9 5 5
10 11 19 22 29:17:3 1 6 4 3
2 6 14 18 24 25:35:2 9 5 9 5 5
1 8 14 15 19 24:32:3 6 5 7 6 5
1 5 14 18 19 25 29:41:3 10 5 9 6 5 3
1 5 14 15 19:44:9 10 5 14 6
1 5 14 18 19 25 29:41:3 10 5 9 6 5 3
8 14 15 19 24:29:6 5 7 6 5
4 6 28:15:4 9 2
4 7 14 15 19:34:8 8 5 7 6
1 5 14 15 19 23 25:38:3 10 5 7 6 2 5
25 28:7:5 2
4 7 14 28:27:4 16 5 2
5 8 28:20:10 6 4
1 2 8 13 15:30:6 2 12 3 7
1 8 14 18 19 24 25:39:3 6 5 9 6 5 5
15 19:13:7 6
1 6 13 15 19 24 25:38:3 9 3 7 6 5 5
16 19 21 23 25 29:21:4 6 1 2 5 3
1 6 14 15 24 25:34:3 9 5 7 5 5
4 5 14 18 19 25 27:40:4 10 5 9 6 5 1
11 21 23 27:5:1 1 2 1
4 5 14 15 19 29:35:4 10 5 7 6 3
1 8 14 18 19 24 25:39:3 6 5 9 6 5 5
4 5 14 18 19 25:39:4 10 5 9 6 5
5 10 29:16:10 3 3
3 7 11 15 23 24:26:2 8 2 7 2 5
4 5 14 18 19:34:4 10 5 9 6
4 5 14:19:4 10 5
4 5 14 18 19 25 26:40:4 10 5 9 6 5 1
1 5 14 18 19 25 27 29:42:3 10 5 9 6 5 1 3
3 4 5 14 25:25:1 4 10 5 5
1 6 13 15 19 24 25:60:3 18 3 14 12 5 5
1 8 14:14:3 6 5
1 6 14 18 19 25:37:3 9 5 9 6 5
1 6 14 16 19:33:3 9 5 4 12
1 8 14 18 19 24 25:39:3 6 5 9 6 5 5
1 6 13 15 19 24 25:38:3 9 3 7 6 5 5
1 6 8 15 21 22 24 26:44:6 9 6 7 2 8 5 1
1 5 14 15 19 23 25 26:39:3 10 5 7 6 2 5 1
1 5 14 18 19 25 29:41:3 10 5 9 6 5 3
1 8 14 15 19 24 27:33:3 6 5 7 6 5 1
1 6 14 15 24 25:34:3 9 5 7 5 5
1 5 14 15 19 23 25:38:3 10 5 7 6 2 5
1 6 14 18 19 25:37:3 9 5 9 6 5
15 18 20 25 27 28:44:7 18 6 10 1 2
1 6 14 15 25:29:3 9 5 7 5
2 20:7:4 3
1 3 5 14 15 19 23 25:39:3 1 10 5 7 6 2 5
9 10 15 18 28 29 30:33:5 3 7 9 2 3 4
1 5 14 15 19 23 25:38:3 10 5 7 6 2 5
1 6 14 18 19 25 30:39:3 9 5 9 6 5 2
2 3 6 14 18 24 25:36:2 1 9 5 9 5 5
1 6 14 18 19 25:37:3 9 5 9 6 5
17 20 26 29:9:2 3 1 3
4 7 14 15 19:30:4 8 5 7 6
1 5 14 18 19 25 29:41:3 10 5 9 6 5 3
1 6 13 15 19 24 25 26:39:3 9 3 7 6 5 5 1
4 5 14 18 19 25:39:4 10 5 9 6 5
2 6 13:14:2 9 3
1 5 13 15 19 27:30:3 10 3 7 6 1
1 6 14 18 19 25:37:3 9 5 9 6 5
1 2 4 7 20 28 29:25:3 2 4 8 3 2 3
1 8 14 15 19 24:32:3 6 5 7 6 5
5 8 11 14 23 26:27:10 6 1 5 4 1
1 6 13 15 19 24 25:38:3 9 3 7 6 5 5
1 6 14 25:22:3 9 5 5
1 5 14 25:26:6 10 5 5
1 6 14 15 24 25:34:3 9 5 7 5 5
4 5 14 18 19 25:39:4 10 5 9 6 5
1 6 14 15 24 25:42:6 9 5 7 10 5
1 5 14 15 19 21 23 25:39:3 10 5 7 6 1 2 5
2 6 14 18 24 25 28:37:2 9 5 9 5 5 2
1 3 6 14 15 24 25:35:3 1 9 5 7 5 5
5 20:23:20 3
1 8 14 18 19 24 25:39:3 6 5 9 6 5 5
2 6 14 18 24 25:35:2 9 5 9 5 5
1 5 14 18 24 25:40:6 10 5 9 5 5
11 14 17 19 25 26:20:1 5 2 6 5 1
11 14 16 18 30:26:1 10 4 9 2
4 5 14 18 19 25:39:4 10 5 9 6 5
1 5 14 18 19 25 29:41:3 10 5 9 6 5 3
1 8 14 18 19 24 25 28:41:3 6 5 9 6 5 5 2
1 5 7 8 16:35:3 10 8 6 8
1 5 14 18 19 25 26 29:42:3 10 5 9 6 5 1 3
2 5 13:15:2 10 3
4 5 14 18 19 25 27:40:4 10 5 9 6 5 1
6 8 13 17 21:23:9 6 3 4 1
1 7 8 14:30:3 16 6 5
1 6 14 15 24 25:34:3 9 5 7 5 5
1 5 14 18 19 25 29:41:3 10 5 9 6 5 3
1 6 13 15 19 24 25:38:3 9 3 7 6 5 5
4 5 14 18 19 25:39:4 10 5 9 6 5
1 5 14:36:6 20 10
2 10 13 14 23:18:2 6 3 5 2
1 3 5 6 14 19 25:48:3 1 10 18 5 6 5
2 6 14 18 24 25 28:37:2 9 5 9 5 5 2
1 6 14 15 24 25:34:3 9 5 7 5 5
1 5 14 15 19 23 25:38:3 10 5 7 6 2 5
2 6 14 18 24 25:35:2 9 5 9 5 5
1 6 14 18 19 25:37:3 9 5 9 6 5
4 5:14:4 10
1 14:8:3 5
12 14 16 20 28 30:22:1 10 4 3 2 2
1 3 6 7 16 23 25 29:39:3 1 9 8 8 2 5 3
4 5 11 14 15 19 25:45:4 10 1 5 14 6 5
2 6 14 18 24 25:35:2 9 5 9 5 5
1 5 14 15 19:45:6 10 10 7 12
1 8 14 15 19 24 30:34:3 6 5 7 6 5 2
1 6 13 15 19 24 25:38:3 9 3 7 6 5 5
15 17 19 25 26 29:27:7 2 6 5 1 6
4 5 14 15 19:38:4 10 5 7 12
1 5 14 18 19 21 25 29:42:3 10 5 9 6 1 5 3
4 5 14 18 19 20 25:52:4 20 5 9 6 3 5
2 5 13 15 19 25 27:46:4 20 3 7 6 5 1
2 6 13:14:2 9 3
1 5 14:29:9 10 10
11 13 17 26 30:9:1 3 2 1 2
3 11 17:4:1 1 2
3 5 15 16 26 28:32:1 10 14 4 1 2
4 5 14 15 19 25 26:45:4 10 5 14 6 5 1
1 5 14 15 16 19:47:9 10 5 7 4 12
1 6 14 18 19 25:37:3 9 5 9 6 5
13 17 30:10:6 2 2
6 14:14:9 5
5 7 8 10 14 16 23 27:39:10 8 6 3 5 4 2 1
1 6 14 18 19 25 30:39:3 9 5 9 6 5 2
1 5 14 25:26:6 10 5 5
1 6 14 18 19 25 28:39:3 9 5 9 6 5 2
26 27 30:4:1 1 2
1 6 14 15 24 25:34:3 9 5 7 5 5
1 5 14 15 19 23 25:38:3 10 5 7 6 2 5
4 5 11 14 18 19 25:50:8 10 1 5 9 12 5
1 8 14 15 19 24:32:3 6 5 7 6 5
1 5 14 15 19:40:6 10 5 7 12
1 6 14 15 24 25 26:35:3 9 5 7 5 5 1
7 8 14 15 18 22 28:49:16 6 5 7 9 4 2
4 5 14 18 19 25:39:4 10 5 9 6 5
1 8 14 18 19 24 25:39:3 6 5 9 6 5 5
4 5 14 15 19 25:44:4 10 5 14 6 5
1 4 7 8 13 24 26:30:3 4 8 6 3 5 1
4 14 19:15:4 5 6
1 5 14 15 19 23 25:38:3 10 5 7 6 2 5
1 6 14 15 24 25:34:3 9 5 7 5 5
1 6 14 15 24 25:34:3 9 5 7 5 5
1 6 14 15 24 25:34:3 9 5 7 5 5
1 8 14 15 19 24:32:3 6 5 7 6 5
1 6 14 15 24 25:37:6 9 5 7 5 5
1 8 14 15 19 24 26:33:3 6 5 7 6 5 1
4 5 14 18 19 25 27:40:4 10 5 9 6 5 1
1 6 13 15 19 24 25:38:3 9 3 7 6 5 5
4 7 14 15 19:30:4 8 5 7 6
1 8 14 18 19 21 24 25:40:3 6 5 9 6 1 5 5
1 6 14:34:6 18 10
1 9 14 15 20 30:25:3 5 5 7 3 2
4 7 12 17 18 21 26:30:8 8 1 2 9 1 1
13 20:9:3 6
1 5 6 14 15 19:40:3 10 9 5 7 6
4 5 14 18 19 25:39:4 10 5 9 6 5
1 3 8 14 15 19 24:33:3 1 6 5 7 6 5
4 5 25 27:20:4 10 5 1
1 5 14 15 19 23 25:38:3 10 5 7 6 2 5
1 5 14 15 19 23 25:38:3 10 5 7 6 2 5
1 5 14 18 19 25 29:41:3 10 5 9 6 5 3
4 6 14 18 24:32:4 9 5 9 5
4 5 14 25:33:8 10 5 10
11 19 24 28:19:1 6 10 2
2 3 8 24 27:21:2 2 6 10 1
1 5 13 15 19:29:3 10 3 7 6
6 9 17 20 21 23 24:32:9 10 2 3 1 2 5
2 6 14 18 24 25:35:2 9 5 9 5 5
1 8 14 18 19 24 25:39:3 6 5 9 6 5 5
1 3 5 14 15 19 23 25:39:3 1 10 5 7 6 2 5
12 23 26:4:1 2 1
2 6 14 18 24 25:35:2 9 5 9 5 5
1 6 13 15 19 24 25:38:3 9 3 7 6 5 5
4 7 14 15 19 21:42:8 8 5 14 6 1
1 5 14 15 19:46:3 20 10 7 6
1 5 14 18 19 25 29:41:3 10 5 9 6 5 3
2 5 13 15 19 25:35:4 10 3 7 6 5
1 7 14 16 17 19 22:43:3 8 10 4 2 12 4
1 5 14 15 19 23 25:38:3 10 5 7 6 2 5
1 8 14 18 19 24 25 27:40:3 6 5 9 6 5 5 1
1 8 14 15 19 24:32:3 6 5 7 6 5
1 3 6 14 15 24 25:35:3 1 9 5 7 5 5
4 11 21 26:7:4 1 1 1
1 6 13 15 19 24 25:38:3 9 3 7 6 5 5
1 6 14 18 19 25:37:3 9 5 9 6 5
1 5 14 18 19 25 29:41:3 10 5 9 6 5 3
9 16 17 26:14:5 4 4 1
1 6 13 15 19 24 25:41:3 9 6 7 6 5 5
1 5 14 18 19 25 29:41:3 10 5 9 6 5 3
1 6 14 16 19:31:3 9 5 8 6
1 5 14 18 19 25 29:41:3 10 5 9 6 5 3
1 6 14 15 24 25:34:3 9 5 7 5 5
2 6 14 18 24 25 30:37:2 9 5 9 5 5 2
2 8 14 15 19:26:2 6 5 7 6
1 6 14 15 24 25:34:3 9 5 7 5 5
1 5 14 18 24 25:40:6 10 5 9 5 5
9 10:8:5 3
2 5 13:15:2 10 3
7 12 19 28:23:8 1 12 2
4 7 14 15 19:38:4 16 5 7 6
1 5 14 21:19:3 10 5 1
1 7 14:16:3 8 5
1 10 17 21 24 27:15:3 3 2 1 5 1
4 5 14:33:8 20 5
1 6 14 15 24 25:34:3 9 5 7 5 5
3 5 16 17 26 29:28:2 10 8 4 1 3
2 3 27:4:2 1 1
2 4 8:12:2 4 6
1 5 14 18 19 25 29:41:3 10 5 9 6 5 3
1 8 14 15 19 24:32:3 6 5 7 6 5
4 5 12 23 27:28:4 20 1 2 1
2 10 22 28:14:2 6 4 2
1 5 14 18 19 25 29:41:3 10 5 9 6 5 3
4 5 14 18 19 25:39:4 10 5 9 6 5
24 26 30:8:5 1 2
1 8 14 18 19 24 25:39:3 6 5 9 6 5 5
1 6 13 15 19 24 25:38:3 9 3 7 6 5 5
2 6 14 18 24 25:35:2 9 5 9 5 5
1 8 14 18 19 24 25:39:3 6 5 9 6 5 5
4 5 14 18 19 21 25:40:4 10 5 9 6 1 5
16 22 23 29:13:4 4 2 3
1 5 14 15 19 23 25:38:3 10 5 7 6 2 5
1 6 14 18 19 25:37:3 9 5 9 6 5
1 5 14 15 19 23 25:38:3 10 5 7 6 2 5
1 3 12 17 25:17:3 1 1 2 10
2 5 13:25:2 20 3
1 5 13 15 19 23:31:3 10 3 7 6 2
1 6 14 18 19 25:37:3 9 5 9 6 5
14 17 18 25 26:23:5 2 9 5 2
7 19 21 25:26:8 12 1 5
4 17 20 21 29:13:4 2 3 1 3
1 7 14 20:22:6 8 5 3
1 8 14 19 24 25:30:3 6 5 6 5 5
2 6 16 24 25 30:27:2 9 4 5 5 2
1 5 14 18 19 25 29:41:3 10 5 9 6 5 3
5 24:25:20 5
8 9 13 14 17 18 28:39:6 10 3 5 2 9 4
7 10 23 24:26:8 6 2 10
2 6 14 18 24 25 27:36:2 9 5 9 5 5 1
1 5 14 15 19 23 25:38:3 10 5 7 6 2 5
1 5 8 14 15 19:47:6 10 6 5 14 6
2 22 28 29:15:2 8 2 3
5 7 9 17:32:10 8 10 4
1 6 13 15 19 24 25:38:3 9 3 7 6 5 5
2 6 13:17:2 9 6
2 6 13 24 25:33:2 18 3 5 5
1 8 14 18 19 21 24 25:40:3 6 5 9 6 1 5 5
2 8 14 15 19:37:2 12 10 7 6
1 5 14 15 19 23 25:38:3 10 5 7 6 2 5
1 6 14 25 26:28:3 9 10 5 1
1 5 14 15 19 23 25:38:3 10 5 7 6 2 5
1 6 14 15 24 25 28:36:3 9 5 7 5 5 2
4 5 14 18 19 25:44:4 10 10 9 6 5
4 5 9 21 28:22:4 10 5 1 2
1 8 14 18 19 24 25:39:3 6 5 9 6 5 5
1 5 14 15 19:41:3 20 5 7 6
4 5 14 15 19 26:37:8 10 5 7 6 1
24 28:7:5 2
4 5 16 20 30:40:4 20 8 6 2
4 5 14 15 17 19:54:8 20 5 7 2 12
1 7 13 16 19 22 25 28:35:3 8 3 4 6 4 5 2
4 5 14 15 19:36:8 10 5 7 6
5 13 17 20 26:29:20 3 2 3 1
3 6 12 19 25 28 30:28:2 9 2 6 5 2 2
1 3 5 14 18 19 25 29:42:3 1 10 5 9 6 5 3
1 6 13 15 19 24 25:38:3 9 3 7 6 5 5
2 8 14 15 19:26:2 6 5 7 6
1 5 14 15 19:46:6 10 10 14 6
2 6 13 15 19:36:4 9 3 14 6
2 6 14 18 24 25:35:2 9 5 9 5 5
4 5 14 18 19 25:39:4 10 5 9 6 5
2 6 14 18 24 25:35:2 9 5 9 5 5
3 5 14 23 28 29 30:25:1 10 5 2 2 3 2
1 8 14 15 19 24:32:3 6 5 7 6 5
4 5 14 18 19 25 30:41:4 10 5 9 6 5 2
6 9 10 11 14 20:35:18 5 3 1 5 3
2 6 14 18 24 25:35:2 9 5 9 5 5
1 5 14 15 19 23 25:38:3 10 5 7 6 2 5
1 6 14 15 24 25 27:35:3 9 5 7 5 5 1
1 5 14 18 19 25 29:41:3 10 5 9 6 5 3
2 21 23 24 26:13:4 1 2 5 1
2 6 14 18 24 25:35:2 9 5 9 5 5
1 6 14 15 24 25:34:3 9 5 7 5 5
4 5 14 18 19 25:39:4 10 5 9 6 5
4 5 14 28:35:8 20 5 2
2 6 14 18 24 25:35:2 9 5 9 5 5
4 5 14 25:24:4 10 5 5
7 12 17 29:14:8 1 2 3
4 5 14 18 19 25:39:4 10 5 9 6 5
1 6 13 15 19 24 25 27:39:3 9 3 7 6 5 5 1
1 6 13 19 24 25:31:3 9 3 6 5 5
1 6 13 15 19 21 24 25:39:3 9 3 7 6 1 5 5
2 6 14 18 24 25 27:36:2 9 5 9 5 5 1
1 8 14 18 19 21 24 25:40:3 6 5 9 6 1 5 5
1 6 14 18 19 25:37:3 9 5 9 6 5
1 6 13 15 19 24 25 26:44:3 9 3 7 6 5 10 1
1 8 9 14 18 19 24 25:53:6 6 5 5 9 12 5 5
2 5 12 13:26:2 20 1 3
1 8 14 15 19 24 27:33:3 6 5 7 6 5 1
1 6 14 15 24 25 27:35:3 9 5 7 5 5 1
1 5 14 18 19 25 26 29:42:3 10 5 9 6 5 1 3
1 2 7 11 15 16 20:39:3 2 16 1 7 4 6
1 5 14 18 19 25 29:47:3 10 5 9 12 5 3
4 5 6 14:42:8 20 9 5
20 21 28:10:6 2 2
4 5 14:33:8 20 5
1 8 14 18 19 24 25:39:3 6 5 9 6 5 5
1 7 14 16 19 22 28:36:3 8 5 4 6 8 2
4 7 14:22:4 8 10
1 5 14 15 19:31:3 10 5 7 6
6 7 14 17 18 19:54:9 8 5 2 18 12
1 5 10 14 18 24 25:48:6 10 3 10 9 5 5
1 6 14 16 19:27:3 9 5 4 6
1 6 13 15 19 24 25 30:40:3 9 3 7 6 5 5 2
4 5 14 18 19 25:39:4 10 5 9 6 5
1 5 14 18 19 25 29:41:3 10 5 9 6 5 3
4 5 14 18 19 25:39:4 10 5 9 6 5
3 27:2:1 1
8 14 15 19 24:29:6 5 7 6 5
1 6 14 16 19 25:32:3 9 5 4 6 5
1 8 14 18 19 24 25:39:3 6 5 9 6 5 5
1 5 14:29:9 10 10
7 8 10 14 15 18:38:8 6 3 5 7 9
6 9 10 14 15 18 23:40:9 5 3 5 7 9 2
1 5 14 15 19 23 25:45:3 10 5 14 6 2 5
1 6 14 15 19 24 25:45:3 9 5 7 6 10 5
1 5 14 18 19 25 29:41:3 10 5 9 6 5 3
1 8 14 18 19 24 25:39:3 6 5 9 6 5 5
8 11 18 20 25 30:26:6 1 9 3 5 2
3 22 25 26 29:14:1 4 5 1 3
2 6 14 18 24 25:35:2 9 5 9 5 5
2 8 14 15 19:39:2 6 5 14 12
1 8 14 18 19 24 25:39:3 6 5 9 6 5 5
1 5 14 18 19 25:38:3 10 5 9 6 5
1 8 14 15 19 24:32:3 6 5 7 6 5
1 5 14 15 19 23 25:38:3 10 5 7 6 2 5
1 5 14 15 19 23 25:38:3 10 5 7 6 2 5
4 5 14 18 19 25 26:40:4 10 5 9 6 5 1
2 9 14 16 19 22:35:2 10 5 8 6 4
1 6 14 15 24 25:34:3 9 5 7 5 5
2 8 14 15 16 19:30:2 6 5 7 4 6
4 5 14 18 19 25:39:4 10 5 9 6 5
1 4 12 19 23 25 27 30:25:3 4 1 6 2 5 2 2
2 6 14 18 24 25 27:36:2 9 5 9 5 5 1
1 6 14 18 19 25:37:3 9 5 9 6 5
10 14 19 20:20:6 5 6 3
1 5 14 18 19 25 29:41:3 10 5 9 6 5 3
1 3 6 13 15 19 24 25:39:3 1 9 3 7 6 5 5
1 6 14 15 24 25:34:3 9 5 7 5 5
1 8 14:20:3 12 5
4 5 14 18 19 25:39:4 10 5 9 6 5
1 5 14:23:3 10 10
1 8 14 15 19 24 26:33:3 6 5 7 6 5 1
1 8 14 15 19 24 27:33:3 6 5 7 6 5 1
9 10 19:14:5 3 6
4 5 14 18 19 25:39:4 10 5 9 6 5
4 5 14:24:4 10 10
1 8 14 18 19 24 25:39:3 6 5 9 6 5 5
6 17 27 28:14:9 2 1 2
1 2 14 19 24:21:3 2 5 6 5
1 5 14 15 19 21:35:6 10 5 7 6 1
1 6 14:25:6 9 10
7 9 10 11 16 20 30:27:8 5 3 2 4 3 2
1 6 14 18 19 25:37:3 9 5 9 6 5
1 6 13 15 19 24 25:38:3 9 3 7 6 5 5
22 27 28 29:10:4 1 2 3
1 6 14 18 19 25:37:3 9 5 9 6 5
3 6 9 13 27:23:1 9 5 6 2
1 8 14 15 19 24:43:3 12 10 7 6 5
1 8 14 18 19 24 25:39:3 6 5 9 6 5 5
1 8 14 15 19 24:32:3 6 5 7 6 5
1 6 14 15 24 25:34:3 9 5 7 5 5
5 9 23:32:20 10 2
1 9 14 20 25:21:3 5 5 3 5
1 6 13 15 19 24 25:38:3 9 3 7 6 5 5
1 6 14 15 24 25 27:35:3 9 5 7 5 5 1
1 8 14 18 19 24 25:39:3 6 5 9 6 5 5
3 7 12 20 21 30:16:1 8 1 3 1 2
4 6 14 18 24:41:4 18 5 9 5
1 8 14 18 19 24 25:39:3 6 5 9 6 5 5
1 6 14 15 24 25:34:3 9 5 7 5 5
1 5 14:18:3 10 5
1 8 14 15 19 24:32:3 6 5 7 6 5
1 6 14 15 24 25:34:3 9 5 7 5 5
1 5 14 15 19 20:37:6 10 5 7 6 3
7 11 15 18 23:29:8 1 7 9 4
1 4 5 14 15 19:47:9 4 10 5 7 12
1 3 8 14 15 19 24:33:3 1 6 5 7 6 5
1 6 14 15 24 25:34:3 9 5 7 5 5
1 3 4 5 14 15:30:3 1 4 10 5 7
1 6 16 22 25 28:27:3 9 4 4 5 2
1 6 14 15 24 25 27:35:3 9 5 7 5 5 1
13 18 19 29:21:3 9 6 3
1 6 14 15 24 25:34:3 9 5 7 5 5
4 6 14 18 24:37:4 9 5 9 10
4 5 14 15 19 25 29:47:4 10 5 14 6 5 3
8 9 16 19 21 23:41:12 10 4 12 1 2
1 5 14 18 19 25 29:41:3 10 5 9 6 5 3
1 14 20 28:16:6 5 3 2
1 8 14 18 19 24 25 30:41:3 6 5 9 6 5 5 2
2 6 14 18 24 25:35:2 9 5 9 5 5
4 6 14 18 24:37:4 9 5 9 10
4 5 14 18 19 25:39:4 10 5 9 6 5
1 6 14 18 19 25:37:3 9 5 9 6 5
4 7 14 15 19 22 25:49:4 8 10 7 6 4 10
4 7 14 20:28:4 16 5 3
4 5 14 18 19 25:39:4 10 5 9 6 5
4 5 8 14 15 19:44:4 10 6 5 7 12
1 6 20 27 29:19:3 9 3 1 3
2 9 23 24 26:19:4 5 4 5 1
7 9 11 14 21 25 27:31:8 5 1 10 1 5 1
1 6 14 18 19 25 30:39:3 9 5 9 6 5 2
2 6 13 28:23:6 9 6 2
1 8 14 15 19 24:32:3 6 5 7 6 5
1 6 14 15 24 25 30:36:3 9 5 7 5 5 2
1 5 14:21:6 10 5
4 9 12 21 23 30:15:4 5 1 1 2 2
2 5 13 15 19 23 25:55:4 20 6 7 6 2 10
1 5 11 13 15 19:33:3 10 1 6 7 6
1 6 14 18 19 25:37:3 9 5 9 6 5
8 13 20 21:13:6 3 3 1
2 6 10 13 25:27:2 9 3 3 10
4 5 8 14 15 19:42:8 10 6 5 7 6
1 5 14 15 19:44:9 10 5 14 6
1 6 13 15 19 24 25:38:3 9 3 7 6 5 5
2 6 14 18 24 25 27:36:2 9 5 9 5 5 1
4 7 14:17:4 8 5
14 20 21 29:12:5 3 1 3
1 8 14 15 19 24:32:3 6 5 7 6 5
1 8 14 15 19 24 27:33:3 6 5 7 6 5 1
1 5 13 15 19 23:37:3 10 3 7 12 2
1 6 13 15 19 24 25 30:40:3 9 3 7 6 5 5 2
1 5 14 18 19 25 29:41:3 10 5 9 6 5 3
4 10 23 26 29:13:4 3 2 1 3
5 8 25 29:24:10 6 5 3
1 5 14 15 19 23 25:38:3 10 5 7 6 2 5
1 6 14 25:27:3 9 5 10
1 6 14 18 19 25 27:38:3 9 5 9 6 5 1
11 12 13 27:6:1 1 3 1
4 5 14 18 19 25:39:4 10 5 9 6 5
1 6 14 25:22:3 9 5 5
1 8 14 18 19 24 25:39:3 6 5 9 6 5 5
1 3 8 14 18 19 24 25:40:3 1 6 5 9 6 5 5
1 6 14 18 19 25 30:39:3 9 5 9 6 5 2
1 6 14:25:6 9 10
1 5 14 15 19 23 25:38:3 10 5 7 6 2 5
2 4 12 21:9:2 4 2 1
2 6 14 18 24 25:35:2 9 5 9 5 5
4 5 14 18 19 25:49:4 20 5 9 6 5
1 5 9 14:26:6 10 5 5
1 5 14 18 19 25 27 29:42:3 10 5 9 6 5 1 3
11 19 25 30:14:1 6 5 2
3 5 7 11 23 29:26:1 10 8 2 2 3
1 9 14 25:18:3 5 5 5
2 3 6 14 18 24 25:36:2 1 9 5 9 5 5
1 5 14 18 19 25 29:41:3 10 5 9 6 5 3
4 5 14 15 19 22:50:8 20 5 7 6 4
1 5 14 18 19 21 25 29:42:3 10 5 9 6 1 5 3
1 6 14 15 24 25 27:35:3 9 5 7 5 5 1
1 8 14 15 19 24:32:3 6 5 7 6 5
5 7 21 29:22:10 8 1 3
1 8 14 18:23:3 6 5 9
2 8 14:19:2 12 5
1 6 13 15 19 24 25:38:3 9 3 7 6 5 5
1 5 14 15 19 23 25:38:3 10 5 7 6 2 5
2 6 13:16:4 9 3
4 7 14:17:4 8 5
2 5 13 15 19 25:41:4 10 3 7 12 5
2 4 7 14 15 19:44:2 8 16 5 7 6
4 5 14 18 19 25 30:41:4 10 5 9 6 5 2
2 5 14 16 19 23 25:34:2 10 5 4 6 2 5
1 6 13 15 19 24 25:38:3 9 3 7 6 5 5
1 5 14 15 19 23 25:38:3 10 5 7 6 2 5
16 18 29:16:4 9 3
1 6 14 16 19:27:3 9 5 4 6
1 8 14 15 19 24:32:3 6 5 7 6 5
1 8 14 15 19 24:32:3 6 5 7 6 5
1 5 14 18 19 22 25 29:58:6 10 10 9 6 4 10 3
2 6 13 15 19 29:30:2 9 3 7 6 3
1 5 14 25:31:6 10 10 5
13 14 16 19 26:19:3 5 4 6 1
1 5 14 15 19 23 25:38:3 10 5 7 6 2 5
1 6 13 15 19 24 25:38:3 9 3 7 6 5 5
6 22 27:14:9 4 1
2 5 26:13:2 10 1
9 11 12 17 28:11:5 1 1 2 2
2 6 14 18 24 25 30:37:2 9 5 9 5 5 2
6 10 27:13:9 3 1
15 19 23:15:7 6 2
1 5 14 18 19 25 29:41:3 10 5 9 6 5 3
2 8 14 15 19 26:33:2 6 5 7 12 1
1 5 14 18 19 25 28 29:43:3 10 5 9 6 5 2 3
1 5 14 15 19 23 25:38:3 10 5 7 6 2 5
4 7 14 15 19:38:4 16 5 7 6
4 5 14 18 19 25:39:4 10 5 9 6 5
1 2 12:6:3 2 1
11 13 29:7:1 3 3
4 5 14 18 19 25:39:4 10 5 9 6 5
1 8 14 18 19 24 25:39:3 6 5 9 6 5 5
1 5 14 15 19:34:6 10 5 7 6
1 5 9 14:29:9 10 5 5
1 6 13 15 19 24 25 26:39:3 9 3 7 6 5 5 1
2 8 10 14 17 21 25:28:2 6 6 5 2 2 5
2 3 6 14 18 24 25:36:2 1 9 5 9 5 5
20 21 23:6:3 1 2
1 6 14 18 19 25:37:3 9 5 9 6 5
4 7 9 12:18:4 8 5 1
1 7 13 16 19 22 25:33:3 8 3 4 6 4 5
1 8 14 15 19 24:32:3 6 5 7 6 5
5 7 14 18 19 21 23 26:47:10 8 10 9 6 1 2 1
1 5 14 15 19 23 25:38:3 10 5 7 6 2 5
4 5 14 18 19 25:45:4 10 5 9 12 5
1 6 14 18 19 25:37:3 9 5 9 6 5
1 6 14 15 24 25:34:3 9 5 7 5 5
1 5 14 15 19:41:6 10 5 14 6
1 5 13 15 19:35:3 10 3 7 12
4 8 11 12 16 25 29:31:4 12 2 1 4 5 3
12 13:4:1 3
2 6 14 18 24 25:35:2 9 5 9 5 5
4 9 10 12 24 28:20:4 5 3 1 5 2
2 22 29 30:11:2 4 3 2
1 7 14:19:6 8 5
4 5 14 19 25:30:4 10 5 6 5
1 5 14 18 19 21 25 29:42:3 10 5 9 6 1 5 3
1 6 14 18 19 25 27:38:3 9 5 9 6 5 1
1 6 14 15 24 25:34:3 9 5 7 5 5
1 6 14 15 24 25:34:3 9 5 7 5 5
1 6 14:25:6 9 10
1 8 14 15 19 24 27:33:3 6 5 7 6 5 1
1 7 14 16 19:30:3 8 5 8 6
1 11 17 23 25 29:19:3 1 2 2 5 6
1 6 14 15 24 25 27:35:3 9 5 7 5 5 1
1 2 4 12:14:3 2 8 1
1 5 14:18:3 10 5
1 8 14 15 19 24:32:3 6 5 7 6 5
1 6 13 15 19 24 25:38:3 9 3 7 6 5 5
4 5 14 18 19 25:39:4 10 5 9 6 5
4 5 14 18 19 25 27:40:4 10 5 9 6 5 1
1 3 6 14 25:28:3 1 9 5 10
1 5 14 18 19 25 29:41:3 10 5 9 6 5 3
13 17 19 22 24:20:3 2 6 4 5
1 5 14 18 19 25 29:46:3 10 5 9 6 10 3
2 6 11 13 25:20:2 9 1 3 5
5 7 23 27:21:10 8 2 1
3 21 30:4:1 1 2
1 8 14 15 19 24:32:3 6 5 7 6 5
1 5 14 15 19 23 25 26:39:3 10 5 7 6 2 5 1
1 5 14 18 19 25 29:41:3 10 5 9 6 5 3
2 18 23 24:18:2 9 2 5
4 5 14 15 19:32:4 10 5 7 6
4 5 14 18 19 25:39:4 10 5 9 6 5
1 3 4 5 8 15:41:3 1 4 20 6 7
2 5 7 14 16 19 23 25:52:2 20 8 5 4 6 2 5
1 6 10 14 25:25:3 9 3 5 5
2 8 11 14 15 19:27:2 6 1 5 7 6
4 5 14 18 24:37:8 10 5 9 5
4 19 25:15:4 6 5
4 5 7 14:27:4 10 8 5
1 5 14 18 19 25 29:41:3 10 5 9 6 5 3
1 5 14 15 19 23 25:38:3 10 5 7 6 2 5
13 19 20 23 26:15:3 6 3 2 1
1 5 14 18 19 25 29:41:3 10 5 9 6 5 3
2 15 25:21:2 14 5
2 5 12 17 19 25:28:4 10 1 2 6 5
4 7 14 15 19:38:4 16 5 7 6
1 5 14 15 19 23 25 27:39:3 10 5 7 6 2 5 1
1 8 14 15 19 24:32:3 6 5 7 6 5
1 6 13 15 19 24 25:38:3 9 3 7 6 5 5
1 8 14 15 19 24:32:3 6 5 7 6 5
4 7 14 15 19:36:4 8 5 7 12
4 24:9:4 5
4 7 14 15 19 22 25:51:4 8 5 14 6 4 10
2 4 5 14 15 19:38:2 8 10 5 7 6
4 6 27:14:4 9 1
4 5 14 18 19 25:39:4 10 5 9 6 5
1 5 14 15 19 23 25:38:3 10 5 7 6 2 5
1 5 14 15 19 23 25 27:39:3 10 5 7 6 2 5 1
5 11 15 18 25 27 29:43:10 1 14 9 5 1 3
1 7 14 16 19:26:3 8 5 4 6
2 6 14 18 24 25:35:2 9 5 9 5 5
6 7 12 20 23 29:26:9 8 1 3 2 3
1 5 14 18 19 25 29:41:3 10 5 9 6 5 3
1 6 14 18 19 25:37:3 9 5 9 6 5
1 5 16:27:3 20 4
2 9 14 16 19 22:37:2 5 10 4 12 4
1 8 14 18 19 24 25:39:3 6 5 9 6 5 5
1 8 14 15 19 24:32:3 6 5 7 6 5
1 8 14 15 19:27:3 6 5 7 6
1 8 14 15 19 24:32:3 6 5 7 6 5
1 5 14:18:3 10 5
1 5 14 15 19:41:6 10 5 14 6
5 23 27 29:16:10 2 1 3
1 6 14 18 19 25:37:3 9 5 9 6 5
1 5 14 18 19 25 29:41:3 10 5 9 6 5 3
2 5 15 20 29:31:2 10 7 6 6
19 20 21 23 24:19:6 3 1 4 5
1 3 15 18 19 22 23:32:3 1 7 9 6 4 2
4 10 11 23 27 29:14:4 3 1 2 1 3
1 8 14 15 19 24:32:3 6 5 7 6 5
12 13 14 18 24:23:1 3 5 9 5
4 5 14 17 18 19 25:50:4 10 5 2 18 6 5
4 5 14 18 19 25:39:4 10 5 9 6 5
2 6 14 18 24 25:35:2 9 5 9 5 5
4 15 22 30:17:4 7 4 2
1 5 14 15 19 23 25 28:40:3 10 5 7 6 2 5 2
1 8 14 15 19 24:32:3 6 5 7 6 5
1 5 14:18:3 10 5
7 8 11 22 26 27 30:23:8 6 1 4 1 1 2
2 5 14 16 19 23 25:45:2 10 5 4 12 2 10
4 5 14 18 19 25:39:4 10 5 9 6 5
1 5 14 15 19 23 25:38:3 10 5 7 6 2 5
1 6 14 15 24 25:34:3 9 5 7 5 5
1 6 13 15 19 24 25:38:3 9 3 7 6 5 5
1 8 14 15 19 24:32:3 6 5 7 6 5
1 8 14 18 19 24 25:39:3 6 5 9 6 5 5
1 6 14 16 19:42:3 18 5 4 12
7 15 25 28 30:33:8 14 5 2 4
1 13 14 23 28 29:23:6 3 5 2 4 3
1 5 14 15 19 23 25:38:3 10 5 7 6 2 5
1 8 14 15 19 24:32:3 6 5 7 6 5
10 15 27 28 30:15:3 7 1 2 2
1 6 14 15 24 25:34:3 9 5 7 5 5
15 22 24 26:33:14 8 10 1
1 6 13 15 19 24 25 27:45:6 9 6 7 6 5 5 1
1 5 14 15 19 23 25:38:3 10 5 7 6 2 5
1 8 14 18 19 24 25:39:3 6 5 9 6 5 5
1 5 14 18 27:37:3 10 5 18 1
1 6 11 14 15 24 25:44:3 18 1 5 7 5 5
1 5 6 14 16 19:37:3 10 9 5 4 6
2 6 14 18 24 25:45:2 9 10 9 10 5
15 16:15:7 8
1 6 14 18 19 25:37:3 9 5 9 6 5
2 6 14 18 24 25:35:2 9 5 9 5 5
1 6 14 15 24 25:34:3 9 5 7 5 5
2 5 13:15:2 10 3
1 8 14 18 19 24 25 27:40:3 6 5 9 6 5 5 1
1 6 14 27:26:6 9 10 1
4 27 29:8:4 1 3
1 8 14 18 19 24 25:39:3 6 5 9 6 5 5
18 19 26:16:9 6 1
2 6 13 25:19:2 9 3 5
1 6 26:13:3 9 1
21 26:2:1 1
2 16 23 26:10:2 4 2 2
11 19 29:10:1 6 3
1 5 14 15 19 29:44:3 20 5 7 6 3
1 6 14 15 24 25:34:3 9 5 7 5 5
1 6 14 15 24 25:34:3 9 5 7 5 5
2 5 13:15:2 10 3
1 6 13 15 24 25:32:3 9 3 7 5 5
6 13 15 19 24 25:35:9 3 7 6 5 5
6 9 15 25 29:38:18 5 7 5 3
1 5 14 18 19 25 28 29:43:3 10 5 9 6 5 2 3
4 7 14 15 19 22 25:45:4 8 5 7 12 4 5
1 8 14 15 19 24:32:3 6 5 7 6 5
4 5 14 15 19 25:44:4 10 5 14 6 5
2 8 20 21 22:18:4 6 3 1 4
1 5 9 14 25:31:6 10 5 5 5
1 6 13 15 19 24 25:38:3 9 3 7 6 5 5
2 5 13 15 17 19 25:48:4 10 3 7 2 12 10
1 6 14 15 24 25:39:3 9 5 7 5 10
3 11 13 29:8:1 1 3 3
4 5 14 18 19 25:39:4 10 5 9 6 5
4 5 14 18 19 25:39:4 10 5 9 6 5
1 5 14 15 19 23 25:38:3 10 5 7 6 2 5
4 5 14 18 19 25:39:4 10 5 9 6 5
15 18 23 26:19:7 9 2 1
1 5 14 18 19 25 29:44:3 10 5 9 6 5 6
4 9 14 17 20:23:8 5 5 2 3
2 6 14 18 24 25:35:2 9 5 9 5 5
1 6 13 15 19 24 25:38:3 9 3 7 6 5 5
3 4 11 15 16 20 21 23:24:2 4 1 7 4 3 1 2
1 5 14 17 18 19 25 29:43:3 10 5 2 9 6 5 3
1 5 14 15 19 23 25:38:3 10 5 7 6 2 5
4 6 14 18 24:32:4 9 5 9 5
2 15 16:13:2 7 4
1 5 8 21 26 30:29:6 10 6 1 2 4
8 10 15 27 30:20:6 3 7 2 2
9 18 19 26:27:5 9 12 1
1 7 14 16 19 22:40:3 8 5 8 12 4
1 4 5 14 15 19:49:3 8 20 5 7 6
1 8 14 15 19 24:32:3 6 5 7 6 5
2 8 18 22:23:4 6 9 4
1 6 14 18 19 25:37:3 9 5 9 6 5
4 5 10 11 15 16 19:42:4 10 3 1 14 4 6
1 8 14 18 19 24 25:39:3 6 5 9 6 5 5
9 16:9:5 4
1 8 14 18 19 24 25 30:41:3 6 5 9 6 5 5 2
1 6 13 15 19 24 25:38:3 9 3 7 6 5 5
1 8 14 15 19 24 30:34:3 6 5 7 6 5 2
13 23 27 29:9:3 2 1 3
1 5 14 19 25 29:32:3 10 5 6 5 3
1 6 13 15 19 24 25:38:3 9 3 7 6 5 5
6 25 26 28:17:9 5 1 2
1 6 14 15 24 25:34:3 9 5 7 5 5
2 8 17 23 25:25:2 12 2 4 5
1 6 14 18 19 25:57:3 18 5 9 12 10
1 6 14 15 24 25:34:3 9 5 7 5 5
4 5 14 18 19 25:39:4 10 5 9 6 5
1 5 14 25:23:3 10 5 5
1 8 14 15 19 24:32:3 6 5 7 6 5
1 6 14 18 19 25:37:3 9 5 9 6 5
4 5 14 18 19 25:39:4 10 5 9 6 5
1 6 14 18 19 25:37:3 9 5 9 6 5
4 5 14 18 19 25:39:4 10 5 9 6 5
2 6 14 18 24 25 30:37:2 9 5 9 5 5 2
2 6 13:18:6 9 3
2 6 14 18 24 25 30:37:2 9 5 9 5 5 2
1 6 14 18 19 25:37:3 9 5 9 6 5
1 6 13 15 19 24 25:38:3 9 3 7 6 5 5
1 2 4 15 21:17:3 2 4 7 1
1 6 14 18 19 25:37:3 9 5 9 6 5
2 20 23:9:2 3 4
1 6 13 15 19 24 25:38:3 9 3 7 6 5 5
1 5 14 15 19 23 25:38:3 10 5 7 6 2 5
1 6 13 15 19 24 25:38:3 9 3 7 6 5 5
6 16 23 24 30:28:9 8 4 5 2
7 9 19 23 29:24:8 5 6 2 3
1 6 13 15 19 24 25:38:3 9 3 7 6 5 5
1 6 13 15 19 24 25:38:3 9 3 7 6 5 5
1 8 13 14 18 19 24 25:47:3 6 3 10 9 6 5 5
1 8 14 18 19 24 25:39:3 6 5 9 6 5 5
1 8 14 18 19 24 25:39:3 6 5 9 6 5 5
1 5 14 15 19 23 25:38:3 10 5 7 6 2 5
4 5 14 18 19 25:39:4 10 5 9 6 5
1 5 13 15 19:35:3 10 3 7 12
1 2 7 8 9 12:31:3 2 8 6 10 2
7 17 18 24 25 28:31:8 2 9 5 5 2
1 5 14 18 19 25 29:41:3 10 5 9 6 5 3
7 14 29:16:8 5 3
1 5 14 18 24 25:40:6 10 5 9 5 5
2 5 14 16 19 23 25:34:2 10 5 4 6 2 5
1 6 14 18 19 21 25:38:3 9 5 9 6 1 5
11 12 17 23 26 27 28:15:1 1 2 4 2 1 4
4 5 14:33:8 20 5
1 8 14 15 19 24:32:3 6 5 7 6 5
1 6 13 15 19 24 25 28:40:3 9 3 7 6 5 5 2
1 8 14 18 19 24 25 30:41:3 6 5 9 6 5 5 2
1 5 14 18 19 25:38:3 10 5 9 6 5
4 9 11 14 15 21 30:27:4 5 1 5 7 1 4
1 8 14 18 19 24 25:39:3 6 5 9 6 5 5
1 6 14 15 24 25 26:35:3 9 5 7 5 5 1
4 6 20 25:21:4 9 3 5
1 6 14 18 19 25 27:38:3 9 5 9 6 5 1
1 8 14 18 19 24 25:39:3 6 5 9 6 5 5
1 6 14 18 19 21 25:38:3 9 5 9 6 1 5
1 5 14 18 19 25 29:41:3 10 5 9 6 5 3
12 21 23 28:6:1 1 2 2
4 5 14 18 19 25:44:4 10 10 9 6 5
1 8 14 15 19 24:32:3 6 5 7 6 5
2 6 13 15 19:27:2 9 3 7 6
10 19 21 23:18:3 12 1 2
1 8 14 18 19 24 25:39:3 6 5 9 6 5 5
7 15 18 19 23 28 30:53:8 7 18 12 2 4 2
4 7 13 15 21 23 24:35:4 8 3 7 1 2 10
1 7 14 16 19 22:30:3 8 5 4 6 4
1 5 14 15 19 23 25:38:3 10 5 7 6 2 5
1 8 14 15 19 24:32:3 6 5 7 6 5
3 6 7 11 17 19 28:37:1 9 16 1 2 6 2
1 6 13 15 19 24 25:38:3 9 3 7 6 5 5
1 6 13 15 19 24:33:3 9 3 7 6 5
2 8 14 15 19 24:31:2 6 5 7 6 5
4 7 18 28:27:8 8 9 2
1 8 14 15 19 24:32:3 6 5 7 6 5
1 6 13 15 19 24 25:38:3 9 3 7 6 5 5
2 6 13 25:19:2 9 3 5
1 5 14 15 19:31:3 10 5 7 6
2 6 28 29:16:2 9 2 3
1 2 14 27 28:15:3 2 5 1 4
1 5 14 15 19 23 25:38:3 10 5 7 6 2 5
4 5 14 18 19 25 27:40:4 10 5 9 6 5 1
1 5 14 15 19 23 25:38:3 10 5 7 6 2 5
1 3 6 14 22:22:3 1 9 5 4
1 7 14:16:3 8 5
3 7 11 20 22:17:1 8 1 3 4
2 22 25 27:17:2 4 10 1
1 5 14 18 21 24 25:51:6 20 5 9 1 5 5
13 15 16 27 29 30:20:3 7 4 1 3 2
1 6 14 18 19 25:37:3 9 5 9 6 5
2 5 13 15 19 25:40:4 10 3 7 6 10
1 5 14:23:3 10 10
4 21:5:4 1
7 9 17 19 24 25 29:34:8 5 2 6 5 5 3
4 5 7 16 26 28 29:32:4 10 8 4 1 2 3
1 7 14 16 19 22:30:3 8 5 4 6 4
8 14 18 19 24 25:36:6 5 9 6 5 5
1 6 14 18 19 25:37:3 9 5 9 6 5
2 6 13 25:26:4 9 3 10
1 6 14 18 19 25:37:3 9 5 9 6 5
1 6 16 17 18 24 26:37:6 9 4 2 9 5 2
2 6 14 18 24 25 26:36:2 9 5 9 5 5 1
1 5 14 18 19 25 29:41:3 10 5 9 6 5 3
1 5 14 18 19 25 29:51:3 10 10 9 6 10 3
1 6 14 15 24 25:34:3 9 5 7 5 5
1 2 16 23 24 30:18:3 2 4 2 5 2
1 5 14 15 19:40:6 10 5 7 12
4 7 14:17:4 8 5
1 6 13 15 19 24 25:38:3 9 3 7 6 5 5
1 6 14 25:27:3 9 10 5
5 8 10 12 13 24 26:30:10 6 3 2 3 5 1
2 6 14 18 24 25:35:2 9 5 9 5 5
1 11 18:16:6 1 9
1 3 5 13 15 19 23:35:6 1 10 3 7 6 2
2 5 13:25:2 20 3
12 13 14 16 27:14:1 3 5 4 1
1 9 14 25:23:3 10 5 5
1 6 14 18 19 25:37:3 9 5 9 6 5
1 6 13 15 19 24 25:38:3 9 3 7 6 5 5
1 8 14 18 19 24 25 26:40:3 6 5 9 6 5 5 1
4 5 14 18 19 25 28:41:4 10 5 9 6 5 2
2 6 14 18 24 25:35:2 9 5 9 5 5
1 6 14 15 24 25:34:3 9 5 7 5 5
2 6 14 18 24 25:35:2 9 5 9 5 5
1 8 14 15 19 24:32:3 6 5 7 6 5
1 5 14 15 19 23 25 27:39:3 10 5 7 6 2 5 1
1 5 14 18 19 29:36:3 10 5 9 6 3
1 5 14 25:26:6 10 5 5
1 6 14 15 24 25:34:3 9 5 7 5 5
3 5 19 20 25 28:27:1 10 6 3 5 2
1 8 14 15 19 24:32:3 6 5 7 6 5
3 9 15 29:16:1 5 7 3
1 8 14 15 19 24:32:3 6 5 7 6 5
1 5 14 18 19 25 29:41:3 10 5 9 6 5 3
1 8 14 18 19 24 25:39:3 6 5 9 6 5 5
2 4 11 13 15 21 22:22:2 4 1 3 7 1 4
4 5 14 18 19 25:39:4 10 5 9 6 5
4 5 14:33:8 20 5
1 7 13 16 19 22 25 27:43:3 8 3 8 6 4 10 1
2 8 13 25:19:2 6 6 5
1 8 14 18 19 24 25:39:3 6 5 9 6 5 5
4 10 14:12:4 3 5
4 5 14 18 19 25:39:4 10 5 9 6 5
1 6 14 18 19 25 30:39:3 9 5 9 6 5 2
1 6 14 18 19 25:37:3 9 5 9 6 5
1 6 14 25:31:3 18 5 5
1 5 14 15 19 23 25:38:3 10 5 7 6 2 5
6 10 30:16:9 3 4
1 6 13 15 19 24 25:38:3 9 3 7 6 5 5
1 6 14 18 19 25:37:3 9 5 9 6 5
1 8 14 15 19 24:46:6 12 10 7 6 5
4 5 6 14 18 24:51:4 10 18 5 9 5
2 6 13 15 19:29:4 9 3 7 6
1 5 14 15 19 27:32:3 10 5 7 6 1
1 8 14 15 19 24 28:34:3 6 5 7 6 5 2
1 8 14:14:3 6 5
1 8 14 15 19 24:32:3 6 5 7 6 5
1 5 14 15 19 23 25 27:39:3 10 5 7 6 2 5 1
1 8 14 18 19 24 25:39:3 6 5 9 6 5 5
1 8 14 18 19 24 25:39:3 6 5 9 6 5 5
1 5 14 15 19 23 25:38:3 10 5 7 6 2 5
9 11 16 19 23 25:29:5 1 8 6 4 5
2 6 14 18 24 25:35:2 9 5 9 5 5
1 6 14 18 19 25:37:3 9 5 9 6 5
2 14 18 24 25:26:2 5 9 5 5
1 5 14 18 19 25 26 29:42:3 10 5 9 6 5 1 3
8 9 15 21 24 30:26:6 5 7 1 5 2
1 8 14 18 19 24 25:39:3 6 5 9 6 5 5
4 5 14 18 25:33:4 10 5 9 5
1 5 14 18 19 25 29:41:3 10 5 9 6 5 3
1 6 14 15 24 25:34:3 9 5 7 5 5
1 6 13 15 19 24 25:38:3 9 3 7 6 5 5
1 5 14 18 19 25 29:41:3 10 5 9 6 5 3
1 6 14 16 19:30:6 9 5 4 6
1 6 14 15 24 25:34:3 9 5 7 5 5
1 9 14 25:23:3 5 5 10
1 8 14 18 19 24 25:39:3 6 5 9 6 5 5
1 4 5 13 15 19 23:55:6 4 20 3 14 6 2
1 5 14 25:26:6 10 5 5
7 8 27:15:8 6 1
1 5 14 15 19 23 25:38:3 10 5 7 6 2 5
1 8 14 15 19 24:32:3 6 5 7 6 5
1 8 14 18 19 24 25:39:3 6 5 9 6 5 5
8 10 11 18 25 29:33:12 3 1 9 5 3
11 22 24 26 28 30:20:1 4 10 1 2 2
1 6 14:25:6 9 10
7 14 24:18:8 5 5
1 6 13 15 19 24 25:38:3 9 3 7 6 5 5
1 6 14 15 24 25:34:3 9 5 7 5 5
4 9 16:13:4 5 4
1 5 13 15 19:29:3 10 3 7 6
1 5 14 24:31:6 10 10 5
2 6 13 28:16:2 9 3 2
1 6 13 15 19 24 25:38:3 9 3 7 6 5 5
16 19:10:4 6
1 6 14 15 24 25:43:3 18 5 7 5 5
1 6 14 15 24 25:34:3 9 5 7 5 5
3 4 5 14 18 19 25:40:1 4 10 5 9 6 5
1 8 14 15 19 24 28:34:3 6 5 7 6 5 2
1 8 14 15 19 24 26:33:3 6 5 7 6 5 1
14 24:10:5 5
16 23 30:12:8 2 2
4 5 14:19:4 10 5
6 30:11:9 2
11 12 17 19 22 23:20:1 1 2 6 8 2
1 5 14 18 19 25 29:56:3 20 5 9 6 10 3
1 2 5 14 25:28:6 2 10 5 5
1 6 14 18 19 25:37:3 9 5 9 6 5
1 6 14 18 19 25:37:3 9 5 9 6 5
2 7 15:24:2 8 14
1 5 14 18 19 25 29:41:3 10 5 9 6 5 3
3 6 9 25 28:22:1 9 5 5 2
2 5 8 16 22 30:36:4 10 6 8 4 4
1 7 13 16 19 22 25 27:42:3 16 3 4 6 4 5 1
6 7 11 18:27:9 8 1 9
2 8 14 15 19:26:2 6 5 7 6
1 5 14 18 19 25 27 29:42:3 10 5 9 6 5 1 3
1 6 14 15 24 25:34:3 9 5 7 5 5
2 6 14 18 24 25:35:2 9 5 9 5 5
3 6 11 18 23:22:1 9 1 9 2
1 8 14 15 19 24:32:3 6 5 7 6 5
10 17 21 25 29:14:3 2 1 5 3
2 4 5 12 13 15:30:2 4 10 1 6 7
2 8 13 22 25:20:2 6 3 4 5
2 5 13:17:4 10 3
1 3 6 13 15 19 24 25:39:3 1 9 3 7 6 5 5
1 6 13 15 19 24 25:38:3 9 3 7 6 5 5
1 6 14 15 24 25:34:3 9 5 7 5 5
1 3 8 14 15 19 24:33:3 1 6 5 7 6 5
4 5 14 18 19 25:39:4 10 5 9 6 5
4 5 14 18 19 25:39:4 10 5 9 6 5
1 2 7 11 19 25 29:34:6 2 8 1 6 5 6
2 6 14 18 24 25:35:2 9 5 9 5 5
1 6 14 18 19 25:37:3 9 5 9 6 5
1 7 13 16 19 22 25:42:6 8 3 4 12 4 5
1 3 6 14 15 24 25:35:3 1 9 5 7 5 5
1 8 14 18 19 24 25:45:3 6 5 9 12 5 5
1 5 14 15 19 23 25 30:40:3 10 5 7 6 2 5 2
1 6 13 15 19 24 25:38:3 9 3 7 6 5 5
2 6 14 18 24 25 26:36:2 9 5 9 5 5 1
4 5 14 18 19 25:39:4 10 5 9 6 5
1 5 14 18 24 25:45:6 10 5 9 5 10
1 8 14 15 19 24 27:33:3 6 5 7 6 5 1
1 3 6 14 18 19 25:38:3 1 9 5 9 6 5
13 15:20:6 14
1 5 14 25:26:6 10 5 5
5 26:21:20 1
1 8 14 18 19 24 25:61:3 12 10 9 12 10 5
1 6 14 15 20 24 25:45:6 9 5 7 3 5 10
1 5 14 15 19 23 25:38:3 10 5 7 6 2 5
4 5 6 14 18 24:42:4 10 9 5 9 5
11 20 23:6:1 3 2
1 8 14 18 19 24 25:39:3 6 5 9 6 5 5
1 5 14 15 19 23 25:46:3 10 5 7 12 4 5
1 8 14 18 19 24 25 30:41:3 6 5 9 6 5 5 2
2 5 13 15 19 22 25:44:4 10 3 7 6 4 10
9 11 18 19 21 23 28:27:5 1 9 6 2 2 2
1 6 14:25:6 9 10
1 7 14 24:32:6 16 5 5
7 10 20 23 25:21:8 3 3 2 5
3 4 8 16 17 20 22:30:1 4 12 4 2 3 4
7 10 19 22 24:30:8 3 6 8 5
2 6 14 18 24 25:40:2 9 5 9 5 10
2 6 14 18 24 25:35:2 9 5 9 5 5
2 6 10 19 29:23:2 9 3 6 3
8 9 12 13 16 30:26:6 5 2 3 8 2
1 5 14 15 19:38:3 10 5 14 6
9 19 21:13:5 6 2
1 5 14 15 19 21 23 25:39:3 10 5 7 6 1 2 5
2 6 14 18 24 25:35:2 9 5 9 5 5
6 7 10 15 30:32:9 8 6 7 2
4 5 14 18 19 25:39:4 10 5 9 6 5
1 8 14 18 19 24 25:39:3 6 5 9 6 5 5
2 5 13:20:4 10 6
4 5 14 18 19 25:39:4 10 5 9 6 5
3 11 14 16 19:17:1 1 5 4 6
4 6 14 18 20 24:35:4 9 5 9 3 5
7 17 21 25 29:20:8 2 2 5 3
1 5 14 18 19 25 29:41:3 10 5 9 6 5 3
4 5 14 18 19 25:39:4 10 5 9 6 5
1 8 14 15 19 24:32:3 6 5 7 6 5
1 6 14 15 24 25:34:3 9 5 7 5 5
1 5 14 18 19 25 29:52:3 10 5 9 12 10 3
1 6 13 15 19 24 25:38:3 9 3 7 6 5 5
1 5 14 18 19 25 29:41:3 10 5 9 6 5 3
1 5 14 18 19 25 29:41:3 10 5 9 6 5 3
1 2 23 26 29:15:6 2 2 2 3
1 6 14 15 24 25:34:3 9 5 7 5 5
4 7 14:25:4 16 5
4 13 28:9:4 3 2
1 8 14 18 19 24 25 30:41:3 6 5 9 6 5 5 2
1 6 13 15 19 24 25:50:3 18 6 7 6 5 5
1 6 13 22 25 28:28:3 9 3 4 5 4
14 15 19 24 26:25:5 7 6 5 2
1 8 14 18 19 24 25:39:3 6 5 9 6 5 5
2 6 8 11 23 30:37:2 18 12 1 2 2
1 5 14 25 26:27:6 10 5 5 1
1 8 14 15 19 24:32:3 6 5 7 6 5
4 5 14 18 19 25:39:4 10 5 9 6 5
2 6 16 18 28 30:28:2 9 4 9 2 2
12 14 15 18 27 29:26:1 5 7 9 1 3
1 8 14 18 19 24 25 26:40:3 6 5 9 6 5 5 1
2 8 14 15 19:32:2 6 5 7 12
2 6 14 18 24 25:35:2 9 5 9 5 5
1 4 6 15 20 29:38:3 4 18 7 3 3
2 7 8 14 15 19:34:2 8 6 5 7 6
1 6 14 15 24 25:34:3 9 5 7 5 5
1 8 14 18 19 24 25 26:40:3 6 5 9 6 5 5 1
1 8 14 18 19 24 25:39:3 6 5 9 6 5 5
10 19 26 29:19:3 12 1 3
1 6 14 15 24 25 30:36:3 9 5 7 5 5 2
2 6 13:23:2 18 3
1 5 14 18 19 25 29:41:3 10 5 9 6 5 3
1 6 14 18 19 25 28:39:3 9 5 9 6 5 2
1 8 11 14:15:3 6 1 5
1 8 14 15 19 24:32:3 6 5 7 6 5
22 26:5:4 1
1 8 14 15 19 24:32:3 6 5 7 6 5
2 6 13:18:6 9 3
1 6 14 18 19 25:37:3 9 5 9 6 5
2 5 13:25:2 20 3
19 20 22 26 27:15:6 3 4 1 1
4 5 14 18 19 25:39:4 10 5 9 6 5
1 13 20 24:20:6 6 3 5
1 6 14 18 19 25 26:38:3 9 5 9 6 5 1
1 6 13 15 19 24 25:38:3 9 3 7 6 5 5
4 5 14 18 19 21 25:40:4 10 5 9 6 1 5
1 8 14 15 19 24:32:3 6 5 7 6 5
1 5 14 18 19 25 29:41:3 10 5 9 6 5 3
7 14 15 16 18 26 30:45:16 5 7 4 9 2 2
1 6 15 24 25:29:3 9 7 5 5
2 6 10 11 12 16 29:26:2 9 6 1 1 4 3
1 6 14 18 19 25:37:3 9 5 9 6 5
4 5 14 18 19 25:39:4 10 5 9 6 5
1 5 13 15 19 23:31:3 10 3 7 6 2
1 5 14 15 19 21 23 25:39:3 10 5 7 6 1 2 5
1 6 14 18 19 25:37:3 9 5 9 6 5
7 9 12 25 29:27:8 10 1 5 3
1 5 15 19 23 25:33:3 10 7 6 2 5
1 8 14 15 19 24:32:3 6 5 7 6 5
7 20:11:8 3
1 8 14 15 19 24:32:3 6 5 7 6 5
4 7 14 23:23:8 8 5 2
1 8 14 15 19 24:32:3 6 5 7 6 5
1 5 14 15 19 23 25:38:3 10 5 7 6 2 5
2 13 14 24 28:19:4 3 5 5 2
1 6 14 25:22:3 9 5 5
1 8 9 14:19:3 6 5 5
1 5 14 15 19:31:3 10 5 7 6
1 6 14 15 24 25 26:35:3 9 5 7 5 5 1
1 5 14:31:6 20 5
2 6 9 13 25:24:2 9 5 3 5
1 6 13 15 19 24 25:38:3 9 3 7 6 5 5
4 5 14 18 19 25:39:4 10 5 9 6 5
1 8 14 15 19 24 26:33:3 6 5 7 6 5 1
2 6 14 18 24 25 28:37:2 9 5 9 5 5 2
4 5 14 18 19 25:39:4 10 5 9 6 5
1 5 14 15 19 23 25:38:3 10 5 7 6 2 5
1 5 14 18 19 25 29:41:3 10 5 9 6 5 3
1 6 13 15 19 24 25:38:3 9 3 7 6 5 5
1 5 14 15 19 23 25:38:3 10 5 7 6 2 5
4 5 14 15 19 25:44:4 10 5 14 6 5
1 8 14 15 19 24:32:3 6 5 7 6 5
1 3 5 14 15 19 23 25:39:3 1 10 5 7 6 2 5
4 7 14 24:22:4 8 5 5
1 8 14 18 19 24:34:3 6 5 9 6 5
2 6 12 13:24:2 18 1 3
1 8 14 18 19 24 25:39:3 6 5 9 6 5 5
1 6 14 15 24 25:34:3 9 5 7 5 5
2 6 14 18 24 25:35:2 9 5 9 5 5
1 5 14 15 19 23 25 27:39:3 10 5 7 6 2 5 1
1 8 14 18 19 24 25:39:3 6 5 9 6 5 5
2 15 16 20 21 29:27:2 14 4 3 1 3
7 13 15 17 23 24 25:54:16 3 14 2 4 5 10
4 7 14:17:4 8 5
5 7 10 11 14 20 22:37:10 8 6 1 5 3 4
10 16 17 19 23:17:3 4 2 6 2
1 3 5 14 18 19 25 29:42:3 1 10 5 9 6 5 3
5 10 11 13 21 24 27:38:20 6 1 3 2 5 1
1 6 14 15 21 24 25:35:3 9 5 7 1 5 5
1 6 14 15 24 25:34:3 9 5 7 5 5
14 19 23 30:23:5 12 2 4
2 8 14 15 19:26:2 6 5 7 6
1 6 14 15 24 25:43:3 18 5 7 5 5
1 7 14 16 17 19 22:44:3 16 5 8 2 6 4
1 6 13 15 19 24 25:38:3 9 3 7 6 5 5
1 2 11:6:3 2 1
2 6 13 25:19:2 9 3 5
4 5 14 15 19:32:4 10 5 7 6
1 18 28:14:3 9 2
2 6 14 18 24 25:35:2 9 5 9 5 5
4 7 14:17:4 8 5
1 6 13 15 19 24 25:38:3 9 3 7 6 5 5
2 3 11 27 30:9:2 1 1 1 4
4 6 7 11 14 18 29:44:4 9 8 1 10 9 3
1 5 12 14 18 19 25 29:45:6 10 1 5 9 6 5 3
2 6 13 25:24:2 9 3 10
1 6 14 15 24 25:34:3 9 5 7 5 5
2 5 20 24 27 29:24:2 10 3 5 1 3
2 5 14 16 19 23 25:38:2 10 5 8 6 2 5
4 5 14 15 19 25:44:4 10 5 14 6 5
1 6 14 15 24 25:34:3 9 5 7 5 5
1 6 14 18 19 25:37:3 9 5 9 6 5
1 8 14 18 19 24 25:39:3 6 5 9 6 5 5
4 5 14 15 19:42:4 20 5 7 6
4 5 13 14 15 19 25:63:4 20 3 5 14 12 5
1 5 14 15 19 22:35:3 10 5 7 6 4
2 6 14 18 24 25:49:2 9 5 18 10 5
1 6 14 18 19 25 28:39:3 9 5 9 6 5 2
9 10 14 29:16:5 3 5 3
1 6 14 18 19 25:37:3 9 5 9 6 5
4 5 14 18 19 25 30:41:4 10 5 9 6 5 2
1 6 13 15 19 24 25:38:3 9 3 7 6 5 5
1 5 14 15 19 23 25:38:3 10 5 7 6 2 5
1 6 14 15 24 25:34:3 9 5 7 5 5
1 6 14 15 24 25 27:35:3 9 5 7 5 5 1
4 5 6 7 16 23 30:43:8 10 9 8 4 2 2
4 5 14 15 19 21:47:8 20 5 7 6 1
4 5 14 25:39:4 20 10 5
1 5 14 18 19 25 29:41:3 10 5 9 6 5 3
1 6 14 16 19:27:3 9 5 4 6
2 6 13:14:2 9 3
1 5 14 15 19 23 25:38:3 10 5 7 6 2 5
1 3 6 14 15 24 25:35:3 1 9 5 7 5 5
4 5 14 15 19 25:44:4 10 5 14 6 5
1 5 13 15 19:29:3 10 3 7 6
2 6 7 16 30:37:2 9 16 8 2
1 5 14 25:29:9 10 5 5
4 5 14 18 19 21 25:40:4 10 5 9 6 1 5
2 6 14 18 24 25:35:2 9 5 9 5 5
6 11 12 14 18 21 24:33:9 2 2 5 9 1 5
2 5 13 16 18 21 22:43:2 20 3 4 9 1 4
2 6 14 18 24 25:35:2 9 5 9 5 5
1 6 13 15 19 24 25:38:3 9 3 7 6 5 5
1 6 14 16 19:27:3 9 5 4 6
13 21 23 29:9:3 1 2 3
1 5 14 18 19 25 29:41:3 10 5 9 6 5 3
4 6 14 18 24:36:8 9 5 9 5
5 13 14 25 26:29:10 3 5 10 1
1 5 14 18 19 25 29:41:3 10 5 9 6 5 3
1 6 13 15 19 24 25:38:3 9 3 7 6 5 5
1 5 14 15 19 21 23 25:39:3 10 5 7 6 1 2 5
8 9 14 21 22 25:26:6 5 5 1 4 5
1 6 14 15 24 25 30:36:3 9 5 7 5 5 2
2 13 16 18 22 29:34:2 3 4 18 4 3
1 6 14 16 19:27:3 9 5 4 6
1 6 13 15 19 24 25:38:3 9 3 7 6 5 5
1 6 14 15 21 24 25:35:3 9 5 7 1 5 5
1 6 14 15 24 25:34:3 9 5 7 5 5
1 6 14 18 19 25:37:3 9 5 9 6 5
9 11 14 22 26 30:20:5 1 5 4 1 4
1 5 14 15 19 23 25:38:3 10 5 7 6 2 5
1 6 13 15 19 24 25:38:3 9 3 7 6 5 5
1 6 13 15 19 24 25:38:3 9 3 7 6 5 5
2 6 13:27:6 18 3
1 8 14 18 19 24 25:39:3 6 5 9 6 5 5
1 5 10 14 15 19:49:6 10 3 10 14 6
1 5 19:19:3 10 6
4 5 14 15 19 25:48:8 10 5 14 6 5
1 5 13 15 19:42:6 20 3 7 6
4 5 14 18 19 25 30:41:4 10 5 9 6 5 2
1 5 14 18 19 25 29:41:3 10 5 9 6 5 3
1 20:6:3 3
1 6 14 15 24 25:34:3 9 5 7 5 5
1 6 14 16 19:27:3 9 5 4 6
10 22 30:9:3 4 2
1 6 13 15 19 24 25 28:40:3 9 3 7 6 5 5 2
1 8 14 18 19 24 25:39:3 6 5 9 6 5 5
2 5 13:17:4 10 3
4 7 14 15 19:38:4 16 5 7 6
12 13 16 22:16:1 3 8 4
1 7 8 19 22 28:29:3 8 6 6 4 2
1 3 5 14 15 19 23 25:39:3 1 10 5 7 6 2 5
1 6 14 15 24 25:34:3 9 5 7 5 5
1 8 14 18 19 24 25:39:3 6 5 9 6 5 5
2 6 14 18 24 25:35:2 9 5 9 5 5
1 8 14 15 19 24 28:34:3 6 5 7 6 5 2
2 5 10 22:19:2 10 3 4
2 6 14 18 24 25:40:2 9 5 9 5 10
5 17 18 19 22 25:42:10 4 9 6 8 5
1 8 14 15 19 24:32:3 6 5 7 6 5
1 6 14 15 24 25:34:3 9 5 7 5 5
2 8 14 15 19:34:4 6 5 7 12
1 6 14 15 24 25:34:3 9 5 7 5 5
2 6 14 18 24 25:35:2 9 5 9 5 5
17 19 23:10:2 6 2
1 4 7 14 16 19:38:3 4 16 5 4 6
1 6 13 15 19 24 25 26:39:3 9 3 7 6 5 5 1
1 6 14 15 24 25:42:6 9 5 7 5 10
1 6 13 15 19 24 25:38:3 9 3 7 6 5 5
1 3 5 6 8 11 12 20:35:3 2 10 9 6 1 1 3
1 4 6 11 13 17 22:26:3 4 9 1 3 2 4
1 6 13 15 19 24 25 26:39:3 9 3 7 6 5 5 1
4 5 14 18 19 25:39:4 10 5 9 6 5
2 6 14 18 24 25:35:2 9 5 9 5 5
1 5 11 14 15 19:35:6 10 1 5 7 6
1 6 13 15 19 24 25:38:3 9 3 7 6 5 5
1 3 8 14 18 19 24 25:40:3 1 6 5 9 6 5 5
1 6 13 15 19 24 25:38:3 9 3 7 6 5 5
2 6 14 18 24 25 30:37:2 9 5 9 5 5 2
2 6 14 18 24 25:35:2 9 5 9 5 5
2 6 14 18 24 25:35:2 9 5 9 5 5
2 6 14 18 24 25:35:2 9 5 9 5 5
2 6 14 18 24 25:35:2 9 5 9 5 5
1 5 14 15 19:37:9 10 5 7 6
1 3 6 14 18 19 25:38:3 1 9 5 9 6 5
1 7 14 26:25:3 16 5 1
1 8 14 18 19 24 25 30:41:3 6 5 9 6 5 5 2
2 5 13 15 19 25 28:40:4 10 6 7 6 5 2
1 6 13 15 19 24 25 27:39:3 9 3 7 6 5 5 1
3 8 12:8:1 6 1
1 5 14 18 19 25 29:41:3 10 5 9 6 5 3
4 6 9 11 18 27 30:31:4 9 5 1 9 1 2
2 6 13:18:6 9 3
1 5 14 18 19 25 29:41:3 10 5 9 6 5 3
1 5 14 15 19 23 25:38:3 10 5 7 6 2 5
4 5 14 18 19 25:39:4 10 5 9 6 5
4 5 14 25 29:27:4 10 5 5 3
2 3 9 12 24:19:2 1 5 1 10
1 8 14 18 19 24 25:39:3 6 5 9 6 5 5
1 8 14 15 19 21 24:33:3 6 5 7 6 1 5
1 8 14 18 19 24 25:39:3 6 5 9 6 5 5
1 5 13 15 19 23:41:3 10 6 14 6 2
2 6 14 18 24 25:35:2 9 5 9 5 5
1 6 13 15 19 24 25:45:3 9 3 14 6 5 5
1 5 10 14 25:34:6 10 3 10 5
4 5 14 18 19 21 25:40:4 10 5 9 6 1 5
1 8 14 18 19 24 25:39:3 6 5 9 6 5 5
1 5 14 15 19 23 25:38:3 10 5 7 6 2 5
2 5 8 10 17 20 25:33:4 10 6 3 2 3 5
12 14 15 21:14:1 5 7 1
3 4 5 14 18 19 25:40:1 4 10 5 9 6 5
1 6 13 15 19 24 25:38:3 9 3 7 6 5 5
3 8 9 15 19:26:2 6 5 7 6
4 5 14:33:8 20 5
17 21:3:2 1
4 13 15 17 27:20:4 6 7 2 1
1 6 14 15 24 25:34:3 9 5 7 5 5
1 8 14 15 19 24 27:33:3 6 5 7 6 5 1
6 8 20:18:9 6 3
8 14 15 19 24:29:6 5 7 6 5
4 5 14 18 19 25:39:4 10 5 9 6 5
9 10 18 20 24:25:5 3 9 3 5
8 12 23 25:14:6 1 2 5
4 7:12:4 8
2 7 17 18 20 21 26 30:29:2 8 2 9 3 1 2 2
18 21 26 28 29:16:9 1 1 2 3
1 5 14 18 19 25 29:41:3 10 5 9 6 5 3
1 6 14 18 19 25:37:3 9 5 9 6 5
2 12 23 27 29:10:2 1 2 2 3
1 8 14 18 19 24 25:39:3 6 5 9 6 5 5
4 5 14 18 19 25 26:40:4 10 5 9 6 5 1
1 5 14 15 19:31:3 10 5 7 6
1 6 13 15 19 24 25:38:3 9 3 7 6 5 5
1 6 7 26 28:24:3 9 8 2 2
4 5 14 18 19 25:39:4 10 5 9 6 5
4 5 14 18 19 25 30:41:4 10 5 9 6 5 2
1 5 14 25:31:6 10 5 10
1 5 8 14 15 19:42:3 10 6 10 7 6
2 6 14 18 24 25:35:2 9 5 9 5 5
2 6 14 18 24 25:35:2 9 5 9 5 5
1 6 14 18 19 25:37:3 9 5 9 6 5
1 9 14 25:18:3 5 5 5
14 16 20 22 24:24:5 4 6 4 5
4 7 14 24:30:4 16 5 5
1 6 14 16 19:27:3 9 5 4 6
8 13 14 20 21 22 27:23:6 3 5 3 1 4 1
17 26:3:2 1
1 5 14 25:28:3 10 5 10
6 8 11 16 17 19 21 23:46:18 12 1 4 2 6 1 2
1 5 14 15 19 23 25:38:3 10 5 7 6 2 5
1 5 14 18 19 25 29:41:3 10 5 9 6 5 3
1 5 14 18 19 25 29:41:3 10 5 9 6 5 3
1 8 14 15 19 24:32:3 6 5 7 6 5
4 5 14 18 19 25:39:4 10 5 9 6 5
1 6 13 14:28:6 9 3 10
2 10 11:6:2 3 1
1 6 13 15 19 24 25:38:3 9 3 7 6 5 5
1 6 13 15 19 24 25:38:3 9 3 7 6 5 5
2 5 13:15:2 10 3
1 5 14 18 19 25 29:41:3 10 5 9 6 5 3
1 8 14 18 19 24 25:39:3 6 5 9 6 5 5
1 5 14 18 19 25 29:41:3 10 5 9 6 5 3
4 5 14 25:24:4 10 5 5
1 6 14 18 19 25:37:3 9 5 9 6 5
1 6 14 18 19 21 25:38:3 9 5 9 6 1 5
7 8 17:16:8 6 2
1 6 14 18 19 25:37:3 9 5 9 6 5
1 5 8 14 25:29:3 10 6 5 5
1 5 14 18 19 25 29:41:3 10 5 9 6 5 3
2 6 13 15 19:27:2 9 3 7 6
4 6 7 10 14 28 30:39:8 9 8 3 5 4 2
1 6 14 18 19 25:37:3 9 5 9 6 5
2 6 14 18 24 25:42:4 9 10 9 5 5
4 5 14 18 19 25 28:41:4 10 5 9 6 5 2
1 8 14 15 19 24:32:3 6 5 7 6 5
1 7 14 16 19:26:3 8 5 4 6
1 7 13 16 19 22 25:36:6 8 3 4 6 4 5
1 3 5 14 18 19 25 29:42:3 1 10 5 9 6 5 3
1 5 14 18 19 25 27 29:42:3 10 5 9 6 5 1 3
1 7 9 13 16 19 22 25:41:6 8 5 3 4 6 4 5
1 5 14 25:31:6 10 10 5
2 6 14 18 24 25:35:2 9 5 9 5 5
2 5 13:15:2 10 3
4 5 8 14 18 19 25:54:8 10 6 5 9 6 10
11 12 14 21:9:1 1 5 2
8 14 18 19 24 25:36:6 5 9 6 5 5
1 5 14 18 19 25 29:41:3 10 5 9 6 5 3
2 8 13 25:21:4 6 6 5
9 12 18 21 26 28:21:5 1 9 1 1 4
9 13 20 23 26 28 30:20:5 3 3 2 1 2 4
1 6 14 15 24 25:34:3 9 5 7 5 5
1 8 14 18 19 24 25:39:3 6 5 9 6 5 5
1 8 14 18 19 24 25 28:41:3 6 5 9 6 5 5 2
7 10 14 15 17 19 26:40:8 3 5 14 2 6 2
2 6 11 14 18 24 25:50:2 18 1 10 9 5 5
1 6 14 18 19 25:37:3 9 5 9 6 5
1 5 14:21:6 10 5
2 3 6 14 18 24 25:36:2 1 9 5 9 5 5
1 6 14 18 19 25:37:3 9 5 9 6 5
11 15 23 29:13:1 7 2 3
2 6 14 18 24 25:35:2 9 5 9 5 5
1 6 13 15 19 24 25:38:3 9 3 7 6 5 5
1 8 14 19 24 25:30:3 6 5 6 5 5
4 7 14 15 19 24:35:4 8 5 7 6 5
1 7 14 16 19 22:39:6 8 5 4 12 4
4 12 18 23 30:18:4 1 9 2 2
4 7 14 15 19 22 25:39:4 8 5 7 6 4 5
2 8 13 25:16:2 6 3 5
8 9 15 16 22 23 24 26:34:6 5 7 4 4 2 5 1
4 7 14 15 19 22:34:4 8 5 7 6 4
1 6 14 16 19:31:3 9 5 8 6
4 5 14 18 19 25:39:4 10 5 9 6 5
1 8 14 15 19 24 28:34:3 6 5 7 6 5 2
12 13 16 20 27:15:1 3 4 6 1
2 16 17 18 22 25 27:32:2 8 2 9 4 5 2
1 8 14 18 19 24 25:45:3 6 5 9 12 5 5
3 4 5 14 15 19:33:1 4 10 5 7 6
12 24 27:7:1 5 1
1 6 14 15 24 25:34:3 9 5 7 5 5
1 7 13 16 19 22 25:41:3 8 3 8 6 8 5
1 5 14 15 25:33:6 10 5 7 5
1 7 14:19:6 8 5
4 5 14 18 19 25:39:4 10 5 9 6 5
1 8 14 18 19 24 25:39:3 6 5 9 6 5 5
4 5 14 18 19 25:39:4 10 5 9 6 5
2 6 14 18 24 25 30:37:2 9 5 9 5 5 2
1 6 14 18 19 25:37:3 9 5 9 6 5
1 5 14 15 19:42:9 10 10 7 6
1 6 14 18 19 25:37:3 9 5 9 6 5
1 6 14 18 19 25:37:3 9 5 9 6 5
1 8 14 18 19 24 25 27:40:3 6 5 9 6 5 5 1
2 5 13 15 19 25:44:4 10 6 7 12 5
1 8 14 18 19 25:34:3 6 5 9 6 5
1 5 14 18 19 25 29:44:6 10 5 9 6 5 3
1 6 14 18 19 25:37:3 9 5 9 6 5
2 22:10:2 8
2 6 14 18 24 25:35:2 9 5 9 5 5
1 6 14 18 19 25:37:3 9 5 9 6 5
4 5 14 25:28:8 10 5 5
4 5 14 25:24:4 10 5 5
1 5 7 13 15 19 23:52:6 20 8 3 7 6 2
1 2 6 14 18 24 25:43:3 2 9 5 9 10 5
1 8 14 18 19 24 25:39:3 6 5 9 6 5 5
1 6 14 18 19 25:37:3 9 5 9 6 5
1 8 14 18 19 24 25:39:3 6 5 9 6 5 5
1 8 14 18 19 24 25:45:3 6 5 9 12 5 5
1 5 14:39:9 20 10
1 6 14 18 19 25:37:3 9 5 9 6 5
2 4 8 18 22 27:30:2 8 6 9 4 1
1 6 14 15 24 25:34:3 9 5 7 5 5
1 6 14 18 19 25 28:39:3 9 5 9 6 5 2
1 5 14 15 19 23 25:38:3 10 5 7 6 2 5
2 6 11 12 21 25 27:21:2 9 1 1 1 5 2
2 6 14 18 24 25:35:2 9 5 9 5 5
2 4 5 6 14 18:41:4 4 10 9 5 9
2 6 14 18 24 25:35:2 9 5 9 5 5
3 4 5 14 18 19 25:40:1 4 10 5 9 6 5
2 5 13 22:22:2 10 6 4
1 5 14:31:6 20 5
1 5 14 18 19 25 26 29:42:3 10 5 9 6 5 1 3
1 5 14 25:26:6 10 5 5
1 8 14 18 19 24 25:39:3 6 5 9 6 5 5
4 7 18 26 29:33:4 16 9 1 3
1 8 14 18 19 24 25:39:3 6 5 9 6 5 5
6 14 18 19 25:34:9 5 9 6 5
4 5 14 18 19 25:39:4 10 5 9 6 5
1 7 18:20:3 8 9
1 6 14 18 19 25:37:3 9 5 9 6 5
1 6 14 18 19 25:37:3 9 5 9 6 5
1 6 14 15 24:29:3 9 5 7 5
4 10 13 17 27:13:4 3 3 2 1
3 4 6 8 10 11 15 28:36:2 4 9 6 3 1 7 4
2 6 14 18 24 25:35:2 9 5 9 5 5
1 7 14 16 19:26:3 8 5 4 6
1 3:4:3 1
15 17 21 24 30:19:7 2 1 5 4
9 14 15 29:30:10 10 7 3
1 6 13 15 19 24 25 28:40:3 9 3 7 6 5 5 2
4 5 14 18 19 25:39:4 10 5 9 6 5
11 20 22 23 29:13:1 3 4 2 3
2 5 14 16 19 23 25:36:4 10 5 4 6 2 5
13 17 21 27 30:11:3 4 1 1 2
1 5 14 18 19 25 29:41:3 10 5 9 6 5 3
1 6 10 14:28:6 9 3 10
2 7 11 17 18 26:23:2 8 1 2 9 1
2 3 11 16:13:2 1 2 8
1 7 14 16 19 22:36:3 8 5 4 12 4
1 5 14 25:26:6 10 5 5
4 5 14 25:24:4 10 5 5
1 5 14 15 19 23 25:38:3 10 5 7 6 2 5
1 5 14 15 19:51:6 20 5 14 6
1 5 14:18:3 10 5
2 6 14 18 24 25:35:2 9 5 9 5 5
1 8 14 15 19 24:32:3 6 5 7 6 5
1 6 13 15 19 24 25:38:3 9 3 7 6 5 5
2 6 14 18 24 25:35:2 9 5 9 5 5
2 8 9 11 14 17 25:26:2 6 5 1 5 2 5
1 5 14 15 19:34:6 10 5 7 6
2 6 13:14:2 9 3
1 3 5 14 15 19 23 25:39:3 1 10 5 7 6 2 5
1 5 14 15 23 25:32:3 10 5 7 2 5
16 27 30:7:4 1 2
5 9 10 11 15 23 30:47:20 10 3 1 7 4 2
4 5 14 18 19 21 25:40:4 10 5 9 6 1 5
1 10 12 13 14 19 23:25:3 3 1 3 5 6 4
4 6 14 18 20 24:35:4 9 5 9 3 5
4 14 15 17 26 27 30:24:4 5 7 4 1 1 2
4 5 14 18 19 25 28:41:4 10 5 9 6 5 2
2 6 11 20:18:2 9 1 6
1 5 14 18 19 25 29:41:3 10 5 9 6 5 3
1 8 14 15 19 24 30:34:3 6 5 7 6 5 2
14 18:14:5 9
4 5 14:38:8 20 10
2 7 10 12 28 30:20:2 8 3 1 2 4
1 5 14 15 19 23 25 27:39:3 10 5 7 6 2 5 1
2 4 8 13 25:29:2 4 12 6 5
8 11 19 22 23 29:32:6 1 12 8 2 3
2 6 14 18 24 25:35:2 9 5 9 5 5
1 5 14 15 19 23 25:38:3 10 5 7 6 2 5
5 11 13 16 18:41:20 1 3 8 9
6 14 15 24 25:31:9 5 7 5 5
4 5 14 15 19:32:4 10 5 7 6
7 25:21:16 5
4 5 14 18 19 25 27:40:4 10 5 9 6 5 1
1 8 14 18 19 24 25:39:3 6 5 9 6 5 5
2 4 6 13:22:6 4 9 3
1 8 14 18 19 24 25:39:3 6 5 9 6 5 5
2 3 26:4:2 1 1
1 5 14:31:6 20 5
5 12 21 22:26:20 1 1 4
14 22 25 27 28:19:5 4 5 1 4
1 8 14 18 19 24 25 27:40:3 6 5 9 6 5 5 1
1 5 14:31:6 20 5
4 5 14 15 19 21:37:8 10 5 7 6 1
12 17 26 29:8:1 2 2 3
1 2 7 14 16 19:34:3 2 8 5 4 12
1 5 14 25:31:6 10 10 5
2 5 8 13 15 19 25:47:4 10 6 3 7 12 5
1 5 14 18 19 25 29:41:3 10 5 9 6 5 3
5 10 27:14:10 3 1
1 6 14 20 28:31:3 18 5 3 2
2 5 14 16 19 23 25:53:2 20 5 8 6 2 10
2 6 13 25:30:4 18 3 5
9 15 23 25 28:28:5 14 2 5 2
4 7 9 15 16 17 21:40:4 8 5 14 4 4 1
2 5 14 16 19 23 25:34:2 10 5 4 6 2 5
4 6 14 18 24:36:8 9 5 9 5
4 5 14 18 19 25:39:4 10 5 9 6 5
1 8 14 18 19 24 25:39:3 6 5 9 6 5 5
2 6 14 18 21 24 25:36:2 9 5 9 1 5 5
1 7 14:16:3 8 5
1 6 13 15 19 24 25 30:40:3 9 3 7 6 5 5 2
1 2 6 7 11 25 27:47:3 2 18 16 1 5 2
1 7 14 16 17 19:41:3 16 10 4 2 6
4 5 14 18 19 25:39:4 10 5 9 6 5
7 10 13 16 18 22 30:41:8 3 3 8 9 8 2
1 6 13 15 19 24 25:38:3 9 3 7 6 5 5
1 8 14 15 19 24:32:3 6 5 7 6 5
1 8 14 18 19 24 25:39:3 6 5 9 6 5 5
1 6 14 15 24 25:34:3 9 5 7 5 5
8 10 26:10:6 3 1
4 7 14 15 19:38:4 16 5 7 6
1 8 14 18 19 24 25:39:3 6 5 9 6 5 5
3 7 13 21 25 26:21:2 8 3 1 5 2
1 2 17 25:14:3 2 4 5
6 11 13 22 24 30:29:9 1 3 4 10 2
1 6 14 15 24 25:34:3 9 5 7 5 5
5 7 10 19 25 27 30:35:10 8 3 6 5 1 2
6 16 20 24 30:23:9 4 3 5 2
2 6 14 18 24 25:37:4 9 5 9 5 5
4 6 14 18 24:41:4 9 5 18 5
2 6 14 18 24 25:35:2 9 5 9 5 5
5 14 18 19 25:35:10 5 9 6 5
1 6 14 15 24 25:34:3 9 5 7 5 5
1 9 14 25:18:3 5 5 5
2 6 13:16:4 9 3
1 8 14 18 19 24 25:39:3 6 5 9 6 5 5
1 5 14 15 19 23 25:38:3 10 5 7 6 2 5
1 8 14 15 19 24:32:3 6 5 7 6 5
4 5 14 18 19 25:39:4 10 5 9 6 5
2 6 14 18 24 25 28:37:2 9 5 9 5 5 2
1 6 13 15 19 24 25 26:39:3 9 3 7 6 5 5 1
1 6 14 15 24 25:34:3 9 5 7 5 5
1 8 14 18 19 24 25:39:3 6 5 9 6 5 5
19 24:11:6 5
1 6 14 15 24 25:34:3 9 5 7 5 5
2 5 13:18:2 10 6
1 3 7 11 23 24 30:29:3 1 8 1 4 10 2
2 8 13 25:16:2 6 3 5
1 5 14 15 19 23 25 26:39:3 10 5 7 6 2 5 1
1 5 14 15 19 23 25:46:6 10 5 7 6 2 10
1 6 13 15 19 24 25:38:3 9 3 7 6 5 5
2 6 14 18 24 25:35:2 9 5 9 5 5
1 5 14:23:3 10 10
2 14 18 24 25:26:2 5 9 5 5
2 8 14 15 19 27:27:2 6 5 7 6 1
4 5 14 18 19 25:39:4 10 5 9 6 5
1 8 14 15 19 24:32:3 6 5 7 6 5
4 5 14 25:24:4 10 5 5
4 16 19 20 25 30:24:4 4 6 3 5 2
1 9 12 22 29:16:3 5 1 4 3
8 16 27:11:6 4 1
1 5 14:24:9 10 5
3 8 11 13 15 25:28:1 6 1 3 7 10
1 5 14 18 19 25 29:41:3 10 5 9 6 5 3
3 11 12 16 22 23 24:18:1 1 1 4 4 2 5
4 5 14 18 19 25:39:4 10 5 9 6 5
4 5 10 14:36:8 20 3 5
1 5 14 15 19 23 25:38:3 10 5 7 6 2 5
1 5 14 21:22:6 10 5 1
1 8 14 15 19 24:32:3 6 5 7 6 5
2 6 14 18 24 25:35:2 9 5 9 5 5
1 6 9 14 15 24 25:39:3 9 5 5 7 5 5
23 25:7:2 5
3 5 7 12 30:22:1 10 8 1 2
1 6 14 15 24:29:3 9 5 7 5
10 12 13 24 29:20:3 1 3 10 3
1 8 14 15 19 24:32:3 6 5 7 6 5
7 8 10 22:21:8 6 3 4
2 6 18 24 25:30:2 9 9 5 5
2 6 14 18 24 25:35:2 9 5 9 5 5
2 8 13 25:22:2 12 3 5
1 6 13 15 19 24 25 26:39:3 9 3 7 6 5 5 1
1 5 14 18 19 25 29:41:3 10 5 9 6 5 3
2 8 28:10:2 6 2
3 10 17:7:2 3 2
1 5 6 14 15 24 25:44:3 10 9 5 7 5 5
1 22 23 29:16:3 8 2 3
2 6 14 18 24 25:35:2 9 5 9 5 5
1 8 14 15 19 24:32:3 6 5 7 6 5
1 5 14 15 19 23 25:38:3 10 5 7 6 2 5
1 8 14 15 19 24:32:3 6 5 7 6 5
1 6 13 15 19 24 25 26:39:3 9 3 7 6 5 5 1
1 5 14 18 19 25 29:41:3 10 5 9 6 5 3
1 7 14:16:3 8 5
1 5 14 22:25:6 10 5 4
4 6 10 14 23 24 25:42:8 9 3 5 2 10 5
1 8 14 15 19 24:32:3 6 5 7 6 5
1 8 14 15 19 24 27:33:3 6 5 7 6 5 1
1 6 14 15 24 25:34:3 9 5 7 5 5
1 3 5 14 15 19 23 25:39:3 1 10 5 7 6 2 5
1 6 13 24 29:23:3 9 3 5 3
1 8 14 18 19 24 25:39:3 6 5 9 6 5 5
5 12 13 15:21:10 1 3 7
1 8 14 18 19 24 25:39:3 6 5 9 6 5 5
1 5 14 18 19 25 29 30:43:3 10 5 9 6 5 3 2
4 5 14 25:24:4 10 5 5
1 9 14 25:18:3 5 5 5
2 9 18 25:21:2 5 9 5
1 8 14 15 19 24 28:34:3 6 5 7 6 5 2
6 10 15 18 21 24 26:45:18 3 7 9 1 5 2
1 8 14 18 19 21 24 25:40:3 6 5 9 6 1 5 5
8 10 20 25 26:18:6 3 3 5 1
2 6 14 24 25:26:2 9 5 5 5
1 7 13 16 19 22 25:33:3 8 3 4 6 4 5
7 12 13 20 21 22 24 28:29:8 1 3 3 1 4 5 4
1 6 14 18 19 25:37:3 9 5 9 6 5
1 6 14 15 24 25:34:3 9 5 7 5 5
4 7 14 15 19:36:4 8 5 7 12
1 5 20 21 30:19:3 10 3 1 2
2 6 14 18 24 25 26:36:2 9 5 9 5 5 1
1 7 12 24 26 28:20:3 8 1 5 1 2
2 6 14 18 24 25:35:2 9 5 9 5 5
1 5 14:18:3 10 5
1 5 14 15 19 23 25 30:40:3 10 5 7 6 2 5 2
1 8 14 15 19 24:32:3 6 5 7 6 5
1 7 13 16 19 22 25:33:3 8 3 4 6 4 5
1 5 14 15 19 23 25:38:3 10 5 7 6 2 5
1 6 13 15 19 24 25 28:40:3 9 3 7 6 5 5 2
8 13 18 19 22 23 26:32:6 3 9 6 4 2 2
2 6 14 18 24 25:35:2 9 5 9 5 5
8 10 19:15:6 3 6
1 6 14 15 24 25:34:3 9 5 7 5 5
1 5 14 28:26:9 10 5 2
4 5 14 18 19 25:39:4 10 5 9 6 5
7 8 25:19:8 6 5
2 28 29:7:2 2 3
1 8 14 18 19 24 25:39:3 6 5 9 6 5 5
1 10 22 24:15:3 3 4 5
1 8 14 18 19 24 25:39:3 6 5 9 6 5 5
1 6 13 15 19 24 25:38:3 9 3 7 6 5 5
1 5 14 25:26:6 10 5 5
1 5 14 15 19:31:3 10 5 7 6
1 6 14 19 25:38:3 9 10 6 10
6 8 25 26 27 28:25:9 6 5 2 1 2
2 6 13 15 19:34:2 9 3 14 6
1 5 14 18 19 25 29:41:3 10 5 9 6 5 3
2 9 11 14 26 29 30:19:2 5 1 5 1 3 2
2 8 22 27 28:17:2 6 4 1 4
1 5 14 18 19 25 29:41:3 10 5 9 6 5 3
2 6 13:21:6 9 6
4 5 14 18 19 25:39:4 10 5 9 6 5
3 11 14 19 20 24:21:1 1 5 6 3 5
4 5 14 18 19 25:39:4 10 5 9 6 5
2 5 13 15 19 25:49:4 10 6 7 12 10
2 6 14 18 24 25:35:2 9 5 9 5 5
1 8 14 18 19 21 24 25:40:3 6 5 9 6 1 5 5
4 5 14 15 19:32:4 10 5 7 6
1 7 14 16 19:26:3 8 5 4 6
1 6 14 15 24 25 30:36:3 9 5 7 5 5 2
2 3 6 14 18 24 25:36:2 1 9 5 9 5 5
1 5 14 18 25 29:35:3 10 5 9 5 3
1 8 14 15 19 24 28:34:3 6 5 7 6 5 2
1 6 13 15 19 24 25:38:3 9 3 7 6 5 5
1 5 14 23:33:6 20 5 2
2 5 13:15:2 10 3
1 5 14 15 19 23 25:38:3 10 5 7 6 2 5
4 5 14:19:4 10 5
1 5 14 15 19 23 25:38:3 10 5 7 6 2 5
1 5 14 18 19 25 27 29:42:3 10 5 9 6 5 1 3
1 4 10 13 26:18:3 8 3 3 1
2 15 22 23:15:2 7 4 2
9 13 19 22:24:5 3 12 4
1 7 14 16 19 22:30:3 8 5 4 6 4
1 5 14 15 19 23 25:38:3 10 5 7 6 2 5
2 6 14 18 24 25:35:2 9 5 9 5 5
13 28 29:8:3 2 3
1 8 14 15 19 24:32:3 6 5 7 6 5
3 6 20 25 28:21:2 9 3 5 2
2 6 14 18 24 25:35:2 9 5 9 5 5
1 6 14 15 21 24 25:35:3 9 5 7 1 5 5
1 5 14:21:6 10 5
10 12 22 26:9:3 1 4 1
3 9 10 14 24 28:21:1 5 3 5 5 2
22 25 26 30:12:4 5 1 2
7 28:12:8 4
4 5 14 18 19 25:39:4 10 5 9 6 5
15 27:9:7 2
4 5 14 18 19 25:39:4 10 5 9 6 5
1 2 4 5 14 15 18:50:3 2 4 20 5 7 9
1 4 7 8 19 24:36:3 8 8 6 6 5
4 5 14 18 19 25:39:4 10 5 9 6 5
1 8 14 18 19 24 25 26:40:3 6 5 9 6 5 5 1
1 6 13 15 19 24 25:38:3 9 3 7 6 5 5
5 15 25:22:10 7 5
2 13 17:7:2 3 2
1 8 14 18 19 24 25:39:3 6 5 9 6 5 5
2 5 13 15 19 25:35:4 10 3 7 6 5
1 8 14 15 19 24:32:3 6 5 7 6 5
4 5 7 14 18 19 25:52:4 10 8 5 9 6 10
1 6 14 15 24 25:48:3 18 5 7 10 5
1 5 14 18 19 25 29:41:3 10 5 9 6 5 3
1 8 14 15 19 24:32:3 6 5 7 6 5
1 6 14 18 19 25:37:3 9 5 9 6 5
2 6 14 18 24 25:35:2 9 5 9 5 5
1 7 14 16 19:26:3 8 5 4 6
1 6 18 22:25:3 9 9 4
19 28 30:16:12 2 2
4 5 14 21 25:35:4 10 10 1 10
1 12 27:5:3 1 1
1 5 14 15 19 23 25:38:3 10 5 7 6 2 5
1 6 13 15 19 24 25:38:3 9 3 7 6 5 5
1 5 14 15 19 23 25:38:3 10 5 7 6 2 5
2 4 22 28:14:4 4 4 2
2 7 9 16 18:37:2 8 5 4 18
1 5 14 18 19 25 29:41:3 10 5 9 6 5 3
5 7 11 12 26:21:10 8 1 1 1
1 8 14 18 19 24 25:39:3 6 5 9 6 5 5
1 5 14 18 19 25 28 29:43:3 10 5 9 6 5 2 3
4 5 14 15 19:32:4 10 5 7 6
1 8 14:19:3 6 10
1 8 14 15 19 24:32:3 6 5 7 6 5
1 6 14 18 19 21 25:41:6 9 5 9 6 1 5
4 13:10:4 6
2 6 13 15 19:27:2 9 3 7 6
4 5 14:24:4 10 10
1 5 14 18 24 25:40:6 10 5 9 5 5
1 8 14 15 19 24:32:3 6 5 7 6 5
4 18 20 27:20:4 9 6 1
1 5 14 15 19:36:3 10 10 7 6
4 9 16 22 28:28:4 10 4 8 2
1 4 7 18 20:27:3 4 8 9 3
2 18 25 26:17:2 9 5 1
1 5 14 18 19 25 29:41:3 10 5 9 6 5 3
1 5 14 18 19 25 28 29:43:3 10 5 9 6 5 2 3
1 6 14 18 19 25:37:3 9 5 9 6 5
1 5 14:31:6 20 5
4 5:14:4 10
1 5 14 15 19 23 25:38:3 10 5 7 6 2 5
1 11 13 15 16 30:21:3 2 3 7 4 2
4 7 15 17 20 22 27:29:4 8 7 2 3 4 1
2 6 14 18 24 25:35:2 9 5 9 5 5
2 5 13 15 19 25:45:4 10 6 14 6 5
2 6 14 18 24 25:35:2 9 5 9 5 5
1 6 14 18 19 25:37:3 9 5 9 6 5
1 8 14 15 19 24:32:3 6 5 7 6 5
1 6 14 15 24 25 27:35:3 9 5 7 5 5 1
1 6 13 15 19 24 25:38:3 9 3 7 6 5 5
2 10 24 25 30:17:2 3 5 5 2
1 6 14 18 19 25:37:3 9 5 9 6 5
4 5 14 18 19 25:39:4 10 5 9 6 5
1 3 8 14 15 19 24:33:3 1 6 5 7 6 5
1 6 14 18 19 25:37:3 9 5 9 6 5
1 8 14 15 19 24 26:33:3 6 5 7 6 5 1
1 6 14 15 24 25:34:3 9 5 7 5 5
1 6 14 18 19 25:37:3 9 5 9 6 5
5 7 9 12 15 23 25 28:45:10 8 5 1 7 2 10 2
1 6 14 15 24 25:34:3 9 5 7 5 5
1 5 11 14 18 24 25:50:6 10 1 5 18 5 5
1 8 14 15 19 24:32:3 6 5 7 6 5
6 8 16 17 18 23 24:37:9 6 4 2 9 2 5
1 5 14 18 19 25 29:41:3 10 5 9 6 5 3
1 5 14:21:6 10 5
1 6 14 16 19:36:3 18 5 4 6
1 8 14 15 19 24:32:3 6 5 7 6 5
4 5 14:19:4 10 5
1 5 14 18 22 24 25:44:6 10 5 9 4 5 5
3 11:2:1 1
6 10 16 22 30:27:9 6 4 4 4
9 11 18 19 22 25:34:5 1 9 6 8 5
1 6 16 18 19 21 26:36:6 9 4 9 6 1 1
2 5 11 14 15 19 26:39:4 10 1 10 7 6 1
1 8 14 15 19 24:38:3 6 5 7 12 5
1 5 14 18 19 25 27 29:42:3 10 5 9 6 5 1 3
2 6 14 18 24 25:35:2 9 5 9 5 5
4 5 7 13 15 22 24:41:4 10 8 3 7 4 5
4 5 14 15 19 25:58:8 20 5 14 6 5
4 5 14 18 19 25:39:4 10 5 9 6 5
1 5 14 18 19 25 29:41:3 10 5 9 6 5 3
10 15:10:3 7
5 15 24:22:10 7 5
1 5 14 15 19 23 25:38:3 10 5 7 6 2 5
4 8 14 25 26 29 30:27:4 6 5 5 2 3 2
11 17 27:4:1 2 1
1 6 13 15 19 24 25:41:6 9 3 7 6 5 5
1 6 13 15 19 24 25 26:39:3 9 3 7 6 5 5 1
1 9 14 25:18:3 5 5 5
1 6 13 15 19 24 25:52:3 18 3 7 6 10 5
1 6 14 18 19 25:37:3 9 5 9 6 5
23 28 30:6:2 2 2
2 7 9 21 23:20:2 8 5 1 4
1 6 14 15 24 25:34:3 9 5 7 5 5
1 5 14 15 19 23 25:38:3 10 5 7 6 2 5
2 6 14 18 24 25:35:2 9 5 9 5 5
1 7 14 16 19 22 23:37:3 8 10 4 6 4 2
2 9 22:11:2 5 4
3 5 6 11 15 23 26:38:1 10 9 1 14 2 1
2 8 14 15 19:32:2 12 5 7 6
1 3 5 14 15 19 23 25:39:3 1 10 5 7 6 2 5
1 5 14 15 19 23 25:38:3 10 5 7 6 2 5
2 6 13:18:6 9 3
1 5 14 18 19 25 27 29:42:3 10 5 9 6 5 1 3
2 6 13:27:6 18 3
1 8 14 18 19 24 25:39:3 6 5 9 6 5 5
1 6 14 15 24 25:34:3 9 5 7 5 5
2 6 14 18 24 25:35:2 9 5 9 5 5
6 24 26 28:26:18 5 1 2
1 8 14 18 19 24 25 30:41:3 6 5 9 6 5 5 2
1 5 14 15 19 23 25:38:3 10 5 7 6 2 5
1 5 14 15 19 23 25:38:3 10 5 7 6 2 5
2 6 13:16:4 9 3
1 5 13 15 19 23:37:3 10 3 7 12 2
1 5 14 15 19 23 25:38:3 10 5 7 6 2 5
1 8 14:19:3 6 10
1 9 14 25:23:3 5 10 5
10 12 17 19 21 22 26:18:3 1 2 6 1 4 1
1 5 14 18 19 25:38:3 10 5 9 6 5
10 14 16 30:14:3 5 4 2
2 10 11 21 26:8:2 3 1 1 1
4 5 14 30:35:8 20 5 2
1 5 14 18 19 25 29 30:43:3 10 5 9 6 5 3 2
1 3 5 14 15 19 23 25:39:3 1 10 5 7 6 2 5
4 8 12 24:16:4 6 1 5
1 7 14 16:20:3 8 5 4
4 6 14 18 24:32:4 9 5 9 5
2 6 14 18 24 25:35:2 9 5 9 5 5
17 18 25:16:2 9 5
1 5 14 18 19 25 28 29:43:3 10 5 9 6 5 2 3
13 16 20 22 28:19:6 4 3 4 2
7 8 20 22 27 28:27:8 6 6 4 1 2
2 6 14 18 24 25:35:2 9 5 9 5 5
1 7 14 21:20:6 8 5 1
1 7 14:19:6 8 5
1 6 14 15 24 25 30:36:3 9 5 7 5 5 2
1 6 14 15 24 25:34:3 9 5 7 5 5
4 5 14 18 19 25:39:4 10 5 9 6 5
1 8 14 18 19 24 25:39:3 6 5 9 6 5 5
1 6 14 15 24 25:34:3 9 5 7 5 5
9 13 17 18 19 20 28:35:10 3 2 9 6 3 2
4 5 14 15 19:36:8 10 5 7 6
1 5 14 15 19 23:33:3 10 5 7 6 2
1 5 14 18 19 25 29:41:3 10 5 9 6 5 3
2 6 9 13 25:24:2 9 5 3 5
1 7 10 11 21 25 27:26:6 8 3 2 1 5 1
7 8 10 13 14 16 21:30:8 6 3 3 5 4 1
1 12 16 20 25 27:23:3 2 4 3 10 1
1 14 18 20 21 28 30:27:3 5 9 3 1 2 4
2 6 14 18 24 25:35:2 9 5 9 5 5
1 3 6 14 15 24 25:35:3 1 9 5 7 5 5
5 14 18 19 25:35:10 5 9 6 5
1 6 13 15 19 24 25:38:3 9 3 7 6 5 5
5 11 12 18 28:23:10 1 1 9 2
4 18 22:17:4 9 4
1 6 14 18 19 25:40:6 9 5 9 6 5
1 6 14 15 24 25:34:3 9 5 7 5 5
12 14 15 29:16:1 5 7 3
1 5 13 14 15 19 23 25:57:3 20 3 5 7 12 2 5
1 6 14 18 19 25:37:3 9 5 9 6 5
1 6 13 15 19 24 25:38:3 9 3 7 6 5 5
1 5 14:18:3 10 5
1 8 14 18 19 24 25:39:3 6 5 9 6 5 5
2 6 20 27:24:2 18 3 1
4 5 14 18 19 25 27:40:4 10 5 9 6 5 1
4 5 14:33:8 20 5
2 6 13:18:6 9 3
4 5 14 18 19 25:39:4 10 5 9 6 5
5 9 15 18 22 26 28:55:20 5 14 9 4 1 2
1 6 14 15 24 25:34:3 9 5 7 5 5
1 2 19 25:22:3 2 12 5
1 6 14 15 24 25:34:3 9 5 7 5 5
1 5 14 15 19 23 25:38:3 10 5 7 6 2 5
5 7 8 13 17 22 23:43:10 16 6 3 2 4 2
1 3 6 14 15 24 25:35:3 1 9 5 7 5 5
1 7 14 16 19 22:35:3 8 10 4 6 4
1 8 14 18 19 24 25:39:3 6 5 9 6 5 5
6 7 8 10 22:30:9 8 6 3 4
2 8 13 23 25:18:2 6 3 2 5
7 25:21:16 5
4 5 14 18 19 25:39:4 10 5 9 6 5
1 6 14 15 24 25 26:35:3 9 5 7 5 5 1
1 5 14 15 19:38:3 10 5 14 6
1 6 13 15 19 24 25:38:3 9 3 7 6 5 5
4 5 14:33:8 20 5
2 6 14 18 24 25:35:2 9 5 9 5 5
2 3 7 11 16 25 26:22:2 1 8 1 4 5 1
1 3 4 9 16 17 30:21:3 1 4 5 4 2 2
1 6 13 15 19 24 25:38:3 9 3 7 6 5 5
3 4 28 30:9:1 4 2 2
1 6 14 15 24 25:47:6 9 10 7 10 5
1 6 14 15 24 25:34:3 9 5 7 5 5
1 5 14 15 19 23 25:44:3 10 5 7 12 2 5
4 7 14 15 19:30:4 8 5 7 6
2 6 13 15 19 20:35:4 9 6 7 6 3
1 8 14 18 19 24 25:39:3 6 5 9 6 5 5
9 10 19 20 30:22:5 3 6 6 2
17 20 22:9:2 3 4
16 17 27 29:10:4 2 1 3
5 8 13 18 21:29:10 6 3 9 1
12 14 15 21 29:18:2 5 7 1 3
1 6 14 15 24 25:34:3 9 5 7 5 5
1 5 14 15 19 23 25:38:3 10 5 7 6 2 5
7 9 14 16 19 23 30:32:8 5 5 4 6 2 2
1 6 14 15 24 25 26:35:3 9 5 7 5 5 1
2 6 14 18 24 25:35:2 9 5 9 5 5
2 6 14 18 24 25:35:2 9 5 9 5 5
1 2 3 8 9 10 30:27:3 2 1 6 10 3 2
1 8 14:14:3 6 5
1 6 14 15 24 25:34:3 9 5 7 5 5
15 16 20 28:20:7 8 3 2
1 5 14 15 19 23 25 30:40:3 10 5 7 6 2 5 2
7 16 27:13:8 4 1
16 17:6:4 2
1 5 14 29:39:6 20 10 3
1 6 14 18 19 21 25:38:3 9 5 9 6 1 5
2 6 14 18 24 25 27:36:2 9 5 9 5 5 1
4 5 14:19:4 10 5
1 5 14 18 19 25 29:41:3 10 5 9 6 5 3
1 7 14:24:3 16 5
1 8 14 15 19 24:32:3 6 5 7 6 5
4 5 14 18 19 25:39:4 10 5 9 6 5
4 7 14:17:4 8 5
1 14 15 19 23 25:28:3 5 7 6 2 5
1 14 18 19 25 29:31:3 5 9 6 5 3
1 6 13 15 19 24 25:38:3 9 3 7 6 5 5
1 6 13 15 19 24 25:38:3 9 3 7 6 5 5
2 6 13:18:6 9 3
1 5 14 18 24 25:45:6 10 10 9 5 5
6 20 21 26:14:9 3 1 1
1 8 14 15 19 24:32:3 6 5 7 6 5
4 5 14 18 19 25:39:4 10 5 9 6 5
1 5 14 15 19 23 25:38:3 10 5 7 6 2 5
3 5 7 19 22:30:2 10 8 6 4
16 19 20 26 30:25:4 12 6 1 2
1 5 14 15 19 23 25:38:3 10 5 7 6 2 5
2 6 14 18 24 25:35:2 9 5 9 5 5
1 5 14 18 19 25 28 29:43:3 10 5 9 6 5 2 3
1 5 14 15 19 23 25:38:3 10 5 7 6 2 5
4 5 14:23:8 10 5
1 8 14 15 19 24:32:3 6 5 7 6 5
1 5 14 18 19 25 28 29:43:3 10 5 9 6 5 2 3
1 8 14 15 19 24:32:3 6 5 7 6 5
1 8 14 15 19 24 30:34:3 6 5 7 6 5 2
3 4 5 14 18 19 25:40:1 4 10 5 9 6 5
4 7 14 15 19:37:4 8 5 14 6
1 5 14 15 19:37:9 10 5 7 6
1 6 13 15 19 24 25:38:3 9 3 7 6 5 5
1 12 22:8:3 1 4
1 5 14 20:27:9 10 5 3
1 5 14 15 19 23 25:38:3 10 5 7 6 2 5
1 8 14 18 19 24 25 27:40:3 6 5 9 6 5 5 1
4 5 14 15 19 25:44:4 10 5 14 6 5
2 9 14 16 19 22:35:2 10 5 4 6 8
1 6 14 15 24 25:34:3 9 5 7 5 5
1 5 14 18 19 25 29:41:3 10 5 9 6 5 3
1 3 6 14 15 24 25:35:3 1 9 5 7 5 5
1 10 14 20 22 29:26:3 3 10 3 4 3
4 5 14 18 19 25:39:4 10 5 9 6 5
14 15 17 22 24:23:5 7 2 4 5
1 5 14 25:26:6 10 5 5
4 5 14 18 19 25:39:4 10 5 9 6 5
1 6 14 15 24 25:34:3 9 5 7 5 5
1 6 14 15 24 25:34:3 9 5 7 5 5
1 5 10 14:27:9 10 3 5
4 5 14 18 19 25:39:4 10 5 9 6 5
4 5 14 18 19 25 29:42:4 10 5 9 6 5 3
4 5 14 18 19 25:39:4 10 5 9 6 5
1 5 14 15 19 23 25 27:39:3 10 5 7 6 2 5 1
1 5 14 15 19 23 25:38:3 10 5 7 6 2 5
1 6 13 15 19 24 25:38:3 9 3 7 6 5 5
2 6 14 18 24 25:35:2 9 5 9 5 5
1 8 14 15 19 24:32:3 6 5 7 6 5
4 5 30:16:4 10 2
1 6 13 15 19 24 25:38:3 9 3 7 6 5 5
1 5 14 18 19 25 29:41:3 10 5 9 6 5 3
4 7 11 14 15 19:36:4 8 1 10 7 6
4 5 14 18 19 25:39:4 10 5 9 6 5
1 6 14 18 19 25 26:38:3 9 5 9 6 5 1
1 8 14 18 19 24 25:39:3 6 5 9 6 5 5
1 3 12 19:12:3 2 1 6
7 8 9 21 27 28 29:35:8 12 5 1 1 2 6
1 9 14 25:23:3 10 5 5
6 13 15 19 24 25:35:9 3 7 6 5 5
1 6 13 15 19 24 25:44:6 9 6 7 6 5 5
2 9 14 16 19 22:26:2 5 5 4 6 4
1 6 14 15 24 25:34:3 9 5 7 5 5
1 6 7 14:30:3 9 8 10
1 5 14 18 19 25 28 29:43:3 10 5 9 6 5 2 3
1 6 13 15 19 24 25 28:40:3 9 3 7 6 5 5 2
2 7 21:11:2 8 1
6 14 18 19 25:34:9 5 9 6 5
1 5 14 18 19 25 27 29:42:3 10 5 9 6 5 1 3
1 6 14 18 19 25 30:39:3 9 5 9 6 5 2
1 6 14 25:27:3 9 5 10
5 6 14 24:29:10 9 5 5
1 8 14 18 19 24 25:39:3 6 5 9 6 5 5
1 6 14 15 24 25:34:3 9 5 7 5 5
4 5 14 18 19 25 28:41:4 10 5 9 6 5 2
2 6 13 15 19:36:2 9 6 7 12
2 9 12 14 16 19 22:29:4 5 1 5 4 6 4
2 5 14 16 19 23 25:36:4 10 5 4 6 2 5
1 8 14 15 19 24:32:3 6 5 7 6 5
4 5 14 18 19 25:39:4 10 5 9 6 5
1 8 14 18 19 24 25:39:3 6 5 9 6 5 5
1 5 14 15 19 23 25:38:3 10 5 7 6 2 5
3 6 13 17 19 21 27 28:27:1 9 3 4 6 1 1 2
1 6 13 15 19 24 25:38:3 9 3 7 6 5 5
2 6 13:21:6 9 6
1 6 14 15 24 25:34:3 9 5 7 5 5
1 6 13 15 19 24 25:38:3 9 3 7 6 5 5
9 15 30:14:5 7 2
1 6 14 15 24 25:34:3 9 5 7 5 5
5 16 25:24:10 4 10
1 6 14 16 19:41:3 18 10 4 6
1 30:5:3 2
1 6 14 18 19 25 26:38:3 9 5 9 6 5 1
1 5 14 18 19 25 29:41:3 10 5 9 6 5 3
1 6 14 15 24 25:34:3 9 5 7 5 5
2 9 14 16 19 22:26:2 5 5 4 6 4
1 5 14 18 19 25 28 29:43:3 10 5 9 6 5 2 3
4 11 13 14 15 20:23:4 1 3 5 7 3
1 8 14 15 19 24:32:3 6 5 7 6 5
1 5 14 15 19 23 25:38:3 10 5 7 6 2 5
1 6 14 18 19 25:37:3 9 5 9 6 5
2 6 13 25:30:4 18 3 5
2 6 14 18 24 25:35:2 9 5 9 5 5
1 3 5 14 15 19 23 25:39:3 1 10 5 7 6 2 5
1 5 14 25:31:6 10 5 10
1 6 14 19 25 29:31:3 9 5 6 5 3
1 5 14 18 19 25 29:41:3 10 5 9 6 5 3
1 5 14 15 19 23 25:38:3 10 5 7 6 2 5
16 18 19:34:4 18 12
1 5 14 18 19 21 25 29:42:3 10 5 9 6 1 5 3
4 6 14 18 24:36:8 9 5 9 5
3 12 13 28:10:1 2 3 4
4 5 14 18 19 25:39:4 10 5 9 6 5
7 20 26:12:8 3 1
1 3 5 14 15 19 23 25:39:3 1 10 5 7 6 2 5
1 8 9 11 19 22:31:3 12 5 1 6 4
1 4 21 26:10:3 4 1 2
21 29:4:1 3
1 5 14 25:28:3 10 5 10
4 5 14 18 19 25 28:41:4 10 5 9 6 5 2
1 6 14 16 18 19:36:3 9 5 4 9 6
2 6 7 20:25:2 9 8 6
6 22:13:9 4
1 5 14 15 19 23 25:38:3 10 5 7 6 2 5
2 6 14 18 24 25:35:2 9 5 9 5 5
1 5 14 15 19 23 25:43:3 10 10 7 6 2 5
1 5 14 18 19 25 29:41:3 10 5 9 6 5 3
1 8 14 15 19 24:32:3 6 5 7 6 5
6 12 14:15:9 1 5
1 8 14 15 19 24:32:3 6 5 7 6 5
1 6 14 18 19 25:37:3 9 5 9 6 5
1 8 14 18 19 24 25:39:3 6 5 9 6 5 5
3 5 20 27:15:1 10 3 1
1 8 14 18 19 24 25:39:3 6 5 9 6 5 5
2 7 9 21 30:18:2 8 5 1 2
1 5 14 15 19:31:3 10 5 7 6
1 6 14 18 19 25:37:3 9 5 9 6 5
2 4 8 9 12 18 24:32:2 4 6 5 1 9 5
1 5 14 15 19 20:40:9 10 5 7 6 3
1 8 14 15 19 24:32:3 6 5 7 6 5
8 10 12 25 29:19:6 3 2 5 3
1 7 14:16:3 8 5
2 5 13 15 19 25:48:4 10 3 14 12 5
2 5 14 16 19 23 25:38:2 10 5 8 6 2 5
19 23 28:12:6 2 4
1 7 14 16 19 22 30:45:3 8 10 8 6 8 2
2 6 14 18 24 25:49:2 9 5 18 5 10
8 9 10 12:15:6 5 3 1
6 7 14 18 23 25:47:18 8 5 9 2 5
1 6 13 15 19 24 25 30:40:3 9 3 7 6 5 5 2
1 8 14 18 19 24 25:39:3 6 5 9 6 5 5
1 5 10 14 15 19:44:3 20 3 5 7 6
4 5 14 15 19 25:49:4 10 5 14 6 10
2 6 13 15 19:27:2 9 3 7 6
2 6 14 18 24 25:35:2 9 5 9 5 5
4 5 14:24:4 10 10
1 6 14 18 19 25:37:3 9 5 9 6 5
8 13 16 19:19:6 3 4 6
4 5 14 19:39:8 20 5 6
1 8 14 15 19 24 30:34:3 6 5 7 6 5 2
1 5 14 15 19 23 25:38:3 10 5 7 6 2 5
1 5 14 18 24 25 27:41:6 10 5 9 5 5 1
1 6 13 15 19 24 25 26:39:3 9 3 7 6 5 5 1
1 8 14 15 19 24 26:33:3 6 5 7 6 5 1
3 14 20 29:12:1 5 3 3
1 6 14 16 19:42:3 18 5 4 12
4 6 18 21:27:8 9 9 1
1 8 14 15 19 24:32:3 6 5 7 6 5
1 5 14 15 19 23 25:38:3 10 5 7 6 2 5
1 5 14 15 19 23 25:38:3 10 5 7 6 2 5
1 8 15 20 29:25:6 6 7 3 3
4 5 6 14 18 19 25:59:4 10 9 10 9 12 5
1 3 14 17:11:3 1 5 2
1 8 14 23:21:3 6 10 2
1 5 6 7 19 20 24:47:3 10 9 8 6 6 5
1 8 14 18 19 24 25:39:3 6 5 9 6 5 5
4 5 14 18 19 25:39:4 10 5 9 6 5
1 3 8 14 18 19 24 25:40:3 1 6 5 9 6 5 5
18 21 28 29:17:9 1 4 3
8 11:7:6 1
4 5 14 18 19 25:39:4 10 5 9 6 5
