1 3 5 14 15 19:32:3 1 10 5 7 6
11 19:7:1 6
1 6 14 16 19:36:3 18 5 4 6
1 3 5 13 15 19:30:3 1 10 3 7 6
1 3 5 13 15 19:30:3 1 10 3 7 6
2 3 6 13 15 19:28:2 1 9 3 7 6
1 3 5 13 15 19:30:3 1 10 3 7 6
1 3 5 13 15 19:30:3 1 10 3 7 6
4 5 13 14 15 19:44:8 10 3 10 7 6
1 3 5 13 15 19:30:3 1 10 3 7 6
1 3 5 14 15 19:32:3 1 10 5 7 6
3 4 7 14 15 19:31:1 4 8 5 7 6
2 6 13 15 19:27:2 9 3 7 6
2 9 11:11:4 5 2
4 7 14:17:4 8 5
1 5 14 17:33:6 20 5 2
4 7 14 15 19:30:4 8 5 7 6
2 6 13 15 19:27:2 9 3 7 6
4 7 14 15 19:30:4 8 5 7 6
1 3 5 13 15 19:30:3 1 10 3 7 6
4 7 14 15 19:30:4 8 5 7 6
3 4 7 14 15 19:31:1 4 8 5 7 6
1 3 5 14 15 19:32:3 1 10 5 7 6
1 6 14 16 19:27:3 9 5 4 6
2 3 6 13 15 19:28:2 1 9 3 7 6
2 8 14 15 19:38:2 6 10 14 6
1 6 14 16 19:27:3 9 5 4 6
1 5 14 15 19:31:3 10 5 7 6
3 4 8 9 11 17 20:24:1 4 6 5 1 4 3
2 3 4 9 11 13 14:21:2 1 4 5 1 3 5
1 6 14 16 19:27:3 9 5 4 6
6 17 18:29:18 2 9
1 5 13 15 19:29:3 10 3 7 6
1 5 13 15 19:29:3 10 3 7 6
1 3 5 14 15 19:32:3 1 10 5 7 6
2 6 13 15 19:27:2 9 3 7 6
2 6 13 15 19:27:2 9 3 7 6
2 3 6 13 15 19:28:2 1 9 3 7 6
2 5 6 9 12 13 20:50:2 10 18 10 1 3 6
1 5 14 15 19:31:3 10 5 7 6
1 5 14 15 19:31:3 10 5 7 6
1 5 12 14 15 19:51:9 10 1 5 14 12
1 5 13 15 19:29:3 10 3 7 6
2 6 13 15 19:27:2 9 3 7 6
4 7 14 15 19:30:4 8 5 7 6
4 5 14 15 19:32:4 10 5 7 6
1 8 9 11 14 15 20:35:3 6 5 1 10 7 3
1 3 6 14 16 19:28:3 1 9 5 4 6
2 6 13 15 19:27:2 9 3 7 6
2 6 13 15 19:30:2 9 6 7 6
1 6 14 16 19:27:3 9 5 4 6
4 7 14 15 19:30:4 8 5 7 6
1 6 14 16 19:27:3 9 5 4 6
1 5 13 15 19:29:3 10 3 7 6
2 6 15 19:24:2 9 7 6
1 5 14:31:6 20 5
3 4 7 14 15 19:31:1 4 8 5 7 6
1 5 13 14 15 19:44:3 20 3 5 7 6
1 7 14 16 19:37:6 16 5 4 6
1 10 11 13 16 18 19:41:3 6 1 3 4 18 6
4 7 14 15:24:4 8 5 7
1 3 5 13 15 19:30:3 1 10 3 7 6
2 6 8 13 15 19:42:2 18 6 3 7 6
1 4 6 8 12 17:25:3 4 9 6 1 2
1 5 13 15:23:3 10 3 7
1 3 6 14 16 19:28:3 1 9 5 4 6
4 7 14 15 19:30:4 8 5 7 6
1 5 13 15 19:29:3 10 3 7 6
1 3 5 14 15 19:32:3 1 10 5 7 6
6 14 16 19:24:9 5 4 6
2 6 13 15 19:27:2 9 3 7 6
3 4 7 14 15 19:31:1 4 8 5 7 6
5 6 10 11 16:31:10 9 3 1 8
1 3 5 13 15 19:30:3 1 10 3 7 6
3 4 7 14 15 19:31:1 4 8 5 7 6
1 5 14 15 19:31:3 10 5 7 6
4 5 14 15 17 19:38:8 10 5 7 2 6
4 7 12 14 15 19:31:4 8 1 5 7 6
1 6 14 16 19:27:3 9 5 4 6
2 3 6 13 15 19:28:2 1 9 3 7 6
2 6 13 15 19:27:2 9 3 7 6
1 5 13 15 19:29:3 10 3 7 6
3 5 7 12 13 17 19:34:1 10 8 1 6 2 6
2 5 13:18:2 10 6
2 6 10 13:17:2 9 3 3
1 5 13 15 19:29:3 10 3 7 6
2 6 10 12:16:2 9 3 2
1 3 5 13 15 19:30:3 1 10 3 7 6
1 5 14 15 19:31:3 10 5 7 6
1 3 6 14 16 19:28:3 1 9 5 4 6
1 5 14 15 19:34:6 10 5 7 6
1 3 6 14 16 19:28:3 1 9 5 4 6
1 3 5 14 15 19:32:3 1 10 5 7 6
4 5 7 14:40:4 10 16 10
1 5 14 15 19:31:3 10 5 7 6
2 3 6 13 15 19:28:2 1 9 3 7 6
1 5 13 15:23:3 10 3 7
1 14 16 19:18:3 5 4 6
1 5 13 15 19:29:3 10 3 7 6
1 6 14 16 19:27:3 9 5 4 6
4 5 14 15 19:32:4 10 5 7 6
3 7 11 12:11:1 8 1 1
1 3 6 14 16 19:28:3 1 9 5 4 6
1 6 14 16 19:27:3 9 5 4 6
2 3 5 9 12:19:2 1 10 5 1
5 14 15 19:28:10 5 7 6
1 5 14 15 19:31:3 10 5 7 6
1 5 14 15 19:31:3 10 5 7 6
5 6 7 14 15:39:10 9 8 5 7
2 6 13 15 19:27:2 9 3 7 6
1 3 5 14 15 19:32:3 1 10 5 7 6
2 6 13 15 19:27:2 9 3 7 6
4 5 14 15 16 19:50:8 20 5 7 4 6
1 5 13 15 19:29:3 10 3 7 6
3 5 11 17 18 20:26:1 10 1 2 9 3
4 7 14 15 19:30:4 8 5 7 6
1 8 14:14:3 6 5
4 7 8 12 14 17:36:8 8 12 1 5 2
1 8 14:14:3 6 5
1 5 13 15 19:29:3 10 3 7 6
1 6 14 16 19:27:3 9 5 4 6
1 3 5 13 15 19:30:3 1 10 3 7 6
1 3 5 14 15 19:35:6 1 10 5 7 6
3 4 7 14 15 19:31:1 4 8 5 7 6
1 6 14 16 19:27:3 9 5 4 6
1 5 13 15 19:29:3 10 3 7 6
1 5 14 15 19:31:3 10 5 7 6
2 6 13 15 19:27:2 9 3 7 6
2 6 13 15 19:27:2 9 3 7 6
2 6 13 15 19:27:2 9 3 7 6
3 4 7 14 15 19:31:1 4 8 5 7 6
2 3 6 13 15 19:28:2 1 9 3 7 6
1 3 6 14 16 19:28:3 1 9 5 4 6
1 5 14 15 19:31:3 10 5 7 6
4 7 14 15 19:30:4 8 5 7 6
1 2 4 5 10 16:30:3 2 8 10 3 4
1 5 13 15 19:29:3 10 3 7 6
3 4 7 14 15 19:31:1 4 8 5 7 6
1 5 14 15 19:31:3 10 5 7 6
1 3 5 13 15 19:30:3 1 10 3 7 6
4 7 14 15 19:30:4 8 5 7 6
4 7 14 15 19:30:4 8 5 7 6
1 7 14:16:3 8 5
1 5 13 15 19:29:3 10 3 7 6
3 4 7 14 15 19:31:1 4 8 5 7 6
1 6 14 16 19:27:3 9 5 4 6
1 5 13 15 19:32:3 10 6 7 6
2 5 7 13:23:2 10 8 3
7 8 10 13 18:41:8 6 3 6 18
7 12 14 17 20:28:16 2 5 2 3
2 6 13 15 19:27:2 9 3 7 6
1 6 14 16 19:27:3 9 5 4 6
2 8 18:17:2 6 9
1 3 5 14 15 19:32:3 1 10 5 7 6
1 3 5 14 15 19:32:3 1 10 5 7 6
1 5 13 15 19:29:3 10 3 7 6
4 7 14 15 19:30:4 8 5 7 6
2 6 13 15 18 19:36:2 9 3 7 9 6
2 10:5:2 3
1 5 13 15 19:36:3 10 3 14 6
1 6 14 16 19:27:3 9 5 4 6
1 3 5 14 15 19:32:3 1 10 5 7 6
2 6 13 15 19:27:2 9 3 7 6
5 13 15 19:26:10 3 7 6
1 8 9 12 13 15 16 19:35:3 6 5 1 3 7 4 6
1 5 13 15 19:29:3 10 3 7 6
1 6 14 16 19:27:3 9 5 4 6
1 8 14:19:3 6 10
9 10 17:10:5 3 2
1 5 13 15 19:29:3 10 3 7 6
12 17 19:15:1 2 12
1 5 14 15 19:31:3 10 5 7 6
1 6 14 16 19:27:3 9 5 4 6
1 5 14 15 19:31:3 10 5 7 6
1 5 14 15 19:31:3 10 5 7 6
2 6 13 15 19:27:2 9 3 7 6
1 6 14 16 19:27:3 9 5 4 6
1 6 14 16 19:27:3 9 5 4 6
4 5 8 14 15 19:52:8 20 6 5 7 6
4 5 14:33:8 20 5
4 7 14 15:24:4 8 5 7
4 7 14 15 19:30:4 8 5 7 6
7 14 15 19:26:8 5 7 6
4 7 14 15 19:30:4 8 5 7 6
2 3 6 13 15 19:28:2 1 9 3 7 6
1 3 5 14 15 19:32:3 1 10 5 7 6
2 6 13 15 19:27:2 9 3 7 6
1 5 14:18:3 10 5
3 4 7 14 15 19:31:1 4 8 5 7 6
1 5 14 15 19:31:3 10 5 7 6
1 3 6 14 16 19:28:3 1 9 5 4 6
2 4 6 13 15 19:40:4 4 9 3 14 6
1 2 5 13 15 19 20:37:6 2 10 3 7 6 3
7 9 12:19:8 10 1
2 13 15 19:18:2 3 7 6
3 4 7 14 15 19:31:1 4 8 5 7 6
1 5 13 15 19:29:3 10 3 7 6
4 5 14 15 19 20:44:8 10 10 7 6 3
1 5 14 15 19:44:6 20 5 7 6
1 5 14:31:6 20 5
1 5 15 19:26:3 10 7 6
1 3 6 14 16 19:28:3 1 9 5 4 6
2 6 13 15 19:27:2 9 3 7 6
1 5 13 15 19:29:3 10 3 7 6
4 7 14 15 19:30:4 8 5 7 6
1 2 6 7 10 11 13:31:3 4 9 8 3 1 3
1 5 14 15 19:31:3 10 5 7 6
1 3 6 14 16 19:28:3 1 9 5 4 6
1 8 14:14:3 6 5
6 11 14 16 18 20:35:9 1 5 8 9 3
4 7 14 15 19:30:4 8 5 7 6
2 6 13 15 19:27:2 9 3 7 6
1 6 7 14:25:3 9 8 5
1 6 14 16 19:27:3 9 5 4 6
15 20:17:14 3
1 3 5 13 15 19:30:3 1 10 3 7 6
1 5 14 15 19:31:3 10 5 7 6
2 6 13 15 17 19:29:2 9 3 7 2 6
1 5 13 15 19:29:3 10 3 7 6
6 14 19:26:9 5 12
2 11 16 19:17:2 1 8 6
2 6 13:16:4 9 3
1 5 14:24:9 10 5
1 3 6 14 16 19:28:3 1 9 5 4 6
4 5 14 15 19:36:8 10 5 7 6
1 5 14 15 19:31:3 10 5 7 6
1 3 5 14 15 19:32:3 1 10 5 7 6
1 5 14:23:3 10 10
2 6 13 15 19:27:2 9 3 7 6
2 6 13 15 19:27:2 9 3 7 6
1 3 6 14 16 19:28:3 1 9 5 4 6
1 5 14 15 19:31:3 10 5 7 6
1 3 5 14 15 19:32:3 1 10 5 7 6
1 5 7 14 15 19:52:9 10 8 5 14 6
2 7 10 13 14 15 20:33:4 8 3 3 5 7 3
1 6 14 16 19:27:3 9 5 4 6
1 5 14 15 19:37:9 10 5 7 6
1 5 14 15 19:31:3 10 5 7 6
2 7:10:2 8
1 6 14 16 19:27:3 9 5 4 6
1 6 14 16 19:27:3 9 5 4 6
10 12 15:11:3 1 7
1 5 13 15 19:29:3 10 3 7 6
3 4 7 14 15 19:31:1 4 8 5 7 6
1 3 5 14 15 19:32:3 1 10 5 7 6
4 7 14 15 19:30:4 8 5 7 6
4 7 14 15 19:30:4 8 5 7 6
1 3 4 5 18 19:33:3 1 4 10 9 6
4 7 14 15 19:30:4 8 5 7 6
1 3 5 13 15 19:30:3 1 10 3 7 6
1 5 13 15 19:29:3 10 3 7 6
3 4 7 14 15 19:31:1 4 8 5 7 6
4 6 16:17:4 9 4
3 4 7 14 15 19:31:1 4 8 5 7 6
1 3 7 8 11 17:27:3 1 8 12 1 2
1 6 7 8 12 13 20:39:6 9 8 6 1 6 3
1 5 8 13 14 17 20:38:3 10 6 6 5 2 6
4 7 14 15 19:30:4 8 5 7 6
2 3 6 13 15 19:28:2 1 9 3 7 6
1 7 13 15 19 20:40:3 8 3 14 6 6
1 5 14 15 19:31:3 10 5 7 6
1 3 5 13 15 19:30:3 1 10 3 7 6
2 8 14 15 19:26:2 6 5 7 6
2 3 6 13 15 19:28:2 1 9 3 7 6
1 5 15 19:26:3 10 7 6
3 4 5 14 15 19:37:1 8 10 5 7 6
2 3 6 13 15 19:28:2 1 9 3 7 6
1 3 5 13 15 19:30:3 1 10 3 7 6
1 5 14 15 19:31:3 10 5 7 6
1 5 6 8 9 15:56:3 20 9 12 5 7
1 6 14 15 16 19:34:3 9 5 7 4 6
1 3 6 14 16 19:28:3 1 9 5 4 6
2 5 13:25:2 20 3
1 3 6 14 16 19:28:3 1 9 5 4 6
1 3 6 14 16 19:28:3 1 9 5 4 6
2 3 6 13 15 19:28:2 1 9 3 7 6
2 6 13 15 19:27:2 9 3 7 6
4 7 14 15 19:30:4 8 5 7 6
5 15 17:19:10 7 2
4 7 14 15 19:30:4 8 5 7 6
1 3 4 7 12 16 19:31:6 2 4 8 1 4 6
1 3 5 13 15 19:30:3 1 10 3 7 6
2 6 13 15 19:27:2 9 3 7 6
1 3 6 14 16 19:28:3 1 9 5 4 6
1 5 13 15 19:29:3 10 3 7 6
4 16 20:11:4 4 3
4 7 14 19:23:4 8 5 6
2 3 6 13 15 19:28:2 1 9 3 7 6
3 19:7:1 6
1 5 13 15 19:29:3 10 3 7 6
1 5 14 15 19:31:3 10 5 7 6
3 4 7 14 15 19:31:1 4 8 5 7 6
1 5 13 15 19:29:3 10 3 7 6
1 2 8 11 12 20:16:3 2 6 1 1 3
1 14 16 19:18:3 5 4 6
1 5 14 15 19:31:3 10 5 7 6
1 6 14 16 19:27:3 9 5 4 6
4 5 7 19:34:4 10 8 12
1 3 5 13 15 19:30:3 1 10 3 7 6
1 6 14 16 19:27:3 9 5 4 6
1 5 14 15 19:31:3 10 5 7 6
1 5 13 15 19:29:3 10 3 7 6
1 6 14 16 19:27:3 9 5 4 6
3 17:3:1 2
7 9 13 17:26:16 5 3 2
1 6 14 16 19:37:3 9 5 8 12
2 6 13 15 19:27:2 9 3 7 6
1 6 12 16:17:3 9 1 4
2 5 13:25:2 20 3
5 14:20:10 10
2 8 14 15 19:37:2 6 10 7 12
1 3 5 14 15 19:32:3 1 10 5 7 6
1 3 5 14 15 19:32:3 1 10 5 7 6
2 6 13 15 19:36:2 9 6 7 12
6 12 15 16 19:27:9 1 7 4 6
4 7 14 15 19:30:4 8 5 7 6
1 14 15 19:21:3 5 7 6
1 6 14 16 19:27:3 9 5 4 6
1 3 5 13 15 19:30:3 1 10 3 7 6
4 7 14 15 19:30:4 8 5 7 6
3 5 6 10 11 16 17 19:39:1 10 9 6 1 4 2 6
1 5 13 15 19:29:3 10 3 7 6
1 3 5 13 15 19:30:3 1 10 3 7 6
3 4 7 14 15 19:31:1 4 8 5 7 6
4 7 14 15 19:30:4 8 5 7 6
2 6 13 15 19:27:2 9 3 7 6
2 6 13 19:20:2 9 3 6
4 7 14 15 19:38:4 16 5 7 6
1 5 14 15 19:31:3 10 5 7 6
4 7 14 15 19:30:4 8 5 7 6
3 4 7 14 15 19:31:1 4 8 5 7 6
2 6 13 15 19:27:2 9 3 7 6
1 6 14 16 19:27:3 9 5 4 6
1 10 12 13 14 16:19:3 3 1 3 5 4
2 5 13:15:2 10 3
1 3 5 13 15 19:30:3 1 10 3 7 6
2 6 13 15 19:27:2 9 3 7 6
2 6 13 15 19:27:2 9 3 7 6
2 3 6 13 15 19:28:2 1 9 3 7 6
1 7 13:14:3 8 3
4 5 13 14 15 19:49:8 20 3 5 7 6
1 5 14 15 16 19:47:9 10 5 7 4 12
3 7 8 11 16 17 18:33:1 8 6 1 4 4 9
2 6 13 15 19:27:2 9 3 7 6
3 4 7 14 15 19:31:1 4 8 5 7 6
3 4 7 14 15 19:31:1 4 8 5 7 6
4 7 14 15 19:30:4 8 5 7 6
1 5 12 13 17 19:30:3 10 1 6 4 6
2 3 4 5 8 12 19:30:2 1 4 10 6 1 6
4 7 14 19:23:4 8 5 6
2 8 14 15 19:26:2 6 5 7 6
4 5 14 15 19:41:8 10 10 7 6
4 5 12 14 15 19:33:4 10 1 5 7 6
3 6 7 8 9:29:1 9 8 6 5
1 5 14 15 19:31:3 10 5 7 6
2 9 14 15 17 18 19:36:2 5 5 7 2 9 6
1 6 14 16 19:27:3 9 5 4 6
1 6 14:25:6 9 10
1 3 5 14 15 19:32:3 1 10 5 7 6
1 3 6 14 16 19:28:3 1 9 5 4 6
1 5 13 15 19:29:3 10 3 7 6
4 7 14:17:4 8 5
1 3 6 14 16 19:28:3 1 9 5 4 6
4 5 12 14:30:4 20 1 5
1 3 6 14 16 19:28:3 1 9 5 4 6
1 3 11:5:3 1 1
1 3 6 14 16 19:28:3 1 9 5 4 6
2 3 6 13 15 19:28:2 1 9 3 7 6
1 6 7 8 17:28:3 9 8 6 2
1 5 14 15 19 20:34:3 10 5 7 6 3
1 5 10 17 19:30:3 10 3 2 12
1 6 14 16 19:27:3 9 5 4 6
1 3 5 13 15 19:30:3 1 10 3 7 6
2 6 13 15 19:27:2 9 3 7 6
2 13 15 19:18:2 3 7 6
3 4 7 14 15 19:31:1 4 8 5 7 6
1 2 4 6 7 14 15 18:54:3 2 4 9 8 5 14 9
2 8 14 15 19:26:2 6 5 7 6
1 5 13 15 19:29:3 10 3 7 6
1 3 5 14 15 19:32:3 1 10 5 7 6
1 5 14:31:6 20 5
3 8 13 14 17 20:20:1 6 3 5 2 3
1 3 6 14 16 19:28:3 1 9 5 4 6
1 5 14 15 19:31:3 10 5 7 6
2 3 6 13 15 19:28:2 1 9 3 7 6
2 3 6 13 15 19:28:2 1 9 3 7 6
1 5 14 15 19:31:3 10 5 7 6
3 4 7 14 15 19:31:1 4 8 5 7 6
1 3 6 14 16 19:28:3 1 9 5 4 6
2 6 13 15 19:27:2 9 3 7 6
2 8 13 14 15 19:29:2 6 3 5 7 6
2 7 8 16 19:30:2 8 6 8 6
4 5 14:38:8 20 10
3 6 12 15:19:2 9 1 7
12 13 14:14:1 3 10
1 5 13 15 19:29:3 10 3 7 6
1 6 14 16 19:36:3 18 5 4 6
1 5 13 15 19:29:3 10 3 7 6
1 6 14 16 19:27:3 9 5 4 6
1 8 13 14:20:6 6 3 5
4 7 14 15 19:30:4 8 5 7 6
1 3 5 13 15 19:30:3 1 10 3 7 6
1 5 13 15 19:29:3 10 3 7 6
1 3 5 14 15 19:32:3 1 10 5 7 6
1 3 6 14 16 19:28:3 1 9 5 4 6
1 5 14:18:3 10 5
1 5 13 15 19:29:3 10 3 7 6
4 7 14 15 19:30:4 8 5 7 6
4 7 14 15 19:30:4 8 5 7 6
1 3 5 14 15 19:32:3 1 10 5 7 6
1 3 5 14 15 19:32:3 1 10 5 7 6
2 13 15 19:18:2 3 7 6
1 6 14 16 19:27:3 9 5 4 6
1 3 5 14 15 19:32:3 1 10 5 7 6
2 6 13 15 19:27:2 9 3 7 6
1 5 14 15 19:31:3 10 5 7 6
3 4 7 14 15 19:31:1 4 8 5 7 6
4 5 14:23:8 10 5
3 5 14 17 18 19:34:2 10 5 2 9 6
4 7 14:17:4 8 5
2 8 14 15 19:26:2 6 5 7 6
2 3 6 13 15 19:28:2 1 9 3 7 6
3 4 7 14 15 19:31:1 4 8 5 7 6
2 3 6 13 15 19:28:2 1 9 3 7 6
2 6 13:18:6 9 3
2 3 6 13 15 19:28:2 1 9 3 7 6
1 3 5 13 15 19:30:3 1 10 3 7 6
6 14 16 19:24:9 5 4 6
1 3 5 13 15 19:30:3 1 10 3 7 6
1 5 13 15 19:29:3 10 3 7 6
1 5 14:31:6 20 5
1 4 19:13:3 4 6
2 3 6 13 15 19:28:2 1 9 3 7 6
1 3 5 14 15 19:32:3 1 10 5 7 6
2 6 7 13 15 19:37:4 9 8 3 7 6
4 5 14:24:4 10 10
4 7 14 15 19:30:4 8 5 7 6
2 5 7 9 13 17 18:42:2 10 8 5 6 2 9
1 5 15 19:26:3 10 7 6
4 5 11 13 18:36:4 10 1 3 18
1 5 14 15 19:31:3 10 5 7 6
1 3 6 14 16 19:28:3 1 9 5 4 6
5 8 11 13 18:29:10 6 1 3 9
2 6 13 15 19:27:2 9 3 7 6
2 11 13 20:9:2 1 3 3
1 8 14:14:3 6 5
1 5 14 16:25:6 10 5 4
1 2 8 9 16 19:28:3 4 6 5 4 6
1 5 14 15 19:36:3 10 10 7 6
4 7 14:25:4 16 5
2 3 12:4:2 1 1
2 6 13 15 19:27:2 9 3 7 6
5 6 7 8 16 17 20:50:10 9 16 6 4 2 3
4 7 14 15 19:30:4 8 5 7 6
1 6 14 19:23:3 9 5 6
1 3 6 14 16 19:28:3 1 9 5 4 6
1 3 5 14 15 19:32:3 1 10 5 7 6
1 3 5 14 15 19:32:3 1 10 5 7 6
4 5 8 16:34:8 10 12 4
1 9 11 12 16 19 20:24:3 5 2 1 4 6 3
4 7 14 15 19:30:4 8 5 7 6
1 3 6 14 16 19:28:3 1 9 5 4 6
1 8 14:17:6 6 5
1 5 13 15 19:29:3 10 3 7 6
2 3 6 13 15 19:28:2 1 9 3 7 6
4 7 14 15 19:30:4 8 5 7 6
1 6 14 16 19:27:3 9 5 4 6
1 6 14 16 19:27:3 9 5 4 6
4 7 14 15 19:30:4 8 5 7 6
1 6 14 16 19:27:3 9 5 4 6
1 5 14 15 19:31:3 10 5 7 6
1 8 14:14:3 6 5
3 4 7 14 15 19:31:1 4 8 5 7 6
1 5 13 15 19:29:3 10 3 7 6
2 10 11 13:14:4 3 1 6
2 6 13:18:6 9 3
1 13 15 19:19:3 3 7 6
2 3 6 13 15 19:28:2 1 9 3 7 6
2 6 13:14:2 9 3
2 3 6 13 15 19:28:2 1 9 3 7 6
3 4 7 14 15 19:31:1 4 8 5 7 6
1 6 14 16 19:27:3 9 5 4 6
2 8 14 15 19:28:4 6 5 7 6
13 16 17:9:3 4 2
4 5 14 15 19:46:8 20 5 7 6
1 5 15 19:26:3 10 7 6
1 5 13 15 19:29:3 10 3 7 6
2 3 6 13 15 19:28:2 1 9 3 7 6
1 5 14:21:6 10 5
1 5 14 15 19:41:6 10 5 14 6
2 3 6 13 15 19:28:2 1 9 3 7 6
2 10 14 20:13:2 3 5 3
2 6 13:16:4 9 3
1 5 14:26:6 10 10
1 4 5 14:35:6 4 20 5
1 5 14 15 19:31:3 10 5 7 6
2 6 13 15 19:27:2 9 3 7 6
3 6 9:15:1 9 5
4 7 14 15 19:30:4 8 5 7 6
1 3 5 13 15 19:30:3 1 10 3 7 6
