1 5 14 18 19 25 29:41:3 10 5 9 6 5 3
1 3 6 14 18 19 25:38:3 1 9 5 9 6 5
1 8 14 18 19 24 25:50:3 6 5 9 12 10 5
1 5 14 18 24 25:40:6 10 5 9 5 5
1 5 14 18 24 25 30:42:6 10 5 9 5 5 2
1 5 14 18 21 24 25:41:6 10 5 9 1 5 5
1 5 14 15 19 23 25:38:3 10 5 7 6 2 5
1 6 14 18 19 25 30:39:3 9 5 9 6 5 2
1 5 14 18 19 25 29:41:3 10 5 9 6 5 3
9 21 29:9:5 1 3
1 5 14 18 19 25 29 30:43:3 10 5 9 6 5 3 2
1 6 14 18 19 25 28:39:3 9 5 9 6 5 2
4 7 10 14:25:4 8 3 10
1 5 14 18 19 25 29:41:3 10 5 9 6 5 3
2 6 13:18:6 9 3
1 7 14 29:19:3 8 5 3
2 7 14 29:18:2 8 5 3
1 5 14 25:26:6 10 5 5
1 5 14 24 25:31:6 10 5 5 5
1 5 14 15 19 23 25:38:3 10 5 7 6 2 5
1 6 14 18 19 25:37:3 9 5 9 6 5
1 6 14 18 19 25:37:3 9 5 9 6 5
2 6 13:18:6 9 3
1 8 14 18 19 21 24 25:40:3 6 5 9 6 1 5 5
1 5 14 18 19 25 29:41:3 10 5 9 6 5 3
1 3 6 13 15 19 24 25:39:3 1 9 3 7 6 5 5
1 5 14 18 24 25:40:6 10 5 9 5 5
1 5 14 18 25 29:35:3 10 5 9 5 3
1 8 14 18 19 21 24 25:40:3 6 5 9 6 1 5 5
1 5 14 18 19 25 29:41:3 10 5 9 6 5 3
4 5 14 18 19 25:39:4 10 5 9 6 5
2 5 14 16 19 23 25:39:2 10 5 4 6 2 10
1 5 14 18 24 25:40:6 10 5 9 5 5
6 11 12 16 23:17:9 1 1 4 2
1 5 8 14:24:3 10 6 5
1 8 14 18 19 24 25:39:3 6 5 9 6 5 5
1 3 6 13 15 19 24 25:39:3 1 9 3 7 6 5 5
1 5 14 15 19 23 25:38:3 10 5 7 6 2 5
2 5 9 16 26 29:26:2 10 5 4 2 3
1 8 14 18 19 24 25:39:3 6 5 9 6 5 5
1 5 14 18 24 25 26:41:6 10 5 9 5 5 1
1 6 13 15 19 24 25:38:3 9 3 7 6 5 5
1 6 13 15 19 24 25:38:3 9 3 7 6 5 5
5 7 8 15 25 27:42:10 8 6 7 10 1
1 6 13 15 19 24 25:38:3 9 3 7 6 5 5
15 20 21:11:7 3 1
2 4 10 19 21 22:28:2 8 3 6 1 8
1 4 7 14 15 19 22 25:52:3 4 8 10 7 6 4 10
7 8 15 18 27:40:8 6 7 18 1
1 6 13 15 19 24 25 30:40:3 9 3 7 6 5 5 2
2 3 15 16 24 27 30:26:2 1 7 8 5 1 2
1 5 14 15 19 23 25:38:3 10 5 7 6 2 5
1 5 14 15 19 23 25:38:3 10 5 7 6 2 5
1 5 14 18 19 25 29:41:3 10 5 9 6 5 3
6 7 22:21:9 8 4
1 7 14:19:6 8 5
3 4 23 29:14:1 8 2 3
6 25 30:21:9 10 2
1 5 14 25 26:37:6 20 5 5 1
1 6 13 15 19 21 24 25:39:3 9 3 7 6 1 5 5
1 4 5 9 19:28:3 4 10 5 6
1 7 13 16 19 22 25:38:3 8 3 4 6 4 10
8 12 18 20:20:6 2 9 3
1 5 14 18 21 24 25:41:6 10 5 9 1 5 5
1 5 14 18 19 25 29:41:3 10 5 9 6 5 3
1 6 14 18 19 25:37:3 9 5 9 6 5
1 5 14 15 19 23 25 28:40:3 10 5 7 6 2 5 2
1 5 14 18 24 25:40:6 10 5 9 5 5
1 5 14 15 19 23 25 30:40:3 10 5 7 6 2 5 2
1 6 13 15 19 24 25 30:40:3 9 3 7 6 5 5 2
1 5 14:24:9 10 5
3 6 12 16 19:21:1 9 1 4 6
7 9 13 17 20:21:8 5 3 2 3
2 5 13:15:2 10 3
1 6 13 15 19 24 25:38:3 9 3 7 6 5 5
1 6 14 18 19 25:37:3 9 5 9 6 5
1 5 14 18 24 25:40:6 10 5 9 5 5
1 5 14 18 24 25:40:6 10 5 9 5 5
1 5 14 18 24 25:40:6 10 5 9 5 5
1 5 14 15 19 23 25:38:3 10 5 7 6 2 5
1 5 14 15 19 23 25:38:3 10 5 7 6 2 5
1 6 14 18 19 25:37:3 9 5 9 6 5
1 6 13 15 19 24 25 27:39:3 9 3 7 6 5 5 1
1 5 14 15 19 27:40:6 10 10 7 6 1
1 5 14 18 19 25 29:41:3 10 5 9 6 5 3
1 5 14 18 24 25 26:41:6 10 5 9 5 5 1
1 14 18 19 25 29:31:3 5 9 6 5 3
1 3 5 14 15 19 23 25:39:3 1 10 5 7 6 2 5
2 9 14 16 19 22:26:2 5 5 4 6 4
19 30:8:6 2
1 6 14 18 19 25:40:6 9 5 9 6 5
1 8 18 19 24 25:34:3 6 9 6 5 5
1 5 6 13 15 19:51:3 10 9 3 14 12
1 3 5 14 18 19 25 29:42:3 1 10 5 9 6 5 3
1 6 14 15 24 25:58:6 18 5 14 10 5
1 8 14 15 19 24:35:6 6 5 7 6 5
4 5 14 15 16 19:50:8 20 5 7 4 6
1 6 13 15 19 24 25 30:40:3 9 3 7 6 5 5 2
8 22 24 30:17:6 4 5 2
2 6 14 18 24 25:35:2 9 5 9 5 5
1 6 13 15 19 24 25:38:3 9 3 7 6 5 5
1 5 14 18 19 20 25 29:50:3 10 5 9 12 3 5 3
1 6 14 18 19 25 26:38:3 9 5 9 6 5 1
1 6 14 18 19 25:37:3 9 5 9 6 5
1 6 13 14 15 24 25:37:3 9 3 5 7 5 5
1 6 13 15 19 24 25:38:3 9 3 7 6 5 5
1 5 14 15 19 23 25:38:3 10 5 7 6 2 5
1 5 14 18 24 25:40:6 10 5 9 5 5
1 7 11 13 16 19 22 25:40:3 8 1 3 4 12 4 5
1 6 14 18 19 25 30:39:3 9 5 9 6 5 2
1 6 13 15 19 24 25:38:3 9 3 7 6 5 5
5 6 11 12 14 26 29:30:10 9 1 1 5 1 3
6 21 30:14:9 1 4
3 7 13 21 22:21:2 8 6 1 4
1 6 13 15 19 24 25 27:39:3 9 3 7 6 5 5 1
6 16 17 24 29:23:9 4 2 5 3
1 6 13 15 19 24 25 30:40:3 9 3 7 6 5 5 2
1 5 14 15 19 23 25:38:3 10 5 7 6 2 5
1 5 14 18 19 25 29:41:3 10 5 9 6 5 3
1 6 14 18 19 25:37:3 9 5 9 6 5
1 6 13 15 19 24 25 28:40:3 9 3 7 6 5 5 2
1 5 14 15 19 23 25:38:3 10 5 7 6 2 5
11 14 18 24 29:28:1 5 9 10 3
1 8 14 18 19 24 25 26:40:3 6 5 9 6 5 5 1
1 6 14 18 19 25:37:3 9 5 9 6 5
6 10 14 16 22 26 29 30:47:18 6 5 8 4 1 3 2
1 3 6 13 15 19 24 25:39:3 1 9 3 7 6 5 5
2 6 13 26:19:6 9 3 1
2 9 14 16 19 22:26:2 5 5 4 6 4
1 5 14 15 19 23 25 28:40:3 10 5 7 6 2 5 2
1 6 14 18 19 25 26:38:3 9 5 9 6 5 1
2 6 13 25:19:2 9 3 5
1 5 14 15 19 23:49:9 20 5 7 6 2
1 5 14 18 24 25 28:42:6 10 5 9 5 5 2
1 14 18 19 25 29:31:3 5 9 6 5 3
2 5 14 16 19 23 25:41:4 10 10 4 6 2 5
1 5 14 19 25 29:32:3 10 5 6 5 3
1 5 14 15 19 23 25:38:3 10 5 7 6 2 5
1 6 18 19 25:32:3 9 9 6 5
1 6 14 18 19 25:37:3 9 5 9 6 5
1 14 18 19 25:28:3 5 9 6 5
1 5 14 15 19 21 23 25:39:3 10 5 7 6 1 2 5
1 6 14 15 24 25:39:3 9 10 7 5 5
1 8 14 18 19 24 25 28:41:3 6 5 9 6 5 5 2
21 23 28:6:2 2 2
1 5 14 18 19 25 29:41:3 10 5 9 6 5 3
1 6 14 25 28:29:3 9 5 10 2
1 18 20:15:3 9 3
1 5 14 18 21 24 25:41:6 10 5 9 1 5 5
3 4 15 22 26 30:24:2 8 7 4 1 2
1 5 14 18 19 25 29:41:3 10 5 9 6 5 3
1 5 8 14:24:3 10 6 5
1 5 14:21:6 10 5
1 8 14 18 19 24 25 27:40:3 6 5 9 6 5 5 1
1 8 14 18 19 24 25 27:40:3 6 5 9 6 5 5 1
1 13 15 19 24 25:29:3 3 7 6 5 5
1 6 13 15 19 24 25:38:3 9 3 7 6 5 5
6 12 16 21 23 25:38:18 1 4 1 4 10
1 6 13 15 19 24 25 27:39:3 9 3 7 6 5 5 1
1 5 14 18 24 25:40:6 10 5 9 5 5
1 6 13 15 19 25:33:3 9 3 7 6 5
8 9 11 16 17 19 28:26:6 5 1 4 2 6 2
1 6 13 15 19 24 25 27:39:3 9 3 7 6 5 5 1
1 3 5 14 15 19 23 25:39:3 1 10 5 7 6 2 5
1 5 14 18 19 25 28 29:43:3 10 5 9 6 5 2 3
7 13 16 22 25:36:16 3 4 8 5
1 5 14 15 19:37:9 10 5 7 6
1 6 14 18 19 25 30:39:3 9 5 9 6 5 2
1 5 14 18 19 25 26 29:42:3 10 5 9 6 5 1 3
1 5 10 14 18 24 25:48:6 10 3 5 9 10 5
1 6 14 18 19 21 25:38:3 9 5 9 6 1 5
4 7 14 15 19 22 25:43:4 8 5 7 6 8 5
1 6 14 18 19 25:37:3 9 5 9 6 5
1 5 14 18 24 25 30:42:6 10 5 9 5 5 2
1 5 14 15 19 23 25:38:3 10 5 7 6 2 5
1 5 14 15 19 23 25 26:39:3 10 5 7 6 2 5 1
1 3 8 14 18 19 24 25:40:3 1 6 5 9 6 5 5
1 5 14 18 24 25:40:6 10 5 9 5 5
1 5 14 18 19 21 25 29:42:3 10 5 9 6 1 5 3
1 6 13 15 19 24 25:38:3 9 3 7 6 5 5
1 5 14 18 24 25:40:6 10 5 9 5 5
1 8 14 18 24 25:33:3 6 5 9 5 5
1 8 14 18 19 24 25:39:3 6 5 9 6 5 5
1 8 14 19 24 25:30:3 6 5 6 5 5
1 3 5 13 15 19 23:38:3 1 10 3 7 12 2
1 5 14 18 19 25 29:41:3 10 5 9 6 5 3
1 6 14 18 19 25:37:3 9 5 9 6 5
1 5 14 15 19:39:6 10 10 7 6
1 8 14 18 19 24 25:39:3 6 5 9 6 5 5
1 5 14 18 19 25 29:41:3 10 5 9 6 5 3
6 14 21 24 25:25:9 5 1 5 5
1 5 14 15 19 23 25 30:40:3 10 5 7 6 2 5 2
4 5 14 18 19 25:55:4 10 10 9 12 10
3 15 18:17:1 7 9
1 5 14 15 19 23 25:38:3 10 5 7 6 2 5
5 14 15 19 23 25:35:10 5 7 6 2 5
1 3 8 14 18 19 24 25:40:3 1 6 5 9 6 5 5
1 6 13 15 19 24 25 27:39:3 9 3 7 6 5 5 1
1 5 14 18 19 25 26 29:42:3 10 5 9 6 5 1 3
1 5 14 15 19 23 25:38:3 10 5 7 6 2 5
1 8 14 18 19 24 25:39:3 6 5 9 6 5 5
2 6 13 17:20:6 9 3 2
4 5 10 21:28:4 20 3 1
4 7 14 15 19 22 25:54:4 16 5 14 6 4 5
1 5 14 18 19 25 29:41:3 10 5 9 6 5 3
1 6 13 15 19 24 25:38:3 9 3 7 6 5 5
3 12 25 29:10:1 1 5 3
1 6 14 18 19 25:37:3 9 5 9 6 5
1 8 14 18 19 24 25 26:40:3 6 5 9 6 5 5 1
2 6 13:17:2 9 6
2 5:14:4 10
2 5 13 15 19 25:35:4 10 3 7 6 5
1 8 14 18 19 24 25 27:40:3 6 5 9 6 5 5 1
3 4 22 23 29:14:1 4 4 2 3
1 8 14 18 19 24 25:39:3 6 5 9 6 5 5
1 5 14 18 24 25 26:41:6 10 5 9 5 5 1
1 6 13 15 19 24 25 30:40:3 9 3 7 6 5 5 2
1 5 7 14:26:3 10 8 5
1 5 14 15 19 23 25:38:3 10 5 7 6 2 5
1 14 18 19 24 25:33:3 5 9 6 5 5
1 5 14 18 24 25:40:6 10 5 9 5 5
1 5 14 25:23:3 10 5 5
1 6 18 19 25:32:3 9 9 6 5
2 9 14 16 19 22:26:2 5 5 4 6 4
1 5 14 15 19 23 25 27:39:3 10 5 7 6 2 5 1
1 4 8 14 18 19 24 25:52:3 4 6 5 18 6 5 5
1 6 14 25:36:3 18 10 5
1 5 14 18 19 25 29:41:3 10 5 9 6 5 3
1 6 14 18 19 25:37:3 9 5 9 6 5
1 6 14 18 19 25:37:3 9 5 9 6 5
1 5 14 18 19 25 29:41:3 10 5 9 6 5 3
1 8 14 18 19 24 25 30:41:3 6 5 9 6 5 5 2
1 5 14 15 19 23 25:38:3 10 5 7 6 2 5
1 5 14 18 24 25:40:6 10 5 9 5 5
1 3 6 14 18 19 25:38:3 1 9 5 9 6 5
17 19 23:12:2 6 4
1 6 13 15 19 24 25:38:3 9 3 7 6 5 5
1 6 13 15 19 24 25 26:39:3 9 3 7 6 5 5 1
1 8 14 18 19 24 25:39:3 6 5 9 6 5 5
1 8 12 14:18:6 6 1 5
1 6 13 15 24 25:32:3 9 3 7 5 5
1 6 18 19 25:32:3 9 9 6 5
1 5 14 18 24 25:40:6 10 5 9 5 5
1 3 6 14 18 19 25:38:3 1 9 5 9 6 5
1 6 14 18 19 25:37:3 9 5 9 6 5
1 4 10 17:15:6 4 3 2
1 8 14 18 19 24 25:39:3 6 5 9 6 5 5
1 6 13 15 19 24 25 28:40:3 9 3 7 6 5 5 2
1 6 13 15 19 24 25:38:3 9 3 7 6 5 5
1 5 14 18 19 25 28 29:43:3 10 5 9 6 5 2 3
1 7 10 13 16 19 22 25:42:3 8 3 3 4 12 4 5
1 6 14 18 19 21 25:38:3 9 5 9 6 1 5
1 8 14 18 19 24 25:39:3 6 5 9 6 5 5
1 8 14 18 19 24 25:39:3 6 5 9 6 5 5
1 8 14 18 19 24 25:39:3 6 5 9 6 5 5
1 5 14 18 24 25 27:41:6 10 5 9 5 5 1
1 5 14 18 24 25 26:41:6 10 5 9 5 5 1
1 6 14 18 19 25 27:38:3 9 5 9 6 5 1
1 5 12 14 25:27:6 10 1 5 5
1 3 5 14 18 24 25:41:6 1 10 5 9 5 5
4 6 9 13 16 23 26:33:8 9 5 3 4 2 2
1 8 14 18 19 24 25:39:3 6 5 9 6 5 5
8 13 19 25:20:6 3 6 5
2 7 9 25 27 28 30:25:2 8 5 5 1 2 2
1 5 14 18 24 25:40:6 10 5 9 5 5
1 5 14 18 24 25:40:6 10 5 9 5 5
1 5 14 18 19 25 29:41:3 10 5 9 6 5 3
1 2 6 14 15 24 25:36:3 2 9 5 7 5 5
1 5 14 15 19 23 25:38:3 10 5 7 6 2 5
1 6 13 15 19 24 25:38:3 9 3 7 6 5 5
1 8 14 18 19 24 25 28:41:3 6 5 9 6 5 5 2
1 5 14 18 19 25 29:41:3 10 5 9 6 5 3
4 12 16 21 30:12:4 1 4 1 2
1 8 14 18 19 24 25:39:3 6 5 9 6 5 5
1 8 14 18 19 24 25 26:40:3 6 5 9 6 5 5 1
1 2 18 20 26 27 28:30:3 2 18 3 1 1 2
1 10 16 22 29:21:3 3 8 4 3
1 3 5 14 18 19 25 29:42:3 1 10 5 9 6 5 3
1 5 14 18 19 25 26 29:42:3 10 5 9 6 5 1 3
1 3 5 14 18 24 25:41:6 1 10 5 9 5 5
4 7 14:17:4 8 5
2 6 13:16:4 9 3
1 6 14:25:6 9 10
1 6 14 18 19 25:37:3 9 5 9 6 5
1 5 11 14 15 19:45:6 20 1 5 7 6
1 3 6 13 15 19 24 25:39:3 1 9 3 7 6 5 5
5 12 19 23 24 28 29:29:10 1 6 2 5 2 3
1 5 14 18 24 25 30:42:6 10 5 9 5 5 2
2 9 14 16 19 22:32:2 5 5 4 12 4
1 5 14 18 19 25 27 29:42:3 10 5 9 6 5 1 3
1 6 13 19 24 25:31:3 9 3 6 5 5
1 5 14:21:6 10 5
1 3 9 17 26 28:21:3 1 10 4 1 2
1 5 14 18 24 25 30:42:6 10 5 9 5 5 2
1 6 14 18 19 25:37:3 9 5 9 6 5
5 7 12 13 17 20 28:30:10 8 2 3 2 3 2
1 6 14 18 19 25:37:3 9 5 9 6 5
4 7 14 15 19:42:4 8 10 14 6
1 8 14 18 19 24 25:39:3 6 5 9 6 5 5
1 8 14 18 19 24 25:39:3 6 5 9 6 5 5
1 7 13 16 19 22 25:37:3 8 3 8 6 4 5
1 3 5 14 18 19 25 29:42:3 1 10 5 9 6 5 3
1 5 14 24 25:31:6 10 5 5 5
1 6 14 18 19 25:37:3 9 5 9 6 5
1 5 14 18 19 25 29:41:3 10 5 9 6 5 3
1 6 13 15 19 24 25:38:3 9 3 7 6 5 5
1 5 14 18 19 25 29:41:3 10 5 9 6 5 3
3 13 17 23 24:13:1 3 2 2 5
4 8 25:26:4 12 10
1 5 14 18 24 25 27:41:6 10 5 9 5 5 1
1 5 14 18 24 25:40:6 10 5 9 5 5
1 5 14 15 19 23 25:43:3 10 5 7 6 2 10
4 5 14:33:8 20 5
5 7 9 10 15 23:43:10 16 5 3 7 2
1 6 14 18 19 25 30:39:3 9 5 9 6 5 2
3 9 10 16 22 26:25:1 5 6 8 4 1
1 6 13 15 19 21 24 25:39:3 9 3 7 6 1 5 5
2 12 16 20 23 28:17:2 2 4 3 2 4
1 5 18 24 25:35:6 10 9 5 5
1 6 14 25:22:3 9 5 5
1 5 14 15 19 21 23 25:39:3 10 5 7 6 1 2 5
1 5 14 18 25:35:6 10 5 9 5
1 6 13 15 19 24 25:38:3 9 3 7 6 5 5
1 6 14 18 19 25:37:3 9 5 9 6 5
1 5 14 18 24 25:40:6 10 5 9 5 5
1 5 14 15 19 23 25:38:3 10 5 7 6 2 5
1 8 14 18 19 24 25:39:3 6 5 9 6 5 5
1 6 13 15 19 24 25:38:3 9 3 7 6 5 5
6 18 20 26:22:9 9 3 1
1 5 13 15 19 23:31:3 10 3 7 6 2
1 6 14 18 19 25:37:3 9 5 9 6 5
1 6 14 18 19 25:37:3 9 5 9 6 5
4 5 14:19:4 10 5
1 8 14 18 19 21 24 25:40:3 6 5 9 6 1 5 5
1 6 14 18 19 21 25:38:3 9 5 9 6 1 5
1 7 13 16 19 22 25:33:3 8 3 4 6 4 5
1 6 14 16 19 28:29:3 9 5 4 6 2
1 5 14 18 19 25 29 30:43:3 10 5 9 6 5 3 2
2 6 13:25:4 18 3
1 6 14 18 19 25:37:3 9 5 9 6 5
1 7 14 16 19:35:3 8 10 8 6
1 6 13 15 19 24 25 26:39:3 9 3 7 6 5 5 1
1 5 14 18 19 25 29:41:3 10 5 9 6 5 3
1 5 13 15 19:42:6 20 3 7 6
3 8 18 26 30:19:1 6 9 1 2
1 5 14 18 24:35:6 10 5 9 5
1 6 13 15 19 24 25:38:3 9 3 7 6 5 5
18 22 23 25 30:22:9 4 2 5 2
1 5 14 18 19 25 29 30:43:3 10 5 9 6 5 3 2
1 3 6 14 18 19 25:38:3 1 9 5 9 6 5
1 5 14 15 19 23 25:38:3 10 5 7 6 2 5
2 5 13:15:2 10 3
1 6 13 15 19 24 25:38:3 9 3 7 6 5 5
3 11 16 19 21 23 26:16:1 1 4 6 1 2 1
1 5 14 18 19 25 29:41:3 10 5 9 6 5 3
2 6 13 25:19:2 9 3 5
1 5 14 26:25:9 10 5 1
1 6 13 15 19 24 25 30:40:3 9 3 7 6 5 5 2
1 7 14 16 19 22:38:3 16 5 4 6 4
1 5 14 18 19 25 29 30:43:3 10 5 9 6 5 3 2
1 8 14 18 19 24 25:39:3 6 5 9 6 5 5
1 6 14 18 19 25:37:3 9 5 9 6 5
1 6 13 15 19 24 25:38:3 9 3 7 6 5 5
1 7 13 16 19 22 25:41:3 16 3 4 6 4 5
1 3 5 14 15 19 23 25:39:3 1 10 5 7 6 2 5
1 8 10 13:15:3 6 3 3
4 7 14 15 19 22 25:46:4 8 5 14 6 4 5
1 5 14 15 19 23 25 30:40:3 10 5 7 6 2 5 2
1 8 14 18 19 24 25 26:40:3 6 5 9 6 5 5 1
1 5 14 18 24 25:40:6 10 5 9 5 5
13 14 15 18 28:26:3 5 7 9 2
1 8 14 18 19 24 25:39:3 6 5 9 6 5 5
1 5 14:21:6 10 5
1 8 14 18 19 24 25:39:3 6 5 9 6 5 5
1 5 14 18 24 25:40:6 10 5 9 5 5
4 10 16 20 22 25 29:26:4 3 4 3 4 5 3
1 3 6 14 18 19 25:38:3 1 9 5 9 6 5
2 5 13 15 19 25:45:4 20 3 7 6 5
2 6 13 15 19:27:2 9 3 7 6
1 5 14 15 19 23 25 28:40:3 10 5 7 6 2 5 2
2 9 14 16 19 22:26:2 5 5 4 6 4
1 5 14 15 19 23 25:38:3 10 5 7 6 2 5
1 5 14 15 19 21 23 25:39:3 10 5 7 6 1 2 5
1 6 13 15 19 24 25:38:3 9 3 7 6 5 5
1 6 13 15 19 24 25:38:3 9 3 7 6 5 5
19 23:14:12 2
1 4 5 14 18 19 25:42:3 4 10 5 9 6 5
4 5 14:29:4 20 5
1 6 13 15 19 24 25:38:3 9 3 7 6 5 5
1 5 14 15 19 23 25:38:3 10 5 7 6 2 5
2 7 9 10 15 23 24:37:2 8 5 6 7 4 5
1 5 14 18 19 25 29:41:3 10 5 9 6 5 3
1 8 14 18 19 21 24 25:40:3 6 5 9 6 1 5 5
1 6 14 18 19 25:37:3 9 5 9 6 5
1 5 13 14 15 19 23:49:6 20 3 5 7 6 2
1 6 13 15 19 24 25:38:3 9 3 7 6 5 5
1 6 14 18 19 25:37:3 9 5 9 6 5
1 17 30:7:3 2 2
1 6 13 15 19 24 25 26:39:3 9 3 7 6 5 5 1
1 5 14 15 19 23:33:3 10 5 7 6 2
1 8 14 18 19 24 25:39:3 6 5 9 6 5 5
1 5 14 15 19 23 25:38:3 10 5 7 6 2 5
1 5 14 18 19 25 26 29:42:3 10 5 9 6 5 1 3
16 25 29:17:4 10 3
1 5 14 18 19 25 29:41:3 10 5 9 6 5 3
6 14 18 19 25:34:9 5 9 6 5
8 12 15 26 28 29:20:6 1 7 1 2 3
1 5 14 15 19 23 25:38:3 10 5 7 6 2 5
1 6 13 15 19 24 25 27:39:3 9 3 7 6 5 5 1
5 19 27:27:20 6 1
1 5 14 18 19 21 25 29:42:3 10 5 9 6 1 5 3
1 5 14 18 24 25:40:6 10 5 9 5 5
5 14 17 24 30:24:10 5 2 5 2
1 9 12 19 21 27 30:25:3 5 1 12 1 1 2
2 26:3:2 1
1 5 14 15 19 21 23 25:39:3 10 5 7 6 1 2 5
3 6 8 9 12 24 26:28:1 9 6 5 1 5 1
1 5 14 15 19 23 25 27:39:3 10 5 7 6 2 5 1
2 6 13 16:20:4 9 3 4
4 5 14:33:8 20 5
1 5 14 15 19 23 25:38:3 10 5 7 6 2 5
1 5 14 18 24 25:40:6 10 5 9 5 5
1 5 14 15 19 23 25:38:3 10 5 7 6 2 5
1 5 14 15 19 21 23 25:39:3 10 5 7 6 1 2 5
1 5 14 19 23 25:31:3 10 5 6 2 5
1 5 14 18 24 25:40:6 10 5 9 5 5
5 10 11 16 19 30:34:10 3 1 4 12 4
2 5 13:15:2 10 3
1 6 13 15 19 24 25 28:40:3 9 3 7 6 5 5 2
3 4 8 16 22 29:22:1 4 6 4 4 3
1 6 13 15 19 24 25 30:40:3 9 3 7 6 5 5 2
1 5 14 18 24 25:40:6 10 5 9 5 5
1 8 14 18 19 24 25:39:3 6 5 9 6 5 5
1 6 13 15 19 24 25 28:40:3 9 3 7 6 5 5 2
1 8 14 18 19 24 25 28:41:3 6 5 9 6 5 5 2
1 3 6 14 18 19 25:38:3 1 9 5 9 6 5
2 6 13:18:6 9 3
1 5 14 18 24 25:40:6 10 5 9 5 5
1 6 14 18 19 25 27:38:3 9 5 9 6 5 1
1 6 14 15 24 25:39:3 9 5 7 10 5
1 5 14 18 24 25:40:6 10 5 9 5 5
1 5 14 18 24 25 27:41:6 10 5 9 5 5 1
1 9 14 25:18:3 5 5 5
1 5 14 18 19 25 29:41:3 10 5 9 6 5 3
1 5 14 15 19:34:6 10 5 7 6
1 8 14 18 19 24 25:39:3 6 5 9 6 5 5
9 11:11:10 1
1 6 14 18 19 25:37:3 9 5 9 6 5
1 6 13 15 19 24 25 28:40:3 9 3 7 6 5 5 2
1 6 14 18 19 25 27:38:3 9 5 9 6 5 1
1 3 4 5 10 16:39:3 1 4 20 3 8
1 5 14 18 19 25 29 30:43:3 10 5 9 6 5 3 2
1 5 14 15 19 23 25:38:3 10 5 7 6 2 5
1 5 14 18 24 25:40:6 10 5 9 5 5
1 5 14 15 19 23 25 26:39:3 10 5 7 6 2 5 1
1 5 14 18 24 25:40:6 10 5 9 5 5
1 5 14 15 19:39:6 10 10 7 6
1 5 14 18 24 25 26:41:6 10 5 9 5 5 1
1 5 14 15 19 23 25 27:39:3 10 5 7 6 2 5 1
1 5 14 18 24 25:40:6 10 5 9 5 5
1 6 13 15 19 24 25:38:3 9 3 7 6 5 5
1 8 14 18 19 24 25 28:41:3 6 5 9 6 5 5 2
1 5 14 15 19 23 25 27:39:3 10 5 7 6 2 5 1
2 6 8 11 13 17 19 26:30:2 9 6 1 3 2 6 1
4 5 14:33:8 20 5
1 8 14 18 19 24 25:39:3 6 5 9 6 5 5
1 5 14 18 24 25:40:6 10 5 9 5 5
6 12 17 20 22 28:30:18 1 2 3 4 2
4 6 14 18 24:32:4 9 5 9 5
1 5 14 18 19 25 26 29:42:3 10 5 9 6 5 1 3
1 3 5 14 15 19 23 25:39:3 1 10 5 7 6 2 5
10 13 17 26 30:13:3 3 2 1 4
1 5 14 24 25:31:6 10 5 5 5
7 19 26:15:8 6 1
1 5 14 18 19 29:36:3 10 5 9 6 3
1 5 14 15 19 23 25 30:40:3 10 5 7 6 2 5 2
1 5 14 15 19 23 25:38:3 10 5 7 6 2 5
1 5 14 18 19 25 26 29:61:3 20 5 18 6 5 1 3
1 5 14 25:26:6 10 5 5
1 6 14 18 19 25 28:39:3 9 5 9 6 5 2
1 8 14 18 19 24 25 30:41:3 6 5 9 6 5 5 2
4 7 12 14:18:4 8 1 5
1 6 13 15 19 24 25:38:3 9 3 7 6 5 5
3 5 6 15 24 26 29:37:2 10 9 7 5 1 3
1 8 14 18 19 24 25:39:3 6 5 9 6 5 5
2 5 14 16 19 23 25:34:2 10 5 4 6 2 5
1 6 14 18 19 25:37:3 9 5 9 6 5
1 7 14:16:3 8 5
13 20 22:10:3 3 4
1 8 14 18 19 24 25:39:3 6 5 9 6 5 5
1 5 14 19 23 25:31:3 10 5 6 2 5
1 5 14 18 19 25 29:41:3 10 5 9 6 5 3
1 5 14 18 19 25 29:41:3 10 5 9 6 5 3
1 6 14 18 19 25:37:3 9 5 9 6 5
1 5 14 18 19 25 28 29:43:3 10 5 9 6 5 2 3
1 3 5 14 18 24 25:41:6 1 10 5 9 5 5
1 3 5 14 18 19 25 29:42:3 1 10 5 9 6 5 3
1 3 8 14 18 19 24 25:40:3 1 6 5 9 6 5 5
2 6 13:16:4 9 3
1 6 13 15 19 24 25:38:3 9 3 7 6 5 5
1 5 14 15 19 23 25:38:3 10 5 7 6 2 5
8 11 18 21 25 26:23:6 1 9 1 5 1
1 6 13 15 19 24 25:38:3 9 3 7 6 5 5
1 6 14 18 19 25:37:3 9 5 9 6 5
1 5 14 15 19 21 23 25:39:3 10 5 7 6 1 2 5
1 6 13 15 19 24 25:38:3 9 3 7 6 5 5
3 4 5 7 8 27 28:35:2 4 10 8 6 1 4
1 5 14 15 19 23 25:38:3 10 5 7 6 2 5
1 5 14 18 19 25 29:41:3 10 5 9 6 5 3
5 8 17:18:10 6 2
1 5 14 15 19 23 25:38:3 10 5 7 6 2 5
1 5 14 15 19 25:36:3 10 5 7 6 5
1 5 14 18 19 25 29:41:3 10 5 9 6 5 3
3 5 10 12 13 23 28:22:1 10 3 1 3 2 2
16 27:5:4 1
2 5 13:15:2 10 3
1 6 13 15 19 24 25:38:3 9 3 7 6 5 5
1 5 14 18 24 25:40:6 10 5 9 5 5
1 6 13 15 19 24 25:38:3 9 3 7 6 5 5
1 5 14 18 24 25 26:41:6 10 5 9 5 5 1
1 8 14 18 19 24 25 28:41:3 6 5 9 6 5 5 2
1 6 13 15 19 24 25:38:3 9 3 7 6 5 5
2 6 13 29:20:2 9 6 3
1 5 14 18 19 21 25 29:42:3 10 5 9 6 1 5 3
1 4 7 9 12 14 24:31:3 4 8 5 1 5 5
2 9 14 16 19 22:30:2 5 5 8 6 4
1 5 14 15 19 21 23 25:39:3 10 5 7 6 1 2 5
24 29 30:10:5 3 2
2 8 14 15 19:26:2 6 5 7 6
1 5 14 15 19 23 25:38:3 10 5 7 6 2 5
1 8 14 18 19 24 25 30:41:3 6 5 9 6 5 5 2
1 8 14 18 19 24 25:39:3 6 5 9 6 5 5
1 6 13 15 19 24 25:38:3 9 3 7 6 5 5
2 6 7 8 11 18 25:49:2 9 16 6 2 9 5
1 6 13 15 19 24 25:38:3 9 3 7 6 5 5
1 5 13 15 19 23 30:33:3 10 3 7 6 2 2
1 5 14 18 19 25 29 30:43:3 10 5 9 6 5 3 2
1 5 14 15 19 23 25 27:39:3 10 5 7 6 2 5 1
2 8 12 14 15 19:41:4 12 1 5 7 12
1 5 14 15 19 23 25 30:40:3 10 5 7 6 2 5 2
1 5 12 13 15 19 23:35:6 10 1 3 7 6 2
1 7 14 16 19:40:3 16 5 4 12
2 9 16 24:23:4 10 4 5
1 5 14 18 19 25 29:41:3 10 5 9 6 5 3
4 5 14 18 19 25:48:4 10 5 18 6 5
1 8 14 18 19 24:34:3 6 5 9 6 5
1 5 14 15 19 23 25:38:3 10 5 7 6 2 5
1 5 14 15 19 21 23 25:39:3 10 5 7 6 1 2 5
4 5 14 18 19 25 28:41:4 10 5 9 6 5 2
1 5 14 18 19 25 29 30:43:3 10 5 9 6 5 3 2
1 6 13 15 19 24 25:38:3 9 3 7 6 5 5
4 5 9 14 15 19 25:59:4 20 5 5 14 6 5
1 5 14 15 19 23 25:43:3 10 10 7 6 2 5
1 5 14 18 19 25 29:41:3 10 5 9 6 5 3
1 6 14 18 19 25:37:3 9 5 9 6 5
1 5 14 15 19 23 25:38:3 10 5 7 6 2 5
1 5 9 13 15 30:30:3 10 5 3 7 2
1 5 14 25:26:6 10 5 5
1 5 14 18 19 21 25 29:42:3 10 5 9 6 1 5 3
1 3 5 14 18 19 25 29:42:3 1 10 5 9 6 5 3
15 23 25 26:16:7 2 5 2
1 5 14 18 24 25:40:6 10 5 9 5 5
1 6 13 15 19 25:33:3 9 3 7 6 5
1 5 14 18 24 25 27:41:6 10 5 9 5 5 1
1 6 14 18 19 25:37:3 9 5 9 6 5
1 5 14 18 19 25 29:41:3 10 5 9 6 5 3
1 5 14 18 19 25 28 29:43:3 10 5 9 6 5 2 3
1 6 13 15 19 24 25:38:3 9 3 7 6 5 5
1 5 14 15 19 23 25:44:3 10 5 7 12 2 5
8 10 12 17 26 28 30:19:6 3 1 2 1 4 2
1 6 13 15 19 24 25:38:3 9 3 7 6 5 5
1 5 14 15 19 25:36:3 10 5 7 6 5
4 5 14 25:29:4 10 5 10
2 3 25:8:2 1 5
1 6 14 18 19 25 26:38:3 9 5 9 6 5 1
3 5 13 15 19 22 24:36:1 10 3 7 6 4 5
1 5 14 18 19 25 29:41:3 10 5 9 6 5 3
1 5 6 13 22 25 29:41:3 10 9 3 8 5 3
9 12 17 25:20:5 1 4 10
1 16:7:3 4
1 3 6 14 18 19 25:38:3 1 9 5 9 6 5
2 8 13 25:16:2 6 3 5
1 9 14 25:26:6 10 5 5
5 14 18 24 25:34:10 5 9 5 5
1 5 14 18 19 25 29:41:3 10 5 9 6 5 3
1 6 14 18 19 25:37:3 9 5 9 6 5
1 8 14 18 19 24 25 26:40:3 6 5 9 6 5 5 1
1 14 15 19 23 25:28:3 5 7 6 2 5
6 8 18 20 22:35:9 6 9 3 8
1 5 14 18 24 25:40:6 10 5 9 5 5
1 6 14 18 19 25:37:3 9 5 9 6 5
1 6 14 18 19 25 27:38:3 9 5 9 6 5 1
4 5 12 15 17 23 28:30:4 10 1 7 2 2 4
1 5 14 18 24 25 28:42:6 10 5 9 5 5 2
1 6 14 16 19:35:6 9 10 4 6
1 5 14 18 19 25 28 29:43:3 10 5 9 6 5 2 3
1 5 14 15 19 23 25:38:3 10 5 7 6 2 5
2 4 7 17 26:25:2 4 16 2 1
2 6 14 18 24 25:40:2 9 5 9 5 10
1 5 14 15 19:47:9 20 5 7 6
1 5 6 14:40:6 20 9 5
1 3 6 13 15 19 24 25:39:3 1 9 3 7 6 5 5
1 3 5 14 18 19 25 29:42:3 1 10 5 9 6 5 3
4 5 14 15 19:32:4 10 5 7 6
1 8 14 18 19 24 25:39:3 6 5 9 6 5 5
1 8 14 18 19 24 25 30:41:3 6 5 9 6 5 5 2
1 5 14 18 19 25 29:41:3 10 5 9 6 5 3
1 8 14 19 24 25:30:3 6 5 6 5 5
1 5 14 18 24 25 26:41:6 10 5 9 5 5 1
4 5 14 15 19:42:4 20 5 7 6
1 8 14 18 19 24 25 30:41:3 6 5 9 6 5 5 2
1 6 14 18 19 25 27:38:3 9 5 9 6 5 1
6 18 19 23 26:28:9 9 6 2 2
1 6 13 15 19 24 25:38:3 9 3 7 6 5 5
1 6 14 18 19 25:37:3 9 5 9 6 5
1 5 14 15 19 23 25:38:3 10 5 7 6 2 5
1 8 14 18 19 24 25:39:3 6 5 9 6 5 5
1 6 13 15 19 25:33:3 9 3 7 6 5
1 5 13 15 19 23:31:3 10 3 7 6 2
1 6 13 15 19 24 25 28:40:3 9 3 7 6 5 5 2
1 6 14 20:28:6 9 10 3
1 8 14 18 19 24 25:39:3 6 5 9 6 5 5
1 6 14 18 19 25:37:3 9 5 9 6 5
1 5 14 18 19 25 29:41:3 10 5 9 6 5 3
1 5 14 15 19 23 25:38:3 10 5 7 6 2 5
1 5 14 15 19 23 25:41:6 10 5 7 6 2 5
1 5 14 18 19 25 28 29:43:3 10 5 9 6 5 2 3
1 8 14 18 19 24 25 27:40:3 6 5 9 6 5 5 1
3 6 9 10 12 13 24:27:1 9 5 3 1 3 5
1 8 14 18 19 24 25:39:3 6 5 9 6 5 5
13 16 26:8:3 4 1
1 5 14 18 24 25:40:6 10 5 9 5 5
9 11 19 25 30:22:5 2 6 5 4
1 6 13 15 19 24 25:38:3 9 3 7 6 5 5
2 6 13 15 19:29:4 9 3 7 6
1 5 14 15 19 23 25:38:3 10 5 7 6 2 5
1 5 14 15 19 23 25:38:3 10 5 7 6 2 5
1 6 14 18 19 25:37:3 9 5 9 6 5
5 9 19 21 27:23:10 5 6 1 1
1 8 14 18 19 24 25 26:40:3 6 5 9 6 5 5 1
1 6 14 18 19 25 27:38:3 9 5 9 6 5 1
1 5 14 18 19 25 29:41:3 10 5 9 6 5 3
1 5 14 18 21 24 25:41:6 10 5 9 1 5 5
2 6 13:14:2 9 3
11 20 25:9:1 3 5
1 6 13 15 19 24 25:38:3 9 3 7 6 5 5
1 8 14 18 19 24 25 27:40:3 6 5 9 6 5 5 1
1 4 9 15 17 22:29:3 4 5 7 2 8
1 6 13 15 19 24 25 26:39:3 9 3 7 6 5 5 1
1 8 14 18 19 24 25:39:3 6 5 9 6 5 5
1 5 14 18 19 25 27 29:42:3 10 5 9 6 5 1 3
1 5 14 18 19 25:38:3 10 5 9 6 5
1 7 13 16 19 22 25 29:52:3 16 3 8 6 8 5 3
1 5 14 18 19 25 29:41:3 10 5 9 6 5 3
1 5 14 15 19 23 25 30:40:3 10 5 7 6 2 5 2
1 5 14 18 24 25:40:6 10 5 9 5 5
1 5 14 18 24 25:40:6 10 5 9 5 5
1 3 6 13 15 19 24 25:39:3 1 9 3 7 6 5 5
1 5 14 18 24 25 27:41:6 10 5 9 5 5 1
1 5 14 18 24 25:40:6 10 5 9 5 5
1 6 13 15 19 24 25:38:3 9 3 7 6 5 5
1 5 14 18 19 25 29:41:3 10 5 9 6 5 3
1 5 14 18 19 25 29:41:3 10 5 9 6 5 3
1 6 14 18 19:32:3 9 5 9 6
1 8 14:14:3 6 5
1 5 14 18 19 25 29:41:3 10 5 9 6 5 3
1 3 5 14 18 24 25:41:6 1 10 5 9 5 5
1 5 14 18 24 25 26:41:6 10 5 9 5 5 1
1 6 13 15 19 24 25 28:40:3 9 3 7 6 5 5 2
1 5 14 15 19 23 25 26:39:3 10 5 7 6 2 5 1
1 5 14 18 19 25 29:41:3 10 5 9 6 5 3
1 8 14 18 19 24 25:39:3 6 5 9 6 5 5
4 5 14 15 19:41:8 10 10 7 6
1 8 14 15 19 24:41:6 6 5 7 12 5
4 11 22 29 30:18:4 1 8 3 2
16 20 25 29:15:4 3 5 3
1 5 14 18 24 25:45:6 10 5 9 10 5
1 8 14 19 24 25:30:3 6 5 6 5 5
1 5 14 18 24 25 28:42:6 10 5 9 5 5 2
17 28 29:9:2 4 3
4 5 14 18 19 25:44:4 10 10 9 6 5
1 3 5 14 18 24 25:41:6 1 10 5 9 5 5
1 5 14 15 19 23 25:38:3 10 5 7 6 2 5
1 5 14 18 24 25 27:41:6 10 5 9 5 5 1
1 7 14 16 19:26:3 8 5 4 6
12 15 17 19 27 28 30:28:1 14 2 6 1 2 2
1 6 15 19 24 25:35:3 9 7 6 5 5
1 5 14 18 24 25:40:6 10 5 9 5 5
1 5 14 25:41:6 20 10 5
1 5 14 18 19 25 29:41:3 10 5 9 6 5 3
1 8 14 18 19 24 25:39:3 6 5 9 6 5 5
1 5 14 15 19 23 25:38:3 10 5 7 6 2 5
1 18:21:3 18
6 12 20 24 26 29:25:9 1 3 5 1 6
1 5 14 18 24 25:40:6 10 5 9 5 5
1 5 14 15 19 23 25:38:3 10 5 7 6 2 5
3 20 21 27 30:11:1 6 1 1 2
1 6 13 15 19 24 25:38:3 9 3 7 6 5 5
1 6 14 18 19 25:37:3 9 5 9 6 5
1 8 14 18 19 21 24 25:40:3 6 5 9 6 1 5 5
10 11 20 25:13:3 2 3 5
1 5 14 18 24 25:40:6 10 5 9 5 5
2 6 14 18 24 25:44:2 9 5 18 5 5
1 8 14 18 19 24 25:39:3 6 5 9 6 5 5
1 5 14 18 19 25 29 30:43:3 10 5 9 6 5 3 2
1 3 5 14 15 19 23 25:39:3 1 10 5 7 6 2 5
1 8 14 18 19 24 25:39:3 6 5 9 6 5 5
1 5 14 18 19 25 29:41:3 10 5 9 6 5 3
1 5 14 15 19 23 25:38:3 10 5 7 6 2 5
1 5 13 15 17 19 23:33:3 10 3 7 2 6 2
4 6 14 18 24:50:4 18 5 18 5
1 3 5 14 18 24 25:41:6 1 10 5 9 5 5
1 5 14 15 19 23 25 30:40:3 10 5 7 6 2 5 2
1 5 14 15 19 23 25 28:40:3 10 5 7 6 2 5 2
1 5 14 15 19 23 25:38:3 10 5 7 6 2 5
1 8 14 18 19 24 25 28:41:3 6 5 9 6 5 5 2
4 5 11 14 15 19:33:4 10 1 5 7 6
18 23 26:12:9 2 1
1 6 14 18 19 25 27:38:3 9 5 9 6 5 1
1 5 14 18 24 25:40:6 10 5 9 5 5
1 6 14 18 19 21 25:38:3 9 5 9 6 1 5
1 3 8 14 18 19 24 25:40:3 1 6 5 9 6 5 5
1 5 14 15 19 26:38:9 10 5 7 6 1
1 5 14 18 19 25 29:41:3 10 5 9 6 5 3
1 5 14 15 19 23 25:38:3 10 5 7 6 2 5
1 6 14 18 19 25:37:3 9 5 9 6 5
1 7 14:16:3 8 5
1 8 14 18 19 24 25:39:3 6 5 9 6 5 5
1 6 13 15 19 24 25:38:3 9 3 7 6 5 5
1 11 13 15 27 28:20:6 1 3 7 1 2
1 5 14 18 24 25:40:6 10 5 9 5 5
1 6 14 18 19 21 25:38:3 9 5 9 6 1 5
2 11 23 27:8:2 1 4 1
1 5 14 18 24 25:40:6 10 5 9 5 5
1 6 13 15 19 24 25:38:3 9 3 7 6 5 5
1 6 14 18 19 25 27:38:3 9 5 9 6 5 1
1 5 18 19 25 29:36:3 10 9 6 5 3
9 11 12 15 19 24 30:34:5 1 1 14 6 5 2
4 7 14:17:4 8 5
2 9 14 16 19 22:33:4 10 5 4 6 4
1 6 13 15 19 24 25:38:3 9 3 7 6 5 5
1 8 14 18 19 24 25:39:3 6 5 9 6 5 5
1 6 14 18 19 21 25:38:3 9 5 9 6 1 5
1 6 14 18 19 25:37:3 9 5 9 6 5
1 5 14 18 19 21 25 29:42:3 10 5 9 6 1 5 3
1 6 13 15 19 24 25:38:3 9 3 7 6 5 5
1 8 14 18 19 24 25:39:3 6 5 9 6 5 5
1 8 14 18 19 24 25 28:41:3 6 5 9 6 5 5 2
1 6 14 18 19 25 28:39:3 9 5 9 6 5 2
1 8 14 18 19 24 25:39:3 6 5 9 6 5 5
1 5 14 15 19 21 23 25:39:3 10 5 7 6 1 2 5
4 7 12 14 15 19 22 25:45:4 8 1 5 7 6 4 10
1 8 14 18 19 24 25:53:3 6 10 18 6 5 5
1 5 14 18 24 25 30:42:6 10 5 9 5 5 2
1 5 14 18 24 25:40:6 10 5 9 5 5
6 9 11 15 25 28 30:47:18 5 1 14 5 2 2
1 5 14 18 19 25 29:41:3 10 5 9 6 5 3
1 5 14:18:3 10 5
1 5 14 15 19 27 30:44:6 10 5 14 6 1 2
1 6 14 18 19 25:37:3 9 5 9 6 5
4 5 14:29:4 20 5
1 8 14 18 19 24 25:39:3 6 5 9 6 5 5
5 14 15 24 25 26 27:39:10 10 7 5 5 1 1
1 8 14 18 19 24 25:39:3 6 5 9 6 5 5
4 5 14 18 19 25:44:4 10 10 9 6 5
1 6 14 16 19 27:28:3 9 5 4 6 1
1 3 5 14 18 24 25:41:6 1 10 5 9 5 5
1 5 14 15 19:37:9 10 5 7 6
1 6 14 18 19 25 30:39:3 9 5 9 6 5 2
19 22 24:15:6 4 5
1 6 14 18 19 25:37:3 9 5 9 6 5
4 8 14 16 18:37:4 6 5 4 18
6 12 20 22 23:22:9 1 6 4 2
1 6 14 18 19 25:37:3 9 5 9 6 5
2 8 13 22 25:23:2 6 6 4 5
1 8 14 18 19 24 25:39:3 6 5 9 6 5 5
8 9 28:19:12 5 2
1 5 14 15 19 23 25:38:3 10 5 7 6 2 5
1 4 17:9:3 4 2
4 10 11 15 22 25 28:26:4 3 1 7 4 5 2
1 6 14 18 19 25 30:39:3 9 5 9 6 5 2
1 5 14 18 24 25:40:6 10 5 9 5 5
1 6 13 15 19 24 25:38:3 9 3 7 6 5 5
2 5 13:25:2 20 3
1 6 13 15 19 24 25 26:39:3 9 3 7 6 5 5 1
1 3 8 14 18 19 24 25:40:3 1 6 5 9 6 5 5
1 6 13 15 19 24 25:38:3 9 3 7 6 5 5
1 7 11 14 16 19:32:3 8 1 10 4 6
6 11:10:9 1
2 6 13 15 19:36:2 18 3 7 6
10 16 19 21:14:3 4 6 1
4 5 14 25:24:4 10 5 5
1 6 14 18 19 25:37:3 9 5 9 6 5
1 5 14 18 24 25:40:6 10 5 9 5 5
2 8 11 13 25:17:2 6 1 3 5
1 8 14 18 19 24 25:39:3 6 5 9 6 5 5
11 17 19 20:19:2 2 12 3
1 8 14 18 19 24 25:39:3 6 5 9 6 5 5
1 8 14 18 19 24 25:39:3 6 5 9 6 5 5
1 3 5 14 18 19 25 29:42:3 1 10 5 9 6 5 3
