5 7 11 13 16 19:124:50 32 5 9 16 12
19 20 22:55:30 9 16
1 5 14 19:30:9 10 5 6
1 3 6 18:28:6 4 9 9
4 5 14 15 19 25:44:4 10 5 14 6 5
6 9 11 18 23 25:52:9 15 4 9 10 5
9 11 20:16:5 5 6
4 5 14 15 19 21 25:45:4 10 5 14 6 1 5
5 13 20 23 25:72:40 9 6 2 15
4 5 14 15 19:36:8 10 5 7 6
4 5 14 15 19:36:8 10 5 7 6
4 5 14 15 19 25:44:4 10 5 14 6 5
4 5 14 15 19:36:8 10 5 7 6
3 4 5 14 15 19:37:1 8 10 5 7 6
2 3 5 13 15 19 25:36:4 1 10 3 7 6 5
4 6 14 18 24:117:20 36 15 36 10
2 8 13 20 25:26:6 6 6 3 5
4 5 14 15 19:36:8 10 5 7 6
4 8 22 25:57:16 12 4 25
2 5 15 19 25:32:4 10 7 6 5
3 9 12 13 18:46:1 10 5 3 27
2 8 13 25:35:6 12 12 5
4 14 15 19:26:8 5 7 6
2 5 13 15 19 25:35:4 10 3 7 6 5
2 5 13 15 19 25:35:4 10 3 7 6 5
4 5 14 15 19 25:44:4 10 5 14 6 5
4 5 14 15 19 21 25:45:4 10 5 14 6 1 5
1 6 14 15 24 25:79:6 36 10 7 10 10
6 8 12 13 16:93:45 24 1 15 8
1 7 13 16 19 22 25:79:6 40 6 8 6 8 5
3 4 5 14 15 19 25:45:1 4 10 5 14 6 5
1 5 7 14 15 19:95:12 10 8 25 28 12
2 4 5 14 16 19 23 25:127:10 4 40 20 16 30 2 5
1 5 14 15 19:37:9 10 5 7 6
4 5 14 15 19 25:44:4 10 5 14 6 5
6 8 9 12 16 21:64:27 12 15 1 4 5
2 6 13:16:4 9 3
1 5 14 15 19:37:9 10 5 7 6
2 5 13 15 19 25:35:4 10 3 7 6 5
1 5 14 15 19 21:38:9 10 5 7 6 1
1 5 14 15 19:37:9 10 5 7 6
1 4 6 14 15 24 25:88:6 4 27 10 21 10 10
2 5 13 15 19 22 25:115:6 40 9 21 30 4 5
4 5 14 15 19 25:44:4 10 5 14 6 5
4 5 14 15 19 25:44:4 10 5 14 6 5
4 5 14 15 19 25:44:4 10 5 14 6 5
4 5 14 19:29:8 10 5 6
2 8 13 25:44:6 18 15 5
2 6 14 18 23 24 25:130:6 36 10 36 2 15 25
4 5 14 15 19 21 25:45:4 10 5 14 6 1 5
4 5 14 15 19 25:44:4 10 5 14 6 5
7 8 9 16 17 25:111:32 24 20 4 6 25
11 16 18:70:5 20 45
1 6 14 15 24 25:89:6 18 15 35 5 10
9 12 15 19:74:20 3 21 30
15 16 17 19 22:82:14 20 2 30 16
2 6 13 15 17 19:97:4 27 6 28 2 30
2 5 13 15 19 25:35:4 10 3 7 6 5
2 6 13 25:67:4 36 12 15
3 5 13:32:3 20 9
4 6 14 18 24:97:12 18 15 27 25
1 5 14 15 19 23 25:94:15 20 10 7 18 4 20
7 15 16 19:65:8 35 4 18
4 5 14 15 19:36:8 10 5 7 6
1 3 5 14 15 19:38:9 1 10 5 7 6
4 5 14 15 19 25:44:4 10 5 14 6 5
4 5 14 15 19 21 25:45:4 10 5 14 6 1 5
1 5 14 15 19:37:9 10 5 7 6
2 8 25:27:6 6 15
4 5 14 15 19 25:44:4 10 5 14 6 5
4 5 14 15 19 21 25:45:4 10 5 14 6 1 5
4 5 14 15 19 25:44:4 10 5 14 6 5
1 5 14 15 19:37:9 10 5 7 6
4 5 14 15 19 25:44:4 10 5 14 6 5
1 5 14 25:67:12 40 10 5
2 5 14 16 19 23 25:106:2 40 5 16 30 8 5
7 14 16 22 23:70:16 20 16 16 2
1 6 13 22:31:3 18 6 4
2 5 13 15 19 25:35:4 10 3 7 6 5
2 5 13 15 19 25:35:4 10 3 7 6 5
1 3 6 13 15 19 24 25:89:15 1 18 12 7 6 25 5
2 6 9 14 18 24 25:90:4 18 5 25 18 15 5
4 5 14 15 19:36:8 10 5 7 6
1 5 9 21 22 24:112:6 40 25 1 20 20
1 6 14 24 25:101:15 36 20 5 25
2 5 13 15 19 21 25:36:4 10 3 7 6 1 5
1 5 7 8 16:105:3 30 40 12 20
1 3 5 14:56:15 1 30 10
2 11 12 13 14 24:28:2 1 2 3 5 15
2 5 13 15 19:30:4 10 3 7 6
2 5 13 15 19 21 25:36:4 10 3 7 6 1 5
4 5 14 15 19 25:44:4 10 5 14 6 5
4 7 8 15 16 25:115:20 24 12 28 16 15
8 15 17 24:57:24 7 6 20
9 11 24:44:15 4 25
3 15 18:27:4 14 9
2 5 13 15 19 25:35:4 10 3 7 6 5
2 5 13 15 19 25:35:4 10 3 7 6 5
1 9 14 25:54:9 25 15 5
1 5 14:32:12 10 10
1 4 5 14:68:9 4 30 25
1 5 14 15 19:37:9 10 5 7 6
4 5 14 15 19:36:8 10 5 7 6
1 5 14 15 19 23 25:80:6 30 5 14 6 4 15
1 5 6 13 15 19 24 25:146:15 10 36 15 28 12 10 20
1 3 7 12 25:57:15 4 8 5 25
1 5 11 16 17:52:9 20 5 16 2
1 5 14 15 19:37:9 10 5 7 6
2 5 13 15 19 25:35:4 10 3 7 6 5
2 18 22 25:76:4 45 12 15
1 5 14 15 19:37:9 10 5 7 6
4 5 9 14 15 19 25:115:20 10 5 10 21 24 25
2 9 18 20 23 24:70:2 10 36 9 8 5
4 5 14 15 19 25:44:4 10 5 14 6 5
4 5 14 15 19:36:8 10 5 7 6
7 9 14 25:82:32 25 15 10
4 5 14 15 19 25:44:4 10 5 14 6 5
4 5 14 15 19 25:44:4 10 5 14 6 5
2 6 13 25:24:2 9 3 10
1 5 14 25:36:6 10 10 10
4 5 14:83:8 50 25
4 5 14 15 19:36:8 10 5 7 6
7 17 24:64:40 4 20
2 8 14 15 19:92:2 6 25 35 24
4 5 14 15 19 21:37:8 10 5 7 6 1
1 5 14 15 19:37:9 10 5 7 6
2 5 7 13 15 19 25:138:10 50 8 6 21 18 25
1 11 22 25:33:3 1 4 25
1 7 13 16 19 22 25:153:9 40 15 20 24 20 25
2 5 13 15 19 21 25:36:4 10 3 7 6 1 5
1 5 14 15 19 21:38:9 10 5 7 6 1
1 6 14 16 19:70:9 9 20 20 12
1 5 14 15 19:37:9 10 5 7 6
19 22 25:37:18 4 15
1 5 13 15 19 23:93:6 20 9 28 24 6
4 5 14 15 19:101:16 40 25 14 6
3 5 9 23:26:3 10 5 8
1 5 13 15 19 23:133:15 50 3 35 24 6
1 9 14 25:43:3 20 15 5
4 5 14 15 19 21 25:45:4 10 5 14 6 1 5
1 2 4 14 17 21:72:15 10 12 25 8 2
2 5 13 15 19 25:35:4 10 3 7 6 5
4 5 14 15 19 25:44:4 10 5 14 6 5
6 15 17:54:18 28 8
1 5 12 13 15 19:67:3 10 1 9 14 30
3 5 8 10 16 23 25:96:2 20 24 3 12 10 25
4 5 14 15 19:36:8 10 5 7 6
2 20 21 23:22:2 9 1 10
1 5 14 15 19:37:9 10 5 7 6
4 12 20:24:16 2 6
2 6 13 17:70:8 45 15 2
4 5 14 15 19 25:44:4 10 5 14 6 5
2 5 13 15 19 21 25:36:4 10 3 7 6 1 5
4 5 14 15 19:36:8 10 5 7 6
1 5 14 15 19:37:9 10 5 7 6
1 5 14 18 24 25:84:6 20 20 18 5 15
4 5 14 15 25:38:4 10 5 14 5
3 9 10 11 20:33:5 15 3 4 6
4 5 14 15 19:94:12 40 10 14 18
2 5 13 15 19:30:4 10 3 7 6
3 4 5 14 15 19:37:1 8 10 5 7 6
7 9 11 13 16 17 24:107:24 25 4 3 16 10 25
2 9 14 16 19 22:122:8 25 25 20 24 20
4 5 14 15 19 25:44:4 10 5 14 6 5
9 20 25:24:5 9 10
4 5 14 15 19:128:12 50 20 28 18
8 22 25:48:18 20 10
2 5 13 15 19 25:35:4 10 3 7 6 5
2 5 13 15 19 25:35:4 10 3 7 6 5
5 14 15 19:28:10 5 7 6
4 5 14 15 19 21:37:8 10 5 7 6 1
4 5 14 15 19 25:44:4 10 5 14 6 5
4 5 14 15 19:36:8 10 5 7 6
2 9 14 16 19 22:50:10 5 5 4 18 8
4 5 14 15 19:36:8 10 5 7 6
5 14 15 19 25:40:10 5 14 6 5
2 6 13 15 16 19:85:6 18 6 21 4 30
1 7 14 16 19:50:6 8 10 8 18
4 5 14 15 19:36:8 10 5 7 6
4 5 14 15 19 21:37:8 10 5 7 6 1
2 5 13 19 25:28:4 10 3 6 5
4 5 14 15 19:36:8 10 5 7 6
6 9 11 12 19 24:110:27 20 3 5 30 25
1 5 14:47:12 10 25
6 18 19 20:99:27 36 30 6
4 5 14 19 25:30:4 10 5 6 5
1 14 15 16 18 24:88:12 10 7 8 36 15
1 6 8 11 14 23:87:12 36 12 2 15 10
4 7 14:56:12 24 20
1 4 7 14 16 19 22:61:6 4 16 15 4 12 4
2 3 5 13 15 19 25:36:4 1 10 3 7 6 5
1 5 13 15 19 23:76:12 10 6 28 18 2
2 8 13 22 25:54:8 18 9 4 15
1 5 14 15 19:37:9 10 5 7 6
4 5 14 15 19:36:8 10 5 7 6
1 7 14 16 19 22:94:6 32 10 20 6 20
1 5 14:68:3 40 25
1 7 14 16 19 22:118:15 40 15 12 24 12
4 5 14 15 19:36:8 10 5 7 6
1 3 5 14 15 19:38:9 1 10 5 7 6
4 5 14 15 19:104:12 30 25 7 30
3 5 8 11 23:38:5 10 12 1 10
1 3 5 14 15 19:38:9 1 10 5 7 6
5 9 11 17 18 23:38:10 5 1 2 18 2
1 6 14:35:6 9 20
4 14 15 19:26:8 5 7 6
2 5 13 15 19 25:35:4 10 3 7 6 5
1 5 14 15 19:37:9 10 5 7 6
1 9 14 18 25:76:12 10 20 9 25
2 6 13 15 19:73:2 27 6 14 24
1 5 14 15 19:37:9 10 5 7 6
2 5 13 15 19 25:35:4 10 3 7 6 5
3 4 5 14 15 19:37:1 8 10 5 7 6
1 5 14 15 19 21:38:9 10 5 7 6 1
1 5 14 15 19:37:9 10 5 7 6
4 5 14 15 19 25:44:4 10 5 14 6 5
2 5 13 15 19 21 25:36:4 10 3 7 6 1 5
13 16 22:37:9 20 8
4 5 14 15 19 20:77:16 10 15 21 12 3
4 5 14 15 19:36:8 10 5 7 6
2 6 13 15 19:74:8 9 12 21 24
1 5 14 15 19:65:3 10 20 14 18
1 6 14 15 24 25:75:15 9 10 21 15 5
1 5 14 15 19:37:9 10 5 7 6
12 13 15 18 21 23:54:5 9 14 18 2 6
4 5 14 18 19 25:163:20 50 10 45 18 20
4 5 14 15 19:36:8 10 5 7 6
2 5 13 15 19 21 25:36:4 10 3 7 6 1 5
1 5 14 19:58:12 30 10 6
4 5 14 15 19:36:8 10 5 7 6
2 6 9 10 13 20:90:10 36 20 3 6 15
2 3 5 13 15 19 25:36:4 1 10 3 7 6 5
2 19 22 24:39:8 18 8 5
1 8 14 18 19 24 25:102:6 18 5 18 30 20 5
1 7 14:39:6 8 25
7 17 20 22 23:56:24 6 12 12 2
2 6 13 14 18 24 25:86:6 9 3 25 18 10 15
1 5 14 15 19:37:9 10 5 7 6
2 5 13 15 19 25:35:4 10 3 7 6 5
1 5 14 15 19:37:9 10 5 7 6
4 5 14 15 19:36:8 10 5 7 6
4 5 14 15 19:36:8 10 5 7 6
4 5 14 15 19 25:44:4 10 5 14 6 5
2 5 13 15 19 25:35:4 10 3 7 6 5
2 5 13 15 19 25:35:4 10 3 7 6 5
4 5 14 15 19:36:8 10 5 7 6
2 11 12 13 22 24:37:2 3 4 3 20 5
3 4 5 14 15 19:37:1 8 10 5 7 6
2 5 13 15 19 25:35:4 10 3 7 6 5
5 10 17:46:30 6 10
6 7 15 19 21 25:141:45 40 7 30 4 15
10 12 13 17 22 25:75:15 1 12 6 16 25
4 5 14 15 19:68:16 20 5 21 6
9 18 20 21 25:78:25 18 9 1 25
3 4 5 14 15 19 25:45:1 4 10 5 14 6 5
1 3 5 14 15 19:38:9 1 10 5 7 6
1 5 14 22 25:93:9 50 5 4 25
3 7 8 21:62:5 24 30 3
3 6 18 24:84:1 27 36 20
2 6 12 14 18 24 25:123:10 45 1 15 27 15 10
4 5 14 15 19 25:44:4 10 5 14 6 5
1 5 6 14:86:12 40 9 25
1 3 5 14 15 19:38:9 1 10 5 7 6
2 5 13 15 19 25:35:4 10 3 7 6 5
2 5 18:58:10 30 18
4 5 14 15 19 25:44:4 10 5 14 6 5
4 5 14 15 19:36:8 10 5 7 6
4 7 14 15 19:65:8 8 15 28 6
10 13 14 24 25:49:6 3 15 15 10
3 4 5 14 15 19 25:45:1 4 10 5 14 6 5
15 24 25:49:14 10 25
1 5 14:72:12 40 20
4 5 14 15 19 25:44:4 10 5 14 6 5
2 5 13 15 19 25:35:4 10 3 7 6 5
1 3 5 14 15 19:38:9 1 10 5 7 6
2 3 5 13 15 19 25:36:4 1 10 3 7 6 5
1 5 14 19:30:9 10 5 6
2 5 13 15 19 25:35:4 10 3 7 6 5
2 5 13 15 19 25:35:4 10 3 7 6 5
2 5 13 15 19 25:35:4 10 3 7 6 5
1 5 14 15 19:37:9 10 5 7 6
2 11 17 18:19:2 4 4 9
4 5 14 15 19 25:44:4 10 5 14 6 5
1 5 14 15 19 21:38:9 10 5 7 6 1
2 5 13 15 19 21 25:36:4 10 3 7 6 1 5
1 5 14:54:9 40 5
1 5 13 14 15 19 23 25:58:9 10 3 10 7 6 8 5
4 5 14 15 19 21 25:45:4 10 5 14 6 1 5
10 15 16 17:60:15 21 20 4
6 10 17 18 23:72:18 9 10 27 8
1 10 11 14 23 24:47:12 9 2 10 4 10
1 3 5 14 15 19:38:9 1 10 5 7 6
1 5 14 15 19 21:38:9 10 5 7 6 1
8 10 23:23:12 9 2
4 5 14 15 19 21 25:45:4 10 5 14 6 1 5
1 5 13 15 18 19:57:15 10 3 14 9 6
2 7 8 14 15 19:83:4 8 18 15 14 24
1 7 21 23:19:3 8 4 4
1 5 14 15 19:37:9 10 5 7 6
1 7 11:43:6 32 5
2 5 13 15 19 21 25:36:4 10 3 7 6 1 5
1 5 14 15 19:37:9 10 5 7 6
4 5 14 15 19 25:44:4 10 5 14 6 5
3 4 10 16:38:5 20 9 4
2 5 13 15 19 25:35:4 10 3 7 6 5
2 6 14 18 24 25:149:4 45 25 45 10 20
3 4 5 14 15 19 25:45:1 4 10 5 14 6 5
1 6 14 16 19:55:3 9 15 4 24
1 7 13 16 19 20 22 25:108:12 32 12 8 12 3 4 25
4 7 14:67:12 40 15
6 15 16 18:59:9 21 20 9
4 5 14 15 19:36:8 10 5 7 6
8 15 17 21 24:78:18 28 10 2 20
1 5 14 15 19:37:9 10 5 7 6
2 3 5 13 15 19 25:36:4 1 10 3 7 6 5
2 4 14 21 22:26:4 8 5 5 4
4 5 14:46:16 10 20
3 4 5 14 15 19 25:45:1 4 10 5 14 6 5
1 2 5 14:52:15 2 10 25
4 5 14 15 19 25:44:4 10 5 14 6 5
1 5 14:68:3 50 15
4 5 14:70:20 40 10
4 5 14 25:67:12 20 25 10
3 4 5 14 15 19:37:1 8 10 5 7 6
5 12 20:49:30 4 15
1 8 14 18 19 24 25:114:12 24 15 36 12 5 10
1 5 14 25:62:12 20 15 15
4 5 14 15 19:36:8 10 5 7 6
4 5 20 22:59:20 20 3 16
2 5 13:31:2 20 9
4 5 14 15 19:36:8 10 5 7 6
1 5 14 15 19:37:9 10 5 7 6
2 11 23:15:8 3 4
1 12 20 22 23:29:3 5 3 12 6
1 5 12 14 15 19:99:12 20 1 20 28 18
8 9 14:49:24 10 15
1 5 14 15 19:37:9 10 5 7 6
2 8 14 15 19 22:91:2 6 20 35 24 4
1 5 14 15 19:37:9 10 5 7 6
4 14 16 20 21:48:4 20 20 3 1
2 5 13 15 19 21 25:36:4 10 3 7 6 1 5
4 6 14 18 24:114:16 27 15 36 20
2 5 13 15 19 25:35:4 10 3 7 6 5
1 6 7 16 18 23:127:6 27 40 16 36 2
5 6 7 18 19:108:10 36 8 36 18
2 14 20 25:57:4 25 3 25
2 5 13 15 19 25:35:4 10 3 7 6 5
4 5 14 15 19:36:8 10 5 7 6
2 5 13 15 19 25:35:4 10 3 7 6 5
2 5 13 15 19 25:35:4 10 3 7 6 5
12 16 23:26:2 20 4
4 5 14 15 19 21 25:45:4 10 5 14 6 1 5
1 3 7 20 25:50:3 2 16 9 20
1 5 14 15 19:37:9 10 5 7 6
2 5 13 15 19 25:35:4 10 3 7 6 5
1 5 14 15 19 21:38:9 10 5 7 6 1
4 5 14 19:67:16 30 15 6
4 5 14 15 19 25:44:4 10 5 14 6 5
6 20 24:36:18 3 15
2 5 13 15 19 25:35:4 10 3 7 6 5
3 5 9 10 12 25:59:3 10 20 6 5 15
4 7 14:77:12 40 25
1 5 14 15 19:37:9 10 5 7 6
1 5 13 15 18 19:94:9 30 9 7 9 30
1 8 9 10 13 19:71:6 6 5 15 9 30
1 5 14 15 19:37:9 10 5 7 6
3 7 23 25:32:3 16 8 5
1 5 14:18:3 10 5
4 5 14 15 19 25:44:4 10 5 14 6 5
3 4 5 14 15 19:37:1 8 10 5 7 6
4 5 14 15 19:36:8 10 5 7 6
1 7 13 16 19 22 25:95:12 32 3 12 6 20 10
1 3 5 14 15 19:38:9 1 10 5 7 6
4 5 14 15 19:36:8 10 5 7 6
1 2 14 15:50:3 2 10 35
4 5 14 15 19:82:4 10 15 35 18
5 8 15:90:50 12 28
7 8 11 16 21 22:68:32 6 4 12 2 12
1 7 12 13 16 19 22 25:124:12 32 1 15 12 24 8 20
1 5 14 15 19:37:9 10 5 7 6
2 5 13 15 19 25:35:4 10 3 7 6 5
1 5 14 15 19 23 25:151:12 50 5 21 30 8 25
11 12 16 17 18 24:76:3 4 8 10 36 15
2 3 9 18 20 25:76:4 3 20 27 12 10
5 14 15 19:28:10 5 7 6
7 12 16 17:27:8 3 12 4
1 5 14 15:31:9 10 5 7
2 3 4 9 19 24:86:10 4 12 25 30 5
4 5 14 15 19:36:8 10 5 7 6
2 6 13:41:8 18 15
2 6 10 13:58:4 45 3 6
6 14 15 16 18:121:45 10 14 16 36
3 5 6 9 18 21:78:4 10 9 15 36 4
1 2 3 24:41:6 10 5 20
2 5 13 15 19 25:35:4 10 3 7 6 5
1 5 14 15 19:37:9 10 5 7 6
4 5 14 15 19:36:8 10 5 7 6
4 5 14 15 19:36:8 10 5 7 6
4 5 14 15:30:8 10 5 7
1 2 14 18:36:3 4 20 9
2 5 13 15 19 25:35:4 10 3 7 6 5
4 5 14 15 19 21:37:8 10 5 7 6 1
4 5 14 15 19:36:8 10 5 7 6
6 10 17 18 20 22 25:75:9 3 10 9 9 20 15
4 5 14 15 19 25:44:4 10 5 14 6 5
2 4 12 15:58:6 20 4 28
4 5 14:78:8 50 20
2 5 14 16 22:42:6 10 10 4 12
4 5 14 15 19 25:44:4 10 5 14 6 5
7 9 18 19 22 24:111:8 10 45 12 16 20
2 13 15 19 25:25:4 3 7 6 5
1 5 14 15 19:37:9 10 5 7 6
2 8 13 25:37:6 18 3 10
2 5 13:67:2 50 15
4 5 14 15 19 25:44:4 10 5 14 6 5
1 7 13 16 19 22 25:106:9 16 12 16 24 4 25
2 6 13:50:2 36 12
1 3 5 14 15 19:38:9 1 10 5 7 6
1 5 14 25:69:9 50 5 5
4 7 14 15 19 22 25:151:4 32 5 35 30 20 25
9 14 15:42:20 15 7
1 7 14 16 19:68:9 32 5 4 18
1 8 14 18:37:12 6 10 9
2 6 13 15 19:88:6 36 12 28 6
1 7 14:47:3 24 20
4 6 7 13 20:65:4 36 16 6 3
3 5 10 15 20:80:5 50 15 7 3
4 5 14 15 19 25:44:4 10 5 14 6 5
1 3 4 6 14 16:68:6 1 12 27 10 12
1 6 14 18 19 25:90:3 18 15 9 30 15
2 5 13 15 19 25:35:4 10 3 7 6 5
1 5 14:33:3 10 20
4 5 14 15 19:36:8 10 5 7 6
4 5 14 15 19:36:8 10 5 7 6
4 5 14 19 25:30:4 10 5 6 5
4 5 14 15 19 25:44:4 10 5 14 6 5
1 5 14 15:31:9 10 5 7
1 5 14 15 19:37:9 10 5 7 6
1 5 14 15 19:37:9 10 5 7 6
4 5 14 15 19 25:44:4 10 5 14 6 5
1 5 14 15 19:37:9 10 5 7 6
2 5 13 15 19 25:35:4 10 3 7 6 5
4 14 15 19 25:34:4 5 14 6 5
1 16 17 20 23:52:9 20 4 9 10
4 5 14 15 19 25:139:4 50 25 21 24 15
1 5 14 24 25:88:3 30 25 5 25
3 7 18:58:5 8 45
2 5 8 10 18 19:116:6 20 24 3 45 18
4 5 14 15 19 25:44:4 10 5 14 6 5
2 5 13 15 19 25:35:4 10 3 7 6 5
1 5 6 16 22 23:91:9 50 18 4 4 6
4 5 14 15 19:36:8 10 5 7 6
4 5 14 15 19 25:44:4 10 5 14 6 5
3 4 5 14 15 19:37:1 8 10 5 7 6
2 5 11 13:67:10 50 1 6
1 5 14 15 19:37:9 10 5 7 6
4 5 14 15 19:36:8 10 5 7 6
2 3 5 23 25:33:4 5 10 4 10
1 5 13 15 19:94:9 30 9 28 18
4 7 14 15 19 22 25:132:20 8 20 28 24 12 20
1 5 14 15 19:37:9 10 5 7 6
1 5 14 15 19:37:9 10 5 7 6
4 5 14 15 19 25:44:4 10 5 14 6 5
1 7 14 16 19 22:78:6 8 10 8 30 16
1 5 14 15 19:37:9 10 5 7 6
2 5 13 15 19 25:35:4 10 3 7 6 5
4 5 14:51:16 30 5
4 5 14 15 19:36:8 10 5 7 6
4 9 11 18 19 21 25:111:12 25 3 27 18 1 25
2 5 13 15 19 25:35:4 10 3 7 6 5
4 5 14 15 19:36:8 10 5 7 6
2 5 13 15 19 25:35:4 10 3 7 6 5
1 5 14 15 19:37:9 10 5 7 6
3 4 15 19:59:1 12 28 18
3 4 5 14 15 19:37:1 8 10 5 7 6
1 5 14 15 19:109:9 40 20 28 12
4 5 14 15 19 21:37:8 10 5 7 6 1
2 3 5 13 15 19 25:36:4 1 10 3 7 6 5
4 13 16 20 24:65:20 9 4 12 20
1 5 14 15 19:37:9 10 5 7 6
4 14 15 19 25:34:4 5 14 6 5
4 5 14 15 19:75:4 20 10 35 6
1 3 5 14 15 19:95:15 1 50 10 7 12
1 5 14 15 19:72:12 10 5 21 24
2 13 15 19 25:25:4 3 7 6 5
6 7 9 14 20 21:78:18 32 5 10 12 1
1 2 5 13 15 19 23:124:15 2 50 15 28 6 8
4 5 14 15 19:36:8 10 5 7 6
3 4 6 8 18 21:110:2 20 18 24 45 1
4 5 6 14 15 19 25:134:12 30 9 25 21 12 25
4 5 14 15 19 25:44:4 10 5 14 6 5
2 5 13 15 19 25:35:4 10 3 7 6 5
4 5 14 15 19 21 25:45:4 10 5 14 6 1 5
1 5 14:37:12 10 15
1 5 13 15 19 23:111:15 30 15 35 6 10
1 6 14 22 25:102:3 45 25 4 25
3 4 5 14 15 19:37:1 8 10 5 7 6
3 4 5 14 15 19:37:1 8 10 5 7 6
2 5 13 15 19 25:35:4 10 3 7 6 5
4 5 14 15 19 25:44:4 10 5 14 6 5
