7 11 15 16:51:32 4 7 8
1 6 10 14 18 19 25:129:3 27 3 10 36 30 20
1 6 14 15 24 25:131:9 36 25 21 20 20
1 3 5 14:25:9 1 10 5
1 5 14 15 19:37:9 10 5 7 6
4 5 14 15 19:36:8 10 5 7 6
1 3 5 14:32:6 1 20 5
1 3 6 14:26:6 1 9 10
1 5 14 15 19:37:9 10 5 7 6
1 7 14 16:42:12 16 10 4
1 5 14:50:15 10 25
1 5 14 21:25:9 10 5 1
2 6 13 15 19 23:75:10 18 12 21 12 2
1 5 14 15 19:37:9 10 5 7 6
4 5 14 15 19 21:37:8 10 5 7 6 1
1 5 13 15 19 23:50:3 10 15 14 6 2
3 7 12 21 22 25:68:3 24 5 3 8 25
4 6 14 18 24:78:4 9 5 45 15
1 11 15 16 18:99:9 3 35 16 36
10 13 16 20:35:9 15 8 3
1 5 14 21:25:9 10 5 1
1 6 7 11 14 25:65:6 27 8 4 10 10
2 6 13 15 19 25:78:2 9 15 35 12 5
1 5 14 15 19:34:6 10 5 7 6
1 8 14 18 19 24 25:116:3 24 25 9 30 10 15
4 5 14:33:8 20 5
1 5 14 15 19 21:38:9 10 5 7 6 1
6 17 18:67:18 4 45
2 5 14 16 19 23 25:77:2 10 15 20 18 2 10
1 3 5 14:32:6 1 20 5
4 5 14 15 19:36:8 10 5 7 6
2 6 13 15 19 25:110:6 36 12 21 30 5
4 7 14 15 19 22 25:99:16 16 15 21 12 4 15
1 5 14 15 19:37:9 10 5 7 6
9 18 21 22:42:15 9 2 16
2 5 14 16 19 23 24 25:86:8 10 5 12 24 2 5 20
1 8 14 18 19 24 25:71:9 12 5 9 6 5 25
4 5 14:33:8 20 5
1 5 14 15 19:34:6 10 5 7 6
1 5 14:28:3 20 5
4 5 14 15 19 25:131:12 30 25 14 30 20
1 5 14 15 19:34:6 10 5 7 6
9 16 20 23:56:25 20 9 2
1 5 14 18 24 25:148:15 50 25 18 20 20
1 5 14 15 19:34:6 10 5 7 6
1 5 14 15 19:37:9 10 5 7 6
4 5 14 15 19:82:16 10 25 7 24
4 5 14 16:31:12 10 5 4
1 5 14:31:6 20 5
5 14 15 19:28:10 5 7 6
1 3 5 14:32:6 1 20 5
1 9 14 16 25:76:12 20 25 4 15
1 5 14:24:9 10 5
1 6 14:59:12 27 20
1 5 14:56:6 40 10
1 14:11:6 5
1 3 10 18:46:15 1 12 18
4 5 14 15 19:94:4 50 15 7 18
2 6 13:22:4 9 9
4 5 14 15 19:36:8 10 5 7 6
1 3 6 14:26:6 1 9 10
1 5 14 21:25:9 10 5 1
1 9 10 21:27:9 5 9 4
12 19 20:16:1 12 3
4 8 20 21 22 23:50:12 18 6 4 8 2
9 14 24:75:25 25 25
1 5 14 18 24 25:65:6 10 20 9 15 5
2 7 8 13 18:57:4 8 18 9 18
1 3 5 14:32:6 1 20 5
1 6 14 21:26:6 9 10 1
4 5 14 15 19:95:4 20 20 21 30
1 3 5 10 11 17 20:102:15 1 50 12 1 8 15
3 4 5 14:34:1 8 20 5
1 5 14 15 19:34:6 10 5 7 6
2 9 13 14 16 19 22:67:2 5 3 25 16 12 4
1 5 14:31:6 20 5
1 8 19 24 25:92:6 30 6 25 25
1 5 14 15 18 19:88:9 10 15 21 9 24
1 5 14 15 19:34:6 10 5 7 6
1 7 13 14 16 19 22:105:3 24 3 25 4 30 16
4 5 14 15 19:36:8 10 5 7 6
1 5 14 15 19 21:35:6 10 5 7 6 1
1 5 14:31:6 20 5
3 4 5 14 15 19:37:1 8 10 5 7 6
4 7 10 14 15 19:95:4 24 3 20 14 30
4 5 14 15 19:110:16 30 25 21 18
3 4 5 14 15 19:37:1 8 10 5 7 6
1 5 14 15 19:37:9 10 5 7 6
2 5 14 16 19 23 25:113:6 30 25 12 18 2 20
2 5 15 17 21 25:59:8 10 7 6 3 25
1 5 14 15 19:37:9 10 5 7 6
2 18 19 21:68:6 27 30 5
4 7 9 12 21:52:8 16 20 3 5
2 5 14 16 19 23 24 25:106:6 30 25 4 24 2 5 10
1 5 14 25:94:9 40 25 20
1 5 13 15 19:105:15 20 12 28 30
1 7 14 16 19 22:69:3 16 10 8 24 8
1 6 14:25:6 9 10
4 5 14:75:20 50 5
3 12 13 15 21:21:2 5 3 7 4
1 6 14 16 19:75:6 9 20 16 24
4 11 12 20 23 24:39:12 4 1 6 6 10
3 7 20 23:57:1 40 6 10
1 6 14 21:26:6 9 10 1
4 5 14 25:82:12 40 5 25
1 5 14 15 19:37:9 10 5 7 6
1 5 14 15 19:37:9 10 5 7 6
5 10 13 14 15 17:73:20 3 3 15 28 4
5 14 15 19:28:10 5 7 6
7 8 11 12 15 22:46:8 6 2 4 14 12
3 11 15 18 20 23 25:54:2 3 14 9 9 2 15
6 9 13 18 25:81:18 5 3 45 10
1 8 14:53:9 24 20
4 5 14 15 17 19 25:93:16 20 10 14 2 6 25
1 5 14 15 19:34:6 10 5 7 6
4 5 14:33:8 20 5
1 8 14:31:15 6 10
1 3 5 14:32:6 1 20 5
1 5 14 15 19:34:6 10 5 7 6
1 5 14 25:62:12 30 10 10
1 3 6 14:26:6 1 9 10
5 10 12 13:66:50 3 1 12
6 10 19 22:85:36 15 30 4
1 5 14:24:9 10 5
3 16 20 24:46:1 16 9 20
4 5 14 15 19 21:37:8 10 5 7 6 1
4 5 14:33:8 20 5
8 23 24:15:6 4 5
4 5 14 15 19:36:8 10 5 7 6
9 10 12 13 14:55:25 3 4 3 20
1 5 14 15 19:60:6 10 5 21 18
4 7 14:29:16 8 5
1 6 14:25:6 9 10
1 5 14 21:32:6 20 5 1
4 5 14:33:8 20 5
1 5 14:38:3 10 25
2 14 22 24:78:8 25 20 25
2 4 7 16 21 23 24:94:2 20 32 20 3 2 15
1 5 14 25:48:3 20 20 5
4 20 21:32:16 15 1
1 5 14 15 19:34:6 10 5 7 6
1 5 14 15 19:34:6 10 5 7 6
1 5 14 15 19:37:9 10 5 7 6
1 5 14 21:32:6 20 5 1
1 5 14 21:25:9 10 5 1
1 5 14 15 19:37:9 10 5 7 6
2 6 13:37:4 27 6
2 6 14 18 21 24 25:116:8 36 10 36 1 10 15
9 15 20 25:48:5 21 12 10
8 11 17 19:43:24 5 2 12
4 5 14 15 19:36:8 10 5 7 6
1 5 14:31:6 20 5
1 5 14:31:6 20 5
1 6 14:25:6 9 10
4 5 14:33:8 20 5
2 6 13 15 19:67:8 18 3 14 24
2 12 17 21 22 23:39:10 2 10 5 4 8
3 6 13 15 17 18:111:5 27 9 28 6 36
4 5 14 15 19:36:8 10 5 7 6
1 7 14 16 19 22:82:9 16 25 4 12 16
1 7 14:64:9 40 15
1 5 14 21:25:9 10 5 1
12 20 24 25:36:2 9 15 10
2 5 6 14 16 19 23 25:103:8 20 9 10 4 24 8 20
1 5 14 15 19 21:38:9 10 5 7 6 1
1 5 14 23:36:9 20 5 2
1 5 14 15 19:34:6 10 5 7 6
1 3 5 14:32:6 1 20 5
2 6 13 19:68:8 45 9 6
1 7 14 16 19:95:12 8 25 20 30
2 8 13 25:21:4 6 6 5
2 6 14 18 24 25:53:10 9 5 9 5 15
1 5 14 25:46:6 20 10 10
4 5 14 15 19 21:37:8 10 5 7 6 1
1 5 14 15 19:37:9 10 5 7 6
4 8 13 17 19 23:57:12 12 15 6 6 6
8 10 12 14 16:44:6 15 5 10 8
1 5 14:24:9 10 5
4 7 14 15 16 19 22 25:101:4 16 5 21 4 18 8 25
3 5 7 21 25:75:3 10 32 5 25
2 9 14 16 19 22:104:8 15 25 12 24 20
1 5 14:24:9 10 5
4 5 14:33:8 20 5
6 10 12 13 15 18 21:94:9 6 1 6 35 36 1
1 5 14 15 19:34:6 10 5 7 6
1 5 14 15 19:34:6 10 5 7 6
1 5 14 15 19:34:6 10 5 7 6
4 5 14 19:29:8 10 5 6
4 5 14:33:8 20 5
2 5 11 13 15 19 25:74:2 30 1 3 21 12 5
1 2 5 6:72:15 8 40 9
1 5 14:24:9 10 5
4 5 14 15 19:36:8 10 5 7 6
2 5 13 15 19 25:107:6 40 3 21 12 25
4 5 14:33:8 20 5
3 5 10 17 23:56:5 30 9 6 6
3 9 13 18 19 24 25:80:3 5 9 18 30 5 10
1 9 11 14 25:42:6 20 1 10 5
1 5 14:24:9 10 5
1 7 14 15 16 19:75:6 8 20 7 4 30
2 6 13 23 25:60:8 18 12 2 20
1 4 9 14 25:46:12 4 5 20 5
2 5 13 22:30:4 10 12 4
1 5 14 15 19:37:9 10 5 7 6
1 8 10 14 15:77:15 24 6 25 7
8 10 11 24 25:85:30 12 3 20 20
4 6 14 18 24:78:8 9 20 36 5
1 2 5 10 21:49:15 8 10 15 1
4 5 14:33:8 20 5
1 5 14 19:27:6 10 5 6
2 6 7 13 25:71:6 27 8 15 15
3 5 8 18 21:63:1 10 6 45 1
1 5 14 15 19:37:9 10 5 7 6
1 5 14:46:6 20 20
1 6 14 16 19:78:3 27 10 20 18
4 5 7 17:100:16 50 32 2
1 4 5 13:41:3 16 10 12
1 5 14 25:70:15 20 10 25
1 5 14 15 19:37:9 10 5 7 6
1 5 7 13 15 19 23:90:3 30 8 15 14 12 8
4 5 14:41:16 10 15
1 3 5 14 15 19:35:6 1 10 5 7 6
4 5 14 15 19:95:20 30 5 28 12
1 5 14:31:6 20 5
1 6 14:25:6 9 10
15 17 18 22:70:28 8 18 16
1 5 14 15 19:34:6 10 5 7 6
7 9 19 21:85:32 25 24 4
4 5:28:8 20
6 7 9 11 21 22:97:45 24 5 2 1 20
1 5 14:39:9 20 10
1 5 14 21:25:9 10 5 1
4 5 14 21:34:8 20 5 1
1 5 14:24:9 10 5
1 6 14:34:15 9 10
1 6 14:25:6 9 10
8 10 12 14 17:53:18 15 5 5 10
1 5 14 15 19:37:9 10 5 7 6
2 6 14 18 24 25:109:10 27 5 27 25 15
1 6 8 14 18 19 25:113:15 45 6 10 9 18 10
2 5 13:45:2 40 3
1 6 14:25:6 9 10
2 6 17 21:24:2 9 8 5
1 5 14:31:6 20 5
1 6 14:80:15 45 20
1 5 14 15 19 21:35:6 10 5 7 6 1
4 5 9 14 15 22:72:8 20 10 5 21 8
1 5 14 25:57:12 10 25 10
1 5 14 15 19:34:6 10 5 7 6
1 7 13 16 19 21 22 25:109:6 40 6 16 18 1 12 10
1 6 14:25:6 9 10
3 6 7 18 20:83:5 27 24 18 9
2 5 9 13:40:6 20 5 9
1 5 14:62:12 30 20
1 5 14:31:6 20 5
1 5 14 15 19 23 25:107:12 40 10 7 24 4 10
4 5 14 15 19:36:8 10 5 7 6
1 5 14 15 19:37:9 10 5 7 6
5 12 17 23 25:54:30 5 2 2 15
4 5 14 15 19 25:115:16 10 25 35 24 5
2 5 13 15 19 25:118:6 50 12 28 12 10
4 5 14 15 19 21:37:8 10 5 7 6 1
1 9 14 25:57:12 20 15 10
4 5 14:33:8 20 5
3 4 5 14:34:1 8 20 5
1 14:11:6 5
1 5 14 15 19:34:6 10 5 7 6
4 5 8:88:8 50 30
1 5 14:24:9 10 5
1 5 14:31:6 20 5
1 6 14:25:6 9 10
1 5 14 15 19 23 25:122:12 20 25 14 30 6 15
3 8 11 12 17 20:37:2 18 5 5 4 3
4 5 14:33:8 20 5
1 5 14:31:6 20 5
2 6 7 8 17 22:51:4 9 8 12 10 8
1 5 14 15 19:37:9 10 5 7 6
1 6 14:25:6 9 10
1 9 15 18 20 21 23:80:3 10 14 36 6 3 8
4 5 14:33:8 20 5
1 5 14:31:6 20 5
1 6 14:25:6 9 10
4 6 9 25:101:16 45 25 15
1 5 14 15 19:37:9 10 5 7 6
1 3 8 12 14 23:62:15 1 12 1 25 8
1 3 5 19 23:62:9 5 10 30 8
1 6 14 23 25:109:12 45 25 2 25
1 6 14:25:6 9 10
4 5 14 15 19:36:8 10 5 7 6
1 2 12 14 19 20:27:3 6 1 5 6 6
1 14 15 19:27:9 5 7 6
1 5 14:54:9 20 25
3 4 5 14 15 19:37:1 8 10 5 7 6
6 9 17 19 25:46:9 10 4 18 5
1 5 14 15 19 21:38:9 10 5 7 6 1
1 3 5 14:25:9 1 10 5
4 5 11 12 16 18 22:113:4 30 2 1 20 36 20
1 6 14:25:6 9 10
1 6 13 15 17 19 24 25:108:3 45 15 7 2 6 15 15
2 7 17 18 22 23:61:2 24 6 9 16 4
1 5 14 15 19:37:9 10 5 7 6
2 6 11 13:53:4 45 1 3
4 5 14 15 19:70:4 20 15 7 24
1 5 10 14 15 19:83:9 20 3 10 35 6
2 6 13 25:53:6 18 9 20
4 5 10 14:44:16 10 3 15
4 14:13:8 5
1 7 14 16 19 22:114:15 32 15 16 24 12
6 14:19:9 10
1 5 14:24:9 10 5
3 4 8 15 21:53:4 20 6 21 2
1 5 14 15 19:37:9 10 5 7 6
1 5 14 25:45:15 10 5 15
1 8 14 15 19 24:92:9 6 20 14 18 25
1 5 14 15 19:37:9 10 5 7 6
2 9 14 16 19 22:83:4 25 10 16 12 16
1 5 9 14 15 19:99:12 20 5 10 28 24
1 5 14 15 19 21:38:9 10 5 7 6 1
1 5 14 15 19:37:9 10 5 7 6
4 5 14:33:8 20 5
4 5 14 15 19 21:37:8 10 5 7 6 1
1 5 14 15 19:37:9 10 5 7 6
9 14 15 20 23 24:111:25 20 35 9 2 20
1 5 14:31:6 20 5
5 9 13 17 23:77:20 25 12 10 10
1 5 14:74:9 40 25
4 5 14 15 19:36:8 10 5 7 6
1 5 14:31:6 20 5
1 5 14 15 19:34:6 10 5 7 6
1 6 14:25:6 9 10
4 5 14 15 19:36:8 10 5 7 6
1 6 13 15 19 22 24 25:132:6 36 15 7 24 4 20 20
1 5 14:31:6 20 5
4 5 14 15 19:36:8 10 5 7 6
7 16 20 23:37:24 4 3 6
3 8 20 22 24 25:53:2 12 3 16 10 10
1 8 14 20:41:3 30 5 3
1 5 14:24:9 10 5
3 8 10 12:19:1 6 9 3
4 5 14 23:40:8 20 10 2
1 6 14:25:6 9 10
1 5 14 15 19:34:6 10 5 7 6
1 5 14 15 19:131:6 50 10 35 30
1 5 14 21:32:6 20 5 1
1 5 6 14:47:3 10 9 25
7 8 13 22:48:8 12 12 16
10 18 19 20 21:32:9 9 6 3 5
1 5 14 21:32:6 20 5 1
1 6 14:25:6 9 10
2 6 13:58:10 45 3
1 5 14 19:30:9 10 5 6
1 5 14:24:9 10 5
4 7 14 15 19:98:12 24 15 35 12
3 4 5 14 15 19:37:1 8 10 5 7 6
1 5 14 15 19 23 25:128:9 50 10 21 12 6 20
1 5 14 15 19:34:6 10 5 7 6
1 5 14 25:63:3 30 10 20
1 5 14:27:12 10 5
1 5 14 15 19:37:9 10 5 7 6
1 5 14 18 24 25:92:6 10 20 36 10 10
1 5 14:24:9 10 5
2 7 8 11 16 22 25:49:2 8 6 2 4 12 15
1 5 14 25:52:12 20 15 5
4 5 14:33:8 20 5
1 5 14:31:6 20 5
1 3 5 14 15 19:35:6 1 10 5 7 6
1 6 14:25:6 9 10
1 5 14 15:28:6 10 5 7
1 6 14 16 19:64:15 18 15 4 12
1 5 14:24:9 10 5
4 5 14:59:4 30 25
4 7 14 15 19 22 25:148:16 24 20 28 30 20 10
4 5 14 15 19:36:8 10 5 7 6
4 5 14:33:8 20 5
5 7 8 13 24:97:10 40 12 15 20
4 5 14 15 19:36:8 10 5 7 6
4 5 14 15 19:36:8 10 5 7 6
1 9 11 12 19 25:42:3 5 3 5 6 20
4 5 14 15 19:36:8 10 5 7 6
4 5 14 15 19:36:8 10 5 7 6
1 5 14:24:9 10 5
1 5 14:31:6 20 5
4 5 14 15 19:36:8 10 5 7 6
1 5 14:31:6 20 5
1 8 14 18 19 24 25:131:3 12 20 36 30 20 10
4 5 14 15 19:36:8 10 5 7 6
4 5 14:33:8 20 5
1 5 14:31:6 20 5
1 5 14:24:9 10 5
11 15 18 19:75:2 7 36 30
1 6 14:25:6 9 10
1 6 14:25:6 9 10
1 5 14 15 19:34:6 10 5 7 6
4 5 14 21:34:8 20 5 1
1 5 7 14 20:98:15 40 24 10 9
1 5 14:24:9 10 5
1 3 6 14:26:6 1 9 10
1 5 14 15 19:34:6 10 5 7 6
4 6 7 16:71:20 27 16 8
1 5 14 21:25:9 10 5 1
1 5 8 14:67:15 30 12 10
4 5 14:33:8 20 5
1 5 14:24:9 10 5
1 4 8 11:32:6 16 6 4
4 7 14:29:16 8 5
1 3 6 14:26:6 1 9 10
1 6 14 21:26:6 9 10 1
1 5 14 21:32:6 20 5 1
2 4 7 14 19:67:6 8 32 15 6
10 17 22 24:35:3 6 16 10
1 3 5 14:25:9 1 10 5
4 5 14:33:8 20 5
1 6 14:25:6 9 10
3 4 5 14 15 19:37:1 8 10 5 7 6
5 7 15:41:10 24 7
1 5 14 15 19:34:6 10 5 7 6
1 6 13 15 19 24 25:162:12 36 15 35 24 15 25
4 5 14:33:8 20 5
1 5 14:24:9 10 5
1 5 14 15 19:37:9 10 5 7 6
5 6 7 13 25:144:50 36 32 6 20
4 5 14 15 19:36:8 10 5 7 6
4 5 12 14 15 19:115:16 50 1 10 14 24
1 5 7 14 16 19:84:3 10 40 5 20 6
2 3 7 16 22:81:8 1 40 12 20
1 2 11 20 22 24:46:15 8 3 3 12 5
1 5 14 15 19:34:6 10 5 7 6
1 5 14 15 19:34:6 10 5 7 6
4 7 14 15 19 22 25:145:12 40 15 28 18 12 20
4 5 14 18 19 25:85:8 20 15 9 18 15
2 4 6 7 25:68:8 12 9 24 15
1 5 14 15 19:34:6 10 5 7 6
1 7 14 16 19:48:3 8 5 8 24
1 3 5 14:32:6 1 20 5
1 7 14 16 19 22:138:15 40 25 12 30 16
6 9 12 14 17 21 22:68:9 25 1 15 2 4 12
1 6 14:25:6 9 10
3 4 10 21 22 25:37:2 4 6 1 4 20
1 8 14 15 19 24:99:12 30 15 21 6 15
4 5 14 15 19:36:8 10 5 7 6
1 8 14 15 19 24 25:127:15 30 25 35 12 5 5
1 5 14 25:88:3 40 25 20
1 5 14:64:9 30 25
1 5 12 14 25:91:15 50 1 20 5
1 3 4 7 9:42:9 1 4 8 20
11 12 14 17 23:29:1 4 10 10 4
2 6 13:45:6 27 12
2 9 14 16 19 22:82:6 25 5 16 18 12
8 9 21:37:18 15 4
1 5 14 21:39:3 30 5 1
1 6 14 21:26:6 9 10 1
1 3 5 14:25:9 1 10 5
1 5 14 15 19:110:9 50 10 35 6
10 14 19 20:73:15 25 18 15
1 5 14:66:6 40 20
1 6 14:25:6 9 10
3 10 18 21:61:5 6 45 5
2 8 14 15 19:123:8 30 20 35 30
2 6 14 18 24 25:139:2 27 25 45 25 15
4 7 14:30:4 16 10
1 3 5 14 15 19:35:6 1 10 5 7 6
4 5 14 15 19 21:37:8 10 5 7 6 1
1 5 14 15 19 21:35:6 10 5 7 6 1
4 7 14 15 19:79:4 16 15 14 30
3 4 5 14 15 19:37:1 8 10 5 7 6
1 6 14:25:6 9 10
1 5 14 15 19:37:9 10 5 7 6
15 18 21 22 24:58:21 27 1 4 5
1 5 14 15 19 21:35:6 10 5 7 6 1
1 5 14:24:9 10 5
1 5 14 15 19 23:109:3 40 25 21 18 2
4 5 14:33:8 20 5
4 5 14 15:30:8 10 5 7
3 4 5 14:34:1 8 20 5
1 5 8 18 21:108:15 40 6 45 2
4 5 14 15 19:36:8 10 5 7 6
2 6 13 15 19:58:2 18 12 14 12
1 4 5 14 19:52:9 4 10 5 24
1 5 14:24:9 10 5
4 5 14 15 19 25:143:16 50 10 28 24 15
1 5 14 15 19:34:6 10 5 7 6
6 9 14 15 21 23:92:9 25 10 35 3 10
1 5 14 15 19:37:9 10 5 7 6
1 5 14:31:6 20 5
2 6 13:34:4 27 3
1 3 5 14 15 19:38:9 1 10 5 7 6
1 8 14 18 19 24 25:138:6 12 25 45 30 10 10
1 5 14:81:6 50 25
1 5 14 15 19:34:6 10 5 7 6
4 5 14:33:8 20 5
1 5 14:24:9 10 5
4 5 14 15 19:65:8 20 5 14 18
1 5 14 21:32:6 20 5 1
1 3 5 14:25:9 1 10 5
1 6 14 18 19 25:98:9 45 5 18 6 15
2 6 13 15:38:10 9 12 7
1 5 14 15 19:34:6 10 5 7 6
1 5 14:24:9 10 5
1 8 14 15 17 19 24:101:9 12 10 28 2 30 10
10 14 20 25:34:6 5 3 20
9 23 24:46:20 6 20
4 7 14:46:12 24 10
1 6 14 21:26:6 9 10 1
8 9 12 14 15 23:97:30 15 5 15 28 4
1 5 14:24:9 10 5
5 7 10 12 15:88:50 24 6 1 7
2 8 14 15 19:93:10 30 15 14 24
2 7 14 18 20 21:78:2 24 15 18 15 4
1 6 13 15 18 19 24 25:149:6 45 15 14 9 30 20 10
1 3 5 14 15 19:35:6 1 10 5 7 6
1 5 14:31:6 20 5
4 5 14 15 19:76:4 40 5 21 6
1 5 14 15 19:34:6 10 5 7 6
4 5 14 15 19:36:8 10 5 7 6
1 5 14:31:6 20 5
2 8 10 11 13 14:59:10 6 9 5 9 20
2 19 20 21:27:10 12 3 2
7 12 17 23 25:57:16 1 10 10 20
1 9 14 25:52:12 5 10 25
1 5 14 15 19:37:9 10 5 7 6
4 5 14 19:29:8 10 5 6
1 5 14 15 19 21:35:6 10 5 7 6 1
1 6 14:25:6 9 10
1 5 14:31:6 20 5
4 5 14 15 19:36:8 10 5 7 6
7 8 9 14 20 23:63:8 18 10 10 15 2
6 12 17:36:27 3 6
1 7 13 16 19 22 25:80:12 16 3 20 6 8 15
1 14 15 18 20:105:3 25 35 36 6
1 3 5 14 15 19:35:6 1 10 5 7 6
1 5 14 15 19:37:9 10 5 7 6
1 5 14:31:6 20 5
1 9 14 25:62:12 25 10 15
1 6 14 16 19:100:12 18 20 20 30
1 14 15 19:27:9 5 7 6
1 6 14:25:6 9 10
1 5 14 25:78:3 50 10 15
4 19 24:44:16 18 10
5 11 12 25:60:30 1 4 25
1 5 14:24:9 10 5
1 5 14 15 19:37:9 10 5 7 6
1 5 14:69:9 40 20
4 5 14 15 19:36:8 10 5 7 6
2 6 13 24:33:10 9 9 5
9 18 19 21 22 23:85:10 36 6 5 20 8
5 8 12 14 15 21:120:50 24 5 5 35 1
1 5 14 15 19:34:6 10 5 7 6
4 5 7 14 25:74:16 10 8 20 20
5 8 10 11 24:72:20 24 9 4 15
1 5 13 15 19 23:95:6 20 12 35 12 10
2 5 13:48:6 30 12
2 5 13:29:6 20 3
1 5 14:24:9 10 5
4 7 14 16:69:4 32 25 8
1 5 14 15 19:37:9 10 5 7 6
4 5 14 15 19:36:8 10 5 7 6
1 5 14 21:32:6 20 5 1
1 6 14 18 19 24 25:88:12 27 5 18 6 5 15
1 5 14 15 19:37:9 10 5 7 6
2 8 14 15 19:90:10 24 15 35 6
1 5 10 17 23:91:12 50 9 10 10
1 5 8 14 15 19:132:12 50 6 20 14 30
5 12 14 17 18 25:115:30 2 5 8 45 25
2 8 16 17 24:67:2 24 8 8 25
1 4 13:41:6 20 15
1 7 14 16 19 22:64:9 16 5 16 6 12
4 5 14:33:8 20 5
1 3 8 9 13 16 24:58:6 1 24 5 9 8 5
1 3 4 6 13:80:9 3 20 45 3
2 12 16 20:22:6 1 12 3
1 5 14 19 25:84:3 50 20 6 5
1 5 14 15 19:34:6 10 5 7 6
4 5 14 15 19:88:16 20 25 21 6
4 5 14 15 19:36:8 10 5 7 6
1 8 14:33:6 12 15
4 5 6 13 15 19:95:20 30 9 3 21 12
2 6 8 14 18 24 25:97:2 45 6 15 9 5 15
1 5 14 15 19 21:35:6 10 5 7 6 1
1 6 14 25:82:6 36 25 15
1 6 14 16 19:78:6 27 25 8 12
3 4 5 14 15 19:37:1 8 10 5 7 6
1 6 14 16 19:38:6 9 5 12 6
1 3 5 14:25:9 1 10 5
1 6 14:25:6 9 10
1 5 14:24:9 10 5
3 7 9 19 23:34:3 8 5 12 6
4 5 14 15 19:36:8 10 5 7 6
1 5 14 15 19:34:6 10 5 7 6
1 15 20 22:58:3 28 15 12
1 3 23:21:6 5 10
4 5 14 15 19:36:8 10 5 7 6
1 5 14 15 19 21:35:6 10 5 7 6 1
1 3 5 14:32:6 1 20 5
4 5 14:33:8 20 5
8 9 14 22:61:18 20 15 8
4 5 14 15 19:36:8 10 5 7 6
4 5 14:33:8 20 5
1 5 13 15 19 23:100:6 30 15 35 6 8
3 13 17 23 24:39:4 12 10 8 5
3 4 5 14 15 19:37:1 8 10 5 7 6
1 3 6 14:26:6 1 9 10
5 12 15 21 23:76:30 2 35 1 8
1 5 14 15 19 21 23 25:127:3 50 10 21 30 1 2 10
16 19 22 23:48:8 12 20 8
1 6 14 25:74:15 9 25 25
1 5 14 23:52:15 10 25 2
4 5 14:33:8 20 5
1 6 14 15 24 25:104:15 18 20 21 10 20
21 22 25:41:1 20 20
1 5 14 15 19:34:6 10 5 7 6
1 5 14:24:9 10 5
1 20 22:23:12 3 8
1 5 14 15 19:37:9 10 5 7 6
1 5 14 15 19:37:9 10 5 7 6
1 6 14:25:6 9 10
1 3 5 14 18 24 25:134:15 1 50 10 18 20 20
1 5 14:31:6 20 5
1 6 9 10 17 19 20:79:15 9 15 15 4 6 15
1 6 14 18 19 25:129:6 27 25 45 6 20
2 6 13 25:34:8 9 12 5
13 14 15 19 20:39:9 5 7 12 6
10 12 23:21:12 1 8
2 3 5 7 17 22:67:6 5 20 16 4 16
4 5 14:33:8 20 5
1 11 12 14:24:9 4 1 10
1 5 14 15 19:34:6 10 5 7 6
1 5 14 15 19:37:9 10 5 7 6
3 12 21 22 24:19:1 3 1 4 10
4 6 14 18 24:128:12 36 20 45 15
1 6 14:25:6 9 10
1 5 14:31:6 20 5
3 4 10 16 20 22:72:5 4 12 16 15 20
2 3 24:20:4 1 15
1 5 14 15 19:34:6 10 5 7 6
1 5 12 14 18 24 25:85:15 30 1 10 9 5 15
6 7 8 19 23:97:45 8 24 12 8
1 6 13 15 19 23 24 25:143:15 18 15 28 30 2 25 10
2 6 13 25:86:4 45 12 25
2 6 13:47:2 36 9
1 5 14:24:9 10 5
1 5:19:9 10
5 7 14 18 20:96:20 8 20 36 12
4 5 14:33:8 20 5
1 5 14:31:6 20 5
2 13 19 23:29:6 15 6 2
1 5 14 15 19:37:9 10 5 7 6
1 5 14 15 19:96:6 20 5 35 30
4 5 14 15 19:36:8 10 5 7 6
1 3 5 14 15 19:35:6 1 10 5 7 6
1 6 14:25:6 9 10
1 5 14:31:6 20 5
1 9 14 25:64:9 5 25 25
1 5 14:24:9 10 5
1 5 14:31:6 20 5
1 5 14 15 19 21:35:6 10 5 7 6 1
1 5 14 15 19:34:6 10 5 7 6
1 6 14:25:6 9 10
1 5 14 15 19:37:9 10 5 7 6
4 5 14 15 19 25:116:20 20 20 21 30 5
4 5 14:33:8 20 5
6 14:19:9 10
1 3 6 14:26:6 1 9 10
2 5 6 7 13 15:105:4 10 36 24 3 28
3 4 5 14 15 19:37:1 8 10 5 7 6
2 5 14 16 19 23 25:112:8 30 10 12 24 8 20
1 2 4 9:36:9 6 16 5
1 5 14:24:9 10 5
1 5 8 13 15 19 23:84:12 10 6 6 28 12 10
1 2 8 10 16 25:65:3 2 24 6 20 10
1 5 14:24:9 10 5
16 20 21:23:16 6 1
4 5 14 15 19:36:8 10 5 7 6
2 5 13:21:8 10 3
4 5 14 21:34:8 20 5 1
1 8 14 15 19 24:126:3 24 15 35 24 25
1 5 14 15 19:34:6 10 5 7 6
2 6 13 25:48:8 18 12 10
1 5 14 15 19:34:6 10 5 7 6
4 5 14 15:30:8 10 5 7
6 8 21 24:48:18 6 4 20
1 5 14 18:76:12 30 25 9
1 5 14 15 19:34:6 10 5 7 6
4 7 9 14 15 19 22 25:94:12 8 5 5 7 30 12 15
1 5 14 15 19:34:6 10 5 7 6
3 7 10:15:4 8 3
4 7 14:52:8 24 20
1 6 14:41:3 18 20
1 3 4 8 9 11 13:68:3 3 8 30 15 3 6
4 5 14:28:8 10 10
1 5 14:37:12 10 15
1 3 5 14:25:9 1 10 5
3 5 10:41:5 30 6
1 5 14:24:9 10 5
4 10 12 14 22 23 25:67:4 15 1 5 12 10 20
1 5 14 15 19:37:9 10 5 7 6
9 12 13 16 24:50:15 1 15 4 15
3 4 5 11 19 24:89:2 16 30 2 24 15
1 5 14 15 19:37:9 10 5 7 6
4 5 14 21:34:8 20 5 1
3 6 9:28:5 18 5
1 7 14:74:9 40 25
4 5 14:33:8 20 5
1 5 14 15 19:37:9 10 5 7 6
3 6 8 15 18 21:110:2 18 30 21 36 3
1 5 14:31:6 20 5
1 5 14 18 24 25:108:12 20 5 36 25 10
1 6 14 21:26:6 9 10 1
1 3 6 14:26:6 1 9 10
3 13 21 23:18:3 9 4 2
5 8 21:58:50 6 2
4 5 14 15 19:115:12 30 15 28 30
4 5 14:33:8 20 5
1 3 10 11:32:15 1 12 4
2 6 14 18 24 25:138:10 36 25 27 25 15
1 5 14 15 19 21:38:9 10 5 7 6 1
4 5 14:33:8 20 5
1 5 14 15:31:9 10 5 7
1 5 14 15 19:34:6 10 5 7 6
4 5 14:33:8 20 5
1 8 14 15 19 24:101:12 12 20 7 30 20
1 5 14 15 19:37:9 10 5 7 6
1 6 14 21:26:6 9 10 1
2 3 9 11 17 24:39:2 5 10 4 8 10
2 8 14 15 19:63:6 6 10 35 6
1 6 13 15 19 23 24 25:90:6 18 3 7 24 2 15 15
3 9 17 19 21 22:28:1 10 2 6 1 8
19 23 25:40:24 6 10
3 4 5 14:34:1 8 20 5
1 5 14:49:9 20 20
1 5 14 25:71:6 40 15 10
1 5:19:9 10
1 5 14 15 19:70:6 40 5 7 12
1 8 14 18 19 24 25:157:12 18 20 27 30 25 25
1 6 14:25:6 9 10
1 5 14:24:9 10 5
1 5 14:31:6 20 5
1 5 14 15 19:37:9 10 5 7 6
4 6 14 18 24:102:8 9 20 45 20
1 5 14:31:6 20 5
1 6 14 25:72:12 45 10 5
13 14 15:69:9 25 35
1 5 14:24:9 10 5
1 3 5 14:25:9 1 10 5
1 5 14 15 19:37:9 10 5 7 6
1 7 13 16 19 22 25:96:12 32 12 4 18 8 10
3 4 5 14:34:1 8 20 5
1 3 6 14:26:6 1 9 10
1 5 14:24:9 10 5
1 5 14:31:6 20 5
1 3 5 14 15 19:38:9 1 10 5 7 6
13 21 25:23:3 5 15
1 5 8 14 18 19 24 25:116:9 10 30 10 18 24 10 5
6 8 10 16 17 23:81:36 24 9 4 2 6
1 3 5 14 15 19:38:9 1 10 5 7 6
4 5 14:33:8 20 5
1 3 5 14 15 19:35:6 1 10 5 7 6
2 6 8 14 18 24 25:103:8 45 6 10 9 5 20
1 6 14:25:6 9 10
1 5 14 21:32:6 20 5 1
1 6 14 16 19:111:6 45 20 16 24
3 9 17 20 21:18:1 5 2 9 1
1 6 13 15 19 24 25:97:3 45 3 7 24 5 10
1 5 14 15 19 21:38:9 10 5 7 6 1
3 4 5 14:34:1 8 20 5
4 5 14 15 19:36:8 10 5 7 6
4 5 14:33:8 20 5
3 4 5 14:34:1 8 20 5
2 9 10 16 17:39:2 15 12 8 2
7 8 9 10 14 18 22:117:32 24 20 9 10 18 4
4 7 14 15 19:98:16 24 5 35 18
1 5 14 15 19:86:12 30 25 7 12
1 5 11 14 15 19:77:9 10 1 10 35 12
8 10 24 25:42:6 6 5 25
1 5 14:70:15 40 15
2 6 14 18 24 25:104:10 36 15 18 5 20
4 5 14 15 19:105:8 50 10 7 30
1 5 14:24:9 10 5
1 6 13 14 16 19:56:6 9 3 10 4 24
1 5 14 15 19:34:6 10 5 7 6
1 5 14 15 19 21:38:9 10 5 7 6 1
4 7 12 14:58:16 16 1 25
1 5 14:31:6 20 5
5 8 16 18 21 25:67:10 18 20 9 5 5
4 5 14 15 19:36:8 10 5 7 6
5 16 24:40:10 20 10
2 8 13 25:30:10 12 3 5
4 5 14 15 19:36:8 10 5 7 6
11 13 17 23:21:3 6 10 2
1 3 5 14:25:9 1 10 5
3 7 14 22:58:4 40 10 4
8 12 15:33:18 1 14
1 5 14:31:6 20 5
4 5 14 21:34:8 20 5 1
4 5 14 15 19:36:8 10 5 7 6
1 6 14:25:6 9 10
1 8 14 18 19 24 25:140:9 18 15 36 12 25 25
4 5 14 15 19:121:12 40 10 35 24
4 5 14 15 19:36:8 10 5 7 6
1 5 14:24:9 10 5
1 6 14:25:6 9 10
4 9 12 13 16:35:8 10 3 6 8
1 10 19 23 25:69:3 3 30 8 25
6 15 20 22 24:68:9 7 12 20 20
1 6 14:25:6 9 10
6 11 12 16 19 24:67:9 4 5 12 12 25
3 5 9 22 24:75:1 20 25 4 25
6 12 14 15 17:81:36 5 10 28 2
8 16 23 25:31:6 16 4 5
7 21 22:27:16 3 8
4 5 14:33:8 20 5
4 5 14:33:8 20 5
1 3 5 14 15 19:38:9 1 10 5 7 6
4 5 14 21:34:8 20 5 1
1 6 14 15 23 24 25:80:15 9 15 14 2 5 20
2 6 13:62:8 45 9
1 5 14:31:6 20 5
1 2 6 13:56:3 2 45 6
4 5 14 15 19:36:8 10 5 7 6
1 5 14:31:6 20 5
1 5 13 15 19:122:12 40 12 28 30
4 9 19 25:79:16 25 18 20
1 3 4 5 17:31:6 1 4 10 10
4 5 14:33:8 20 5
1 5 14:24:9 10 5
1 6 14:25:6 9 10
4 5 14 15 19:97:4 30 10 35 18
1 5 14 18 24 25:92:15 10 10 27 20 10
1 5 14 25:106:6 50 25 25
1 6 14:25:6 9 10
4 5 14 21:34:8 20 5 1
4 5 14:33:8 20 5
4 8 15:60:20 12 28
5 15 17:63:50 7 6
1 5 11 12 15:56:3 40 5 1 7
3 10 17 20 21:29:4 12 4 6 3
1 6 14:44:12 27 5
6 10 15 18 19:104:18 6 35 27 18
1 5 14 15 19 23 24 25:104:6 10 20 28 6 4 5 25
1 5 14 15 19:34:6 10 5 7 6
1 5 14 15 19:37:9 10 5 7 6
1 4 8 21:51:6 20 24 1
1 5 14 15 19 21:69:3 10 15 28 12 1
6 10 12 18 21 23 25:54:18 12 2 9 2 6 5
10 12 15 16:27:12 4 7 4
10 14 23:24:12 10 2
4 5 14 15 19:36:8 10 5 7 6
1 3 10 11 12 13 22:27:12 1 3 3 1 3 4
4 7 9 14:48:20 8 5 15
1 4 5 14 18 19 25:165:3 16 40 20 36 30 20
1 5 14:31:6 20 5
1 3 5 14 15 19:38:9 1 10 5 7 6
5 14 15 19:28:10 5 7 6
1 6 14:25:6 9 10
2 6 13:37:4 18 15
4 5 14 15 19:36:8 10 5 7 6
12 15 16 21 22 25:60:5 7 20 2 16 10
2 7 11 12:25:10 8 2 5
1 2 6 16:54:6 4 36 8
12 15 21 23:40:4 21 5 10
3 8 14 15 20 23:71:3 12 10 35 9 2
10 13 15 20:59:3 6 35 15
1 9 14 25:48:3 15 5 25
1 6 16 23 24:49:3 18 8 10 10
1 6 13 16 21 25:67:9 18 3 12 5 20
2 6 13:14:2 9 3
1 3 5 14 15 19:38:9 1 10 5 7 6
2 6 13 15 25:55:2 9 12 7 25
4 5 14:33:8 20 5
4 5 14 15 19:36:8 10 5 7 6
1 5 14 15 19 21:38:9 10 5 7 6 1
1 5 13 15 19:89:15 20 3 21 30
6 14:19:9 10
1 5 14 25:96:6 50 20 20
1 6 14:25:6 9 10
1 5 14:24:9 10 5
1 5 14:24:9 10 5
1 5 14 15 19 21:38:9 10 5 7 6 1
2 5 9 12 16 20:50:8 20 10 5 4 3
4 5 14 15 19:36:8 10 5 7 6
1 4 5 7 13 17:95:9 20 30 16 12 8
4 7 14 15 19:110:20 32 5 35 18
3 9 12 14 15:53:3 5 2 15 28
4 5 14:33:8 20 5
1 5 14:24:9 10 5
1 5 7 14 15 19 23 25:113:6 10 8 20 35 12 2 20
1 6 14:25:6 9 10
1 5 14 15 19:34:6 10 5 7 6
1 5 14:31:6 20 5
1 5 13 15 19:84:3 10 12 35 24
15 17 19 20 21:65:35 2 12 15 1
11 12 16 24:23:4 2 12 5
11 14 19:36:3 15 18
1 5 14 15 19:34:6 10 5 7 6
4 5 14 15 19 25:103:16 40 5 21 6 15
1 8 14 18 19 24 25:144:9 30 5 45 30 10 15
1 5 14 15 19 21:38:9 10 5 7 6 1
1 5 14:24:9 10 5
1 5 14 15 17 19:75:15 20 5 21 2 12
6 7 8 10 18 21:49:9 8 6 12 9 5
1 6 14:25:6 9 10
1 6 13 15 19 24 25:105:6 18 15 28 18 10 10
1 6 14:25:6 9 10
1 9 14 25:23:3 5 5 10
1 6 14:25:6 9 10
2 6 10 16 21:59:2 27 9 16 5
1 5 14 15 19:56:6 20 5 7 18
2 16 22 24:35:10 4 16 5
4 7 23 25:46:12 16 8 10
4 10 15 21:52:4 12 35 1
3 5 8 13 19 25:85:4 10 24 12 30 5
1 5 14:31:6 20 5
1 5 14:31:6 20 5
1 5 14:24:9 10 5
1 3 6 14 25:98:12 1 45 20 20
1 5 14 15 19 21:35:6 10 5 7 6 1
10 12 18 23:15:3 1 9 2
2 6 14 18 22 24 25:78:2 18 20 9 4 5 20
1 5 14 21:25:9 10 5 1
1 7 14:69:12 32 25
2 3 11 19 22 25:47:4 2 4 6 16 15
5 15 22 25:112:40 35 12 25
1 5 8 14 15 19:79:6 20 6 15 14 18
1 5 14 15 19:37:9 10 5 7 6
20 21 22 24 25:61:15 2 4 25 15
5 14:25:20 5
1 5 14:53:3 40 10
3 9 15 23:43:1 25 7 10
3 4 6 10:59:3 8 45 3
4 7 14 15 19:115:20 40 15 28 12
6 10 12 15 18 22 25:111:27 15 5 7 36 16 5
4 5 14:33:8 20 5
4 5 14:33:8 20 5
4 5 14:81:16 40 25
2 3 5:24:2 2 20
4 9 12 23:34:4 25 3 2
1 5 14:24:9 10 5
1 5 14:31:6 20 5
1 3 6 14:26:6 1 9 10
5 14:15:10 5
4 5 14:33:8 20 5
5 14 15 19:28:10 5 7 6
1 5 14 15 19:37:9 10 5 7 6
1 6 14:25:6 9 10
4 5 14 15 19 21:37:8 10 5 7 6 1
4 5 14 15 19:36:8 10 5 7 6
1 5 14:24:9 10 5
6 16 20 21:64:45 4 12 3
5 8 18 24 25:77:20 6 36 5 10
1 6 14:25:6 9 10
1 5 13 15 19 23:103:9 40 6 14 30 4
7 8 10 17 18 20:80:16 24 3 10 18 9
4 5 14 19:29:8 10 5 6
1 6 14:25:6 9 10
4 5 14 15 19 21:37:8 10 5 7 6 1
8 9 11 13 18:51:18 20 1 3 9
5 8 12 25:79:50 6 3 20
4 5 14 15 19:36:8 10 5 7 6
1 5 14 15 19 23 25:146:9 50 25 21 24 2 15
1 5 7 18:101:9 40 16 36
5 7 13:65:10 40 15
4 5 14:33:8 20 5
2 8 12 13 15 17:67:8 24 2 3 28 2
1 3 5 14 15 19:38:9 1 10 5 7 6
4 6 11 17 20:70:12 36 2 8 12
4 8 11:26:16 6 4
1 5 14 15 19 24:96:9 20 25 7 30 5
4 5 14 15 19:36:8 10 5 7 6
1 5 14:31:6 20 5
1 9 10 12 18:66:15 25 3 5 18
1 5 14:31:6 20 5
3 4 5 14:34:1 8 20 5
2 6 8 14 15 19:89:2 9 18 15 21 24
1 5 14:31:6 20 5
4 5 14 15 19:36:8 10 5 7 6
4 5 14 18 19 25:108:16 30 15 18 24 5
1 5 14:24:9 10 5
1 5 14:31:6 20 5
1 5 14:31:6 20 5
1 5 14:79:9 50 20
1 5 14:31:6 20 5
1 4 10 16:37:3 20 6 8
4 5 14:33:8 20 5
1 6 14:25:6 9 10
1 5 14:24:9 10 5
3 4 5 14:34:1 8 20 5
1 4 11 13 17 22:54:9 4 3 12 10 16
6 12 13 18 24:80:9 5 6 45 15
1 5 14 15 19:34:6 10 5 7 6
4 5 14 21:34:8 20 5 1
1 9 14 25:60:15 15 25 5
1 5 14 21:32:6 20 5 1
1 7 10 14 16 19:97:12 40 3 20 16 6
5 14:25:20 5
4 5 14:33:8 20 5
1 3 5 14 15 19:35:6 1 10 5 7 6
1 6 14:25:6 9 10
2 6 14 18 24 25:82:2 36 15 9 10 10
4 7 14 15 19:98:20 32 5 35 6
4 5 14 15 19 25:98:20 10 15 21 12 20
1 5 14 15 19:83:12 30 10 7 24
