4 7 14 15 19 22 25:39:4 8 5 7 6 4 5
1 7 14 16 19 22:30:3 8 5 4 6 4
2 8 14:21:4 12 5
1 7 13 16 19 22 25:33:3 8 3 4 6 4 5
3 18:11:2 9
1 7 14 16 19 22:30:3 8 5 4 6 4
1 2 15:19:3 2 14
2 7 10 12 14:25:2 8 3 2 10
4 7 14 15 19 22 25:39:4 8 5 7 6 4 5
2 4:12:4 8
1 7 13 16 19 22 25:33:3 8 3 4 6 4 5
6 8 11 15 19:36:9 12 2 7 6
1 3 9 12 16 17:17:3 2 5 1 4 2
1 7 13 16 19 22 25:33:3 8 3 4 6 4 5
16 25:9:4 5
1 2 6 7 13 25:38:3 2 9 8 6 10
1 4 5 7 9 13:39:6 4 10 8 5 6
1 2 8 16:20:6 4 6 4
16 24:14:4 10
1 7 14 16 19 22:30:3 8 5 4 6 4
1 2 4 8 13 15:45:3 2 8 12 6 14
2 9 14 16 19 22:26:2 5 5 4 6 4
1 7 13 16 19 22 25:33:3 8 3 4 6 4 5
1 7 13 16 19 22 25:33:3 8 3 4 6 4 5
1 7 14 16 19 22:30:3 8 5 4 6 4
1 7 14 16 19 22:30:3 8 5 4 6 4
1 2 7 12 16 17:21:3 2 8 2 4 2
1 7 13 16 19 22 25:33:3 8 3 4 6 4 5
4 7 14 15 19 22 25:39:4 8 5 7 6 4 5
1 7 13 16 19 22 25:33:3 8 3 4 6 4 5
2 3 6 12 14:33:2 1 18 2 10
1 2 13 15:30:6 4 6 14
1 16:11:3 8
1 2 5 7 15 16:43:3 4 10 8 14 4
1 2 3 14 16:27:6 2 1 10 8
2 5 8:28:2 20 6
3 13 16 17:15:2 3 8 2
1 7 14 16 19 22:30:3 8 5 4 6 4
4 7 14 15 19 22 25:39:4 8 5 7 6 4 5
1 6 12 18 22:29:6 9 1 9 4
1 7 13 16 19 22 25:33:3 8 3 4 6 4 5
1 7 14 16 19 22:30:3 8 5 4 6 4
1 7 13 16 19 22 25:33:3 8 3 4 6 4 5
1 7 13 16 19 22 25:33:3 8 3 4 6 4 5
2 9 14 16 19 22:26:2 5 5 4 6 4
2 9 14 16 19 22:26:2 5 5 4 6 4
2 9 14 16 19 22:26:2 5 5 4 6 4
1 7 14 16 19 22:30:3 8 5 4 6 4
1 7 14 16 19 22:30:3 8 5 4 6 4
2 9 14 16 19 22:26:2 5 5 4 6 4
1 2 7 13 15:43:3 4 16 6 14
1 6 7 13 22:46:6 18 8 6 8
4 7 14 15 19 22 25:39:4 8 5 7 6 4 5
2 9 14 16 19 22:26:2 5 5 4 6 4
2 7 16 18:36:2 8 8 18
4 7 14 15 19 22 25:39:4 8 5 7 6 4 5
4 7 14 15 19 22 25:39:4 8 5 7 6 4 5
2 10 16:9:2 3 4
2 9 14 16 19 22:26:2 5 5 4 6 4
4 7 14 15 19 22 25:39:4 8 5 7 6 4 5
1 2 7 8 15 19:59:3 2 16 12 14 12
4 7 14 15 19 22 25:39:4 8 5 7 6 4 5
2 9 14 16 19 22:26:2 5 5 4 6 4
1 2 6 7 8 16:48:3 4 9 16 12 4
18 25:28:18 10
1 7 14 16 19 22:30:3 8 5 4 6 4
1 2 10 13:17:3 2 6 6
4 7 14 15 19 22 25:39:4 8 5 7 6 4 5
1 3 7 11 16 17:27:6 2 8 1 8 2
1 7 14 16 19 22:30:3 8 5 4 6 4
7 13 16 18 19:51:16 3 8 18 6
2 9 14 16 19 22:26:2 5 5 4 6 4
4 7 14 15 19 22 25:39:4 8 5 7 6 4 5
2 7 8 13 18 19:46:2 8 12 3 9 12
1 3 5 8:27:3 2 10 12
2 9 14 16 19 22:26:2 5 5 4 6 4
1 7 14 16 19 22:30:3 8 5 4 6 4
2 9 14 16 19 22:26:2 5 5 4 6 4
2 4 7 10:30:4 4 16 6
1 7 14 16 19 22:30:3 8 5 4 6 4
1 2 4 9 13:27:6 2 8 5 6
1 7 13 16 19 22 25:33:3 8 3 4 6 4 5
1 7 14 16 19 22:30:3 8 5 4 6 4
1 2 12 14:14:3 4 2 5
4 7 14 15 19 22 25:39:4 8 5 7 6 4 5
1 7 14 16 19 22:30:3 8 5 4 6 4
2 9 14 16 19 22:26:2 5 5 4 6 4
2 7 9 13:25:4 8 10 3
2 9 14 16 19 22:26:2 5 5 4 6 4
2 7 9 13 18 20:42:2 8 5 3 18 6
1 7 13 16 19 22 25:33:3 8 3 4 6 4 5
6 7 11:19:9 8 2
1 3 7 12 13 14:32:6 1 8 1 6 10
1 7 13 16 19 22 25:33:3 8 3 4 6 4 5
1 7 14 16 19 22:30:3 8 5 4 6 4
1 7 13 16 19 22 25:33:3 8 3 4 6 4 5
4 7 14 15 19 22 25:39:4 8 5 7 6 4 5
2 3:4:2 2
1 7 14 16 19 22:30:3 8 5 4 6 4
1 7 14 16 19 22:30:3 8 5 4 6 4
2 9 14 16 19 22:26:2 5 5 4 6 4
20 25:16:6 10
2 9 14 16 19 22:26:2 5 5 4 6 4
1 7 13 16 19 22 25:33:3 8 3 4 6 4 5
2 8 22:22:2 12 8
2 9 14 16 19 22:26:2 5 5 4 6 4
4 7 14 15 19 22 25:39:4 8 5 7 6 4 5
5 7 13 16 23:44:20 8 6 8 2
1 7 13 16 19 22 25:33:3 8 3 4 6 4 5
4 7 14 15 19 22 25:39:4 8 5 7 6 4 5
1 13 16:20:6 6 8
1 7 13 16 19 22 25:33:3 8 3 4 6 4 5
2 9 14 16 19 22:26:2 5 5 4 6 4
18 25:23:18 5
1 7 13 16 19 22 25:33:3 8 3 4 6 4 5
13 18:15:6 9
1 7 13 16 19 22 25:33:3 8 3 4 6 4 5
2 8 13 14 16 19:42:4 12 6 10 4 6
1 7 12 13:18:3 8 1 6
1 7 13 16 19 22 25:33:3 8 3 4 6 4 5
2 9 14 16 19 22:26:2 5 5 4 6 4
4 7 14 15 19 22 25:39:4 8 5 7 6 4 5
1 7 14 16 19 22:30:3 8 5 4 6 4
1 2 8:17:3 2 12
1 2 3 7 16:28:6 4 2 8 8
2 9 14 16 19 22:26:2 5 5 4 6 4
4 7 14 15 19 22 25:39:4 8 5 7 6 4 5
4 7 14 15 19 22 25:39:4 8 5 7 6 4 5
1 7 13 16 19 22 25:33:3 8 3 4 6 4 5
2 9 14 16 19 22:26:2 5 5 4 6 4
1 7 13 16 19 22 25:33:3 8 3 4 6 4 5
4 7 14 15 19 22 25:39:4 8 5 7 6 4 5
1 7 13 16 19 22 25:33:3 8 3 4 6 4 5
1 7 14 16 19 22:30:3 8 5 4 6 4
1 7 14 16 19 22:30:3 8 5 4 6 4
1 7 14 16 19 22:30:3 8 5 4 6 4
1 7 13 16 19 22 25:33:3 8 3 4 6 4 5
2 3 10 13:11:4 1 3 3
8 25:11:6 5
2 4 7 8 9 13:51:2 8 16 12 10 3
1 7 14 16 19 22:30:3 8 5 4 6 4
1 2:5:3 2
2 9 14 16 19 22:26:2 5 5 4 6 4
2 9 14 16 19 22:26:2 5 5 4 6 4
1 2 5 12 13:22:6 2 10 1 3
1 7 14 16 19 22:30:3 8 5 4 6 4
4 7 14 15 19 22 25:39:4 8 5 7 6 4 5
2 4 7:18:2 8 8
2 4 9 10 16:24:4 8 5 3 4
1 5 8 10 13 16:46:3 20 6 3 6 8
1 4 10:17:6 8 3
4 7 14 15 19 22 25:39:4 8 5 7 6 4 5
1 7 14 16 19 22:30:3 8 5 4 6 4
4 7 14 15 19 22 25:39:4 8 5 7 6 4 5
1 7 14 16 19 22:30:3 8 5 4 6 4
13 22:11:3 8
1 7 13 16 19 22 25:33:3 8 3 4 6 4 5
4 7 14 15 19 22 25:39:4 8 5 7 6 4 5
4 7 14 15 19 22 25:39:4 8 5 7 6 4 5
1 7 13 16 19 22 25:33:3 8 3 4 6 4 5
4 7 14 15 19 22 25:39:4 8 5 7 6 4 5
1 7 13 16 19 22 25:33:3 8 3 4 6 4 5
1 7 13 16 19 22 25:33:3 8 3 4 6 4 5
2 9 14 16 19 22:26:2 5 5 4 6 4
1 7 13 16 19 22 25:33:3 8 3 4 6 4 5
2 9 14 16 19 22:26:2 5 5 4 6 4
1 7 13 16 19 22 25:33:3 8 3 4 6 4 5
1 16:7:3 4
1 2 5 7:46:6 4 20 16
1 7 14 16 19 22:30:3 8 5 4 6 4
4 7 14 15 19 22 25:39:4 8 5 7 6 4 5
4 7 14 15 19 22 25:39:4 8 5 7 6 4 5
1 2 7:15:3 4 8
1 7 13 16 19 22 25:33:3 8 3 4 6 4 5
7 12 13 16:28:16 1 3 8
4 7 14 15 19 22 25:39:4 8 5 7 6 4 5
7 8 11 16:32:16 6 2 8
1 7 13 16 19 22 25:33:3 8 3 4 6 4 5
1 7 13 16 19 22 25:33:3 8 3 4 6 4 5
4 7 14 15 19 22 25:39:4 8 5 7 6 4 5
4 7 14 15 19 22 25:39:4 8 5 7 6 4 5
1 7 13 16 19 22 25:33:3 8 3 4 6 4 5
4 7 14 15 19 22 25:39:4 8 5 7 6 4 5
4 7 14 15 19 22 25:39:4 8 5 7 6 4 5
1 7 13 16 19 22 25:33:3 8 3 4 6 4 5
1 7 13 16 19 22 25:33:3 8 3 4 6 4 5
1 7 13 16 19 22 25:33:3 8 3 4 6 4 5
1 15 16 23 24:33:3 14 4 2 10
4 7 14 15 19 22 25:39:4 8 5 7 6 4 5
16 24:9:4 5
7 9 13:32:16 10 6
1 5:26:6 20
2 9 14 16 19 22:26:2 5 5 4 6 4
2 9 14 16 19 22:26:2 5 5 4 6 4
1 7 14 16 19 22:30:3 8 5 4 6 4
7 11 13 16 19:29:8 2 3 4 12
2 9 14 16 19 22:26:2 5 5 4 6 4
1 7 13 16 19 22 25:33:3 8 3 4 6 4 5
2 9 14 16 19 22:26:2 5 5 4 6 4
1 7 14 16 19 22:30:3 8 5 4 6 4
2 9 14 16 19 22:26:2 5 5 4 6 4
1 2 4 5:22:6 2 4 10
2 12:3:2 1
2 9 14 16 19 22:26:2 5 5 4 6 4
2 9 14 16 19 22:26:2 5 5 4 6 4
4 7 14 15 19 22 25:39:4 8 5 7 6 4 5
2 9 14 16 19 22:26:2 5 5 4 6 4
1 2 4 5 16 22:33:3 4 8 10 4 4
4 7 14 15 19 22 25:39:4 8 5 7 6 4 5
2 9 14 16 19 22:26:2 5 5 4 6 4
1 7 13 16 19 22 25:33:3 8 3 4 6 4 5
1 7 14 16 19 22:30:3 8 5 4 6 4
4 7 14 15 19 22 25:39:4 8 5 7 6 4 5
1 4 9 10 11:19:3 4 5 6 1
1 5 6 8 13:59:3 20 18 12 6
1 7 14 16 19 22:30:3 8 5 4 6 4
1 7 14 16 19 22:30:3 8 5 4 6 4
1 4 14 16:24:3 8 5 8
2 6 10 11 13:31:2 18 6 2 3
2 9 14 16 19 22:26:2 5 5 4 6 4
1 7 13 16 19 22 25:33:3 8 3 4 6 4 5
1 4 7 10:33:6 8 16 3
2 9 14 16 19 22:26:2 5 5 4 6 4
2 6 7:19:2 9 8
4 7 14 15 19 22 25:39:4 8 5 7 6 4 5
2 9 14 16 19 22:26:2 5 5 4 6 4
3 18 22:27:1 18 8
2 4 5:22:4 8 10
2 3 7 8 12 13:24:4 1 8 6 2 3
2 3 8 13:15:2 1 6 6
1 7 13 16 19 22 25:33:3 8 3 4 6 4 5
1 7 14 16 19 22:30:3 8 5 4 6 4
1 8 14:22:6 6 10
1 7 13 16 19 22 25:33:3 8 3 4 6 4 5
1 4 9:24:6 8 10
1 7 13 16 19 22 25:33:3 8 3 4 6 4 5
2 9 14 16 19 22:26:2 5 5 4 6 4
1 7 14 16 19 22:30:3 8 5 4 6 4
1 2 3 4 7 10:27:6 2 1 4 8 6
1 2 7 12:26:6 2 16 2
2 12 14 16 19:28:2 2 10 8 6
1 7 13 16 19 22 25:33:3 8 3 4 6 4 5
1 2 4 6 7:39:3 2 8 18 8
1 2 7 17 20:26:6 4 8 2 6
1 7 14 16 19 22:30:3 8 5 4 6 4
1 15 25:27:3 14 10
1 7 14 16 19 22:30:3 8 5 4 6 4
1 7 14 16 19 22:30:3 8 5 4 6 4
1 7 13 16 19 22 25:33:3 8 3 4 6 4 5
11 19:13:1 12
1 2:10:6 4
4 7 14 15 19 22 25:39:4 8 5 7 6 4 5
1 7 13 16 19 22 25:33:3 8 3 4 6 4 5
4 7 14 15 19 22 25:39:4 8 5 7 6 4 5
1 7 13 16 19 22 25:33:3 8 3 4 6 4 5
8 10 11:11:6 3 2
1 7 14 16 19 22:30:3 8 5 4 6 4
4 7 14 15 19 22 25:39:4 8 5 7 6 4 5
1 7 14 16 19 22:30:3 8 5 4 6 4
1 5 7 8 13 17:41:3 10 8 12 6 2
2 4 5 8 10:34:4 8 10 6 6
1 2 6 7 9 10:35:3 4 9 8 5 6
1 2 4 7 8 10:35:3 4 8 8 6 6
2 9 14 16 19 22:26:2 5 5 4 6 4
4 7 14 15 19 22 25:39:4 8 5 7 6 4 5
1 7 14 16 19 22:30:3 8 5 4 6 4
8 25:22:12 10
4 7 14 15 19 22 25:39:4 8 5 7 6 4 5
4 7 14 15 19 22 25:39:4 8 5 7 6 4 5
1 7 14 16 19 22:30:3 8 5 4 6 4
4 7 14 15 19 22 25:39:4 8 5 7 6 4 5
4 7 14 15 19 22 25:39:4 8 5 7 6 4 5
2 9 14 16 19 22:26:2 5 5 4 6 4
1 7 13 16 19 22 25:33:3 8 3 4 6 4 5
2 9 14 16 19 22:26:2 5 5 4 6 4
1 2 7 13:16:3 2 8 3
2 12 13:9:4 2 3
2 3 11 12 13 16:17:2 1 2 1 3 8
1 7 13 16 19 22 25:33:3 8 3 4 6 4 5
4 7 14 15 19 22 25:39:4 8 5 7 6 4 5
1 7 14 16 19 22:30:3 8 5 4 6 4
2 9 14 16 19 22:26:2 5 5 4 6 4
1 7 14 16 19 22:30:3 8 5 4 6 4
2 9 14 16 19 22:26:2 5 5 4 6 4
1 8 9:23:6 12 5
4 7 14 15 19 22 25:39:4 8 5 7 6 4 5
1 7 14 16 19 22:30:3 8 5 4 6 4
2 9 14 16 19 22:26:2 5 5 4 6 4
4 7 14 15 19 22 25:39:4 8 5 7 6 4 5
1 7 13 16 19 22 25:33:3 8 3 4 6 4 5
1 7 14 16 19 22:30:3 8 5 4 6 4
2 9 14 16 19 22:26:2 5 5 4 6 4
4 7 14 15 19 22 25:39:4 8 5 7 6 4 5
1 2 9 16:19:3 2 10 4
1 7 14 16 19 22:30:3 8 5 4 6 4
7 13 20 21:27:16 3 6 2
2 9 14 16 19 22:26:2 5 5 4 6 4
2 6 7 11 13 14:51:4 18 16 2 6 5
1 7 14 16 19 22:30:3 8 5 4 6 4
1 7 13 16 19 22 25:33:3 8 3 4 6 4 5
4 7 14 15 19 22 25:39:4 8 5 7 6 4 5
4 7 14 15 19 22 25:39:4 8 5 7 6 4 5
1 7 14 16 19 22:30:3 8 5 4 6 4
1 7 13 16 19 22 25:33:3 8 3 4 6 4 5
1 6 7 11 13:33:3 9 16 2 3
1 2 7 13 14:37:6 2 16 3 10
1 7 14 16 19 22:30:3 8 5 4 6 4
4 7 14 15 19 22 25:39:4 8 5 7 6 4 5
1 2 6 7 13:33:6 4 9 8 6
2 9 14 16 19 22:26:2 5 5 4 6 4
4 7 14 15 19 22 25:39:4 8 5 7 6 4 5
4 7 14 15 19 22 25:39:4 8 5 7 6 4 5
2 9 14 16 19 22:26:2 5 5 4 6 4
1 7 13 16 19 22 25:33:3 8 3 4 6 4 5
1 20:9:6 3
2 9 14 16 19 22:26:2 5 5 4 6 4
16 21 22:14:8 2 4
2 11 12:5:2 2 1
2 9 14 16 19 22:26:2 5 5 4 6 4
1 7 13 16 19 22 25:33:3 8 3 4 6 4 5
1 7 13 16 19 22 25:33:3 8 3 4 6 4 5
1 7 13 16 19 22 25:33:3 8 3 4 6 4 5
2 9 14 16 19 22:26:2 5 5 4 6 4
11 17:3:1 2
1 7 13 16 19 22 25:33:3 8 3 4 6 4 5
2 9 14 16 19 22:26:2 5 5 4 6 4
8 9:17:12 5
2 9 14 16 19 22:26:2 5 5 4 6 4
1 7 14 16 19 22:30:3 8 5 4 6 4
1 2 7 13 14 19:41:6 2 8 3 10 12
16 20:11:8 3
4 7 14 15 19 22 25:39:4 8 5 7 6 4 5
4 7 14 15 19 22 25:39:4 8 5 7 6 4 5
1 7 13 16 19 22 25:33:3 8 3 4 6 4 5
1 7 14 16 19 22:30:3 8 5 4 6 4
1 7 13 16 19 22 25:33:3 8 3 4 6 4 5
1 7 14 16 19 22:30:3 8 5 4 6 4
1 7 13 16 19 22 25:33:3 8 3 4 6 4 5
2 9 14 16 19 22:26:2 5 5 4 6 4
16 25:18:8 10
1 2 19 22 23:30:6 2 12 8 2
1 2 11 16:12:3 4 1 4
2 9 14 16 19 22:26:2 5 5 4 6 4
1 2 11 13:18:6 4 2 6
1 2 4 5 14 16:43:3 4 8 10 10 8
2 9 14 16 19 22:26:2 5 5 4 6 4
1 7 14 16 19 22:30:3 8 5 4 6 4
1 2 8 11 13:21:3 4 6 2 6
1 7 14 16 19 22:30:3 8 5 4 6 4
2 9 14 16 19 22:26:2 5 5 4 6 4
1 5 24:31:6 20 5
1 7 14 16 19 22:30:3 8 5 4 6 4
1 7 13 16 19 22 25:33:3 8 3 4 6 4 5
1 7 13 16 19 22 25:33:3 8 3 4 6 4 5
2 4 5 10 13 22:41:4 4 20 3 6 4
4 7 14 15 19 22 25:39:4 8 5 7 6 4 5
9 13:13:10 3
4 7 14 15 19 22 25:39:4 8 5 7 6 4 5
1 7 13 16 19 22 25:33:3 8 3 4 6 4 5
1 7 13 16 19 22 25:33:3 8 3 4 6 4 5
1 7 13 16 19 22 25:33:3 8 3 4 6 4 5
4 7 14 15 19 22 25:39:4 8 5 7 6 4 5
1 7 13 16 19 22 25:33:3 8 3 4 6 4 5
2 9 14 16 19 22:26:2 5 5 4 6 4
5 7 13 22:37:10 16 3 8
1 16:11:3 8
2 9 14 16 19 22:26:2 5 5 4 6 4
3 4 12 13:17:1 8 2 6
1 7 14 16 19 22:30:3 8 5 4 6 4
1 7 14 16 19 22:30:3 8 5 4 6 4
1 2 7 12 13:30:6 4 16 1 3
4 7 14 15 19 22 25:39:4 8 5 7 6 4 5
1 7 13 16 19 22 25:33:3 8 3 4 6 4 5
1 2 6 7 11 13:32:3 4 9 8 2 6
1 7 14 16 19 22:30:3 8 5 4 6 4
3 9 16 19:28:2 10 4 12
4 7 14 15 19 22 25:39:4 8 5 7 6 4 5
2 9 14 16 19 22:26:2 5 5 4 6 4
1 7 14 16 19 22:30:3 8 5 4 6 4
2 9 13:20:4 10 6
4 7 14 15 19 22 25:39:4 8 5 7 6 4 5
1 2 5 7:26:6 2 10 8
4 7 8:26:4 16 6
3 7 12 17 18:34:2 8 2 4 18
4 7 14 15 19 22 25:39:4 8 5 7 6 4 5
2 9 14 16 19 22:26:2 5 5 4 6 4
1 2 5 16 21 22:26:3 4 10 4 1 4
2 9 14 16 19 22:26:2 5 5 4 6 4
1 7 14 16 19 22:30:3 8 5 4 6 4
5 6 7 8 11 12:69:20 18 16 12 2 1
2 9 14 16 19 22:26:2 5 5 4 6 4
2 9 14 16 19 22:26:2 5 5 4 6 4
5 6 8 15 18:64:20 9 12 14 9
4 7 14 15 19 22 25:39:4 8 5 7 6 4 5
1 7 13 16 19 22 25:33:3 8 3 4 6 4 5
2 9 14 16 19 22:26:2 5 5 4 6 4
1 7 14 16 19 22:30:3 8 5 4 6 4
2 9 14 16 19 22:26:2 5 5 4 6 4
1 7 13 16 19 22 25:33:3 8 3 4 6 4 5
1 7 13 16 19 22 25:33:3 8 3 4 6 4 5
2 9 14 16 19 22:26:2 5 5 4 6 4
2 9 14 16 19 22:26:2 5 5 4 6 4
1 7 14 16 19 22:30:3 8 5 4 6 4
1 2 6 15 22 25:46:3 2 18 14 4 5
2 5 8:26:4 10 12
1 7 13 16 19 22 25:33:3 8 3 4 6 4 5
4 7 14 15 19 22 25:39:4 8 5 7 6 4 5
4 7 16:24:4 16 4
1 7 14 16 19 22:30:3 8 5 4 6 4
2 3 5 7 12 16:49:2 1 20 16 2 8
4 7 14 15 19 22 25:39:4 8 5 7 6 4 5
1 9 12 15:22:3 10 2 7
4 9 10 12 13 15:41:4 10 6 1 6 14
1 7 14 16 19 22:30:3 8 5 4 6 4
2 9 14 16 19 22:26:2 5 5 4 6 4
1 7 13 16 19 22 25:33:3 8 3 4 6 4 5
2 9 14 16 19 22:26:2 5 5 4 6 4
2 9 14 16 19 22:26:2 5 5 4 6 4
2 13:7:4 3
2 9 14 16 19 22:26:2 5 5 4 6 4
2 9 14 16 19 22:26:2 5 5 4 6 4
1 2 6 12 17:33:6 4 18 1 4
2 9 14 16 19 22:26:2 5 5 4 6 4
4 7 14 15 19 22 25:39:4 8 5 7 6 4 5
4 7 14 15 19 22 25:39:4 8 5 7 6 4 5
1 11 13 16 18:27:6 1 3 8 9
1 2 5 7 11:26:3 4 10 8 1
4 7 14 15 19 22 25:39:4 8 5 7 6 4 5
1 7 13 16 19 22 25:33:3 8 3 4 6 4 5
3 6 7 8:38:1 9 16 12
8 16:20:12 8
2 9 14 16 19 22:26:2 5 5 4 6 4
4 7 14 15 19 22 25:39:4 8 5 7 6 4 5
2 9 14 16 19 22:26:2 5 5 4 6 4
4 7 14 15 19 22 25:39:4 8 5 7 6 4 5
2 3 6 7 13:35:2 1 18 8 6
1 7 14 16 19 22:30:3 8 5 4 6 4
4 7 14 15 19 22 25:39:4 8 5 7 6 4 5
1 5 7 8 11 12:30:3 10 8 6 1 2
1 7 13 16 19 22 25:33:3 8 3 4 6 4 5
1 7 14 16 19 22:30:3 8 5 4 6 4
4 7 14 15 19 22 25:39:4 8 5 7 6 4 5
4 7 14 15 19 22 25:39:4 8 5 7 6 4 5
1 13 16:14:3 3 8
4 7 14 15 19 22 25:39:4 8 5 7 6 4 5
1 2 6 7 13 14:55:6 2 18 16 3 10
1 7 14 16 19 22:30:3 8 5 4 6 4
1 7 13 16 19 22 25:33:3 8 3 4 6 4 5
1 7 13 16 19 22 25:33:3 8 3 4 6 4 5
1 7 14 16 19 22:30:3 8 5 4 6 4
8 10 11 12 20:26:12 6 1 1 6
1 2 4 7 11:30:3 2 8 16 1
2 9 13 16:28:4 10 6 8
1 7 14 16 19 22:30:3 8 5 4 6 4
1 7 14 16 19 22:30:3 8 5 4 6 4
1 7 13 16 19 22 25:33:3 8 3 4 6 4 5
1 7 14 16 19 22:30:3 8 5 4 6 4
1 7 14 16 19 22:30:3 8 5 4 6 4
1 7 14 16 19 22:30:3 8 5 4 6 4
4 7 14 15 19 22 25:39:4 8 5 7 6 4 5
4 7 14 15 19 22 25:39:4 8 5 7 6 4 5
1 7 13 16 19 22 25:33:3 8 3 4 6 4 5
4 7 14 15 19 22 25:39:4 8 5 7 6 4 5
1 7 13 16 19 22 25:33:3 8 3 4 6 4 5
4 7 14 15 19 22 25:39:4 8 5 7 6 4 5
1 7 11 13 15:37:3 16 1 3 14
2 9 14 16 19 22:26:2 5 5 4 6 4
1 7 14 16 19 22:30:3 8 5 4 6 4
2 9 14 16 19 22:26:2 5 5 4 6 4
2 3 4 6 7 11:31:2 2 8 9 8 2
2 9 14 16 19 22:26:2 5 5 4 6 4
2 5 7 8 17:30:2 10 8 6 4
1 7 14 16 19 22:30:3 8 5 4 6 4
1 9 19:19:3 10 6
18 25:23:18 5
1 7 14 16 19 22:30:3 8 5 4 6 4
1 7 14 16 19 22:30:3 8 5 4 6 4
1 7 14 16 19 22:30:3 8 5 4 6 4
2 3 4 7 10 11:29:4 1 8 8 6 2
2 9 14 16 19 22:26:2 5 5 4 6 4
1 7 13 16 19 22 25:33:3 8 3 4 6 4 5
1 7 14 16 19 22:30:3 8 5 4 6 4
1 7 11 13 14:32:6 16 2 3 5
18 23:13:9 4
2 9 14 16 19 22:26:2 5 5 4 6 4
1 7 13 16 19 22 25:33:3 8 3 4 6 4 5
1 7 14 16 19 22:30:3 8 5 4 6 4
1 7 14 16 19 22:30:3 8 5 4 6 4
2 9 14 16 19 22:26:2 5 5 4 6 4
1 7 13 16 19 22 25:33:3 8 3 4 6 4 5
4 7 14 15 19 22 25:39:4 8 5 7 6 4 5
1 7 14 16 19 22:30:3 8 5 4 6 4
1 7 14 16 19 22:30:3 8 5 4 6 4
1 8:18:6 12
2 9 14 16 19 22:26:2 5 5 4 6 4
4 7 14 15 19 22 25:39:4 8 5 7 6 4 5
4 7 14 15 19 22 25:39:4 8 5 7 6 4 5
2 9 14 16 19 22:26:2 5 5 4 6 4
1 7 13 16 19 22 25:33:3 8 3 4 6 4 5
4 7 14 15 19 22 25:39:4 8 5 7 6 4 5
