2 6 13:14:2 9 3
2 3 6 7 10:25:4 1 9 8 3
1 2 3 4 6 8:44:3 2 1 8 18 12
2 3 6 10 11 16:25:2 2 9 6 2 4
2 4 10:15:4 8 3
2 5 13:15:2 10 3
4 5 10:34:8 20 6
6 8 10 11 12:36:18 12 3 2 1
16 18:26:8 18
1 2 3 12 15:25:3 4 2 2 14
2 5 13:15:2 10 3
12 16:6:2 4
2 6 13:14:2 9 3
2 3 8 11:18:4 1 12 1
5 16 25:29:20 4 5
2 6 13:14:2 9 3
1 3 6 8 12 15:44:3 1 18 6 2 14
2 4 6 18:44:4 4 18 18
2 3 6 9 11:21:4 1 9 5 2
12 20:4:1 3
2 6 13:14:2 9 3
6 7 10 11 12:31:9 16 3 2 1
3 6 10 15 17:22:1 9 3 7 2
2 5 13:15:2 10 3
8 9:17:12 5
2 3 6 11 12:27:4 2 18 1 2
2 6 13:14:2 9 3
2 5 6 11:24:4 10 9 1
2 5 13:15:2 10 3
2 9 12 16 20:27:2 10 1 8 6
8 25:11:6 5
2 5 13:15:2 10 3
2 5 11 12:25:2 20 1 2
9 11:11:10 1
8 25:11:6 5
2 6 13:14:2 9 3
2 6 13:14:2 9 3
2 6 8 11 12 14:46:2 18 12 2 2 10
6 8 11 12:34:18 12 2 2
1 3 6 11:27:6 2 18 1
2 6 13:14:2 9 3
2 3 4 7 8 12:35:4 2 8 8 12 1
3 6 13:17:2 9 6
2 3 6 7 8 11:39:4 2 18 8 6 1
2 16:6:2 4
2 6 13:14:2 9 3
2 5 13:15:2 10 3
3 16:10:2 8
2 6 13:14:2 9 3
9 11:12:10 2
4 11 12 16:15:4 1 2 8
2 4 5 6:35:2 4 20 9
8 11 25:12:6 1 5
2 5 13:15:2 10 3
2 6 13:14:2 9 3
2 6 13:14:2 9 3
9 11 19:23:10 1 12
2 6 8 10 11 16:37:2 18 6 6 1 4
2 5 13:15:2 10 3
2 4 8 11 12 13:30:4 8 12 2 1 3
2 5 13:15:2 10 3
2 16:10:2 8
2 6 13:14:2 9 3
2 6 13:14:2 9 3
2 5 13:15:2 10 3
2 6 13:14:2 9 3
2 7 8 11 16:39:2 16 12 1 8
2 6 7 11 12 15:39:4 9 16 2 1 7
2 6 9:23:4 9 10
2 6 13:14:2 9 3
2 6 13:14:2 9 3
2 6 13:14:2 9 3
1 2 3 11 12 13:15:6 2 1 2 1 3
2 4 11 12 15 16:24:2 4 1 2 7 8
2 6 13:14:2 9 3
3 5 6 9 11 12:44:2 20 9 10 2 1
6 20:21:18 3
2 5 6 9 10 11:38:2 10 9 10 6 1
2 3 9 11 12:19:4 1 10 2 2
2 6 13:14:2 9 3
11 25:6:1 5
2 16:10:2 8
2 5 13:15:2 10 3
3 25:7:2 5
2 3 4 12 14:17:4 2 4 2 5
3 12 13:7:2 2 3
2 5 6:42:4 20 18
2 5 13:15:2 10 3
2 6 9 11 19 20:28:4 9 5 1 6 3
2 4 7 11 16:26:4 8 8 2 4
2 5 6 10 11 12:41:4 10 18 6 2 1
8 9:16:6 10
6 11 13 14:36:18 2 6 10
2 3 4 6:19:4 2 4 9
2 6 13:14:2 9 3
3 11 16 17:10:2 2 4 2
2 4 5 6 7 10:70:2 8 20 18 16 6
3 6 10 15:30:1 9 6 14
2 5 13:15:2 10 3
2 5 13:15:2 10 3
16 19:14:8 6
2 6 13:14:2 9 3
9 10 11:13:5 6 2
2 4 11 12 16:19:4 4 2 1 8
2 10:8:2 6
2 6 13:14:2 9 3
2 12:4:2 2
1 5 6 11:43:3 20 18 2
2 10 12:10:2 6 2
2 5 13:15:2 10 3
2 5 9:34:4 20 10
1 2 3 12:10:3 4 1 2
5 6 11 12 13 16:46:10 18 2 2 6 8
2 5 13:15:2 10 3
2 6 13:14:2 9 3
2 5 13:15:2 10 3
2 6 13:14:2 9 3
3 6 8 10 11:24:1 9 6 6 2
1 4 6 9 11:40:6 4 18 10 2
2 6 13:14:2 9 3
2 3 6 7 8:46:4 2 18 16 6
2 3 11:5:2 1 2
9 10:16:10 6
3 25:7:2 5
6 8 11 12:18:9 6 2 1
2 6 9 12:23:2 9 10 2
3 16:6:2 4
2 4 12 13 14 18:48:4 8 2 6 10 18
2 6 11 12 15:30:4 9 1 2 14
2 11 16:9:4 1 4
2 4 10 14 15:35:4 4 3 10 14
2 7 11 12 13 14:25:2 8 2 2 6 5
12 25:6:1 5
6 9 11 12 14 17:36:9 10 2 1 10 4
1 6 12 14:28:3 18 2 5
2 4 6 8 11 16:29:4 4 9 6 2 4
5 6 8 11 12:34:10 9 12 2 1
1 3 9 11:16:3 1 10 2
2 5 7 11 14 18:52:4 20 8 1 10 9
2 5 13:15:2 10 3
3 6 7 12 13 14:47:1 18 16 1 6 5
2 6 7 13 16:39:2 18 8 3 8
5 25:20:10 10
2 5 13:15:2 10 3
2 17:4:2 2
2 3 6 7 9 11:35:4 2 9 8 10 2
2 3 4 11:8:2 1 4 1
2 6 11 12:15:4 9 1 1
2 11 15:11:2 2 7
2 6 7:21:4 9 8
10 12:8:6 2
11 12 13 16:14:2 1 3 8
6 9 11 12 13 16:36:9 10 1 2 6 8
1 4 5 6 8:51:3 4 20 18 6
6 8 11 12 14 16:34:9 12 2 2 5 4
3 6 7 10 11 12:35:1 18 8 6 1 1
2 3 5 6 10 11:48:4 1 20 18 3 2
2 11:6:4 2
4 9 11:10:4 5 1
2 4 11:10:4 4 2
2 5 13:15:2 10 3
2 6 12 16:16:2 9 1 4
2 5 13:15:2 10 3
2 6 10 11 12 16:34:2 18 3 1 2 8
2 5 13:15:2 10 3
2 6 7 10 11:36:4 9 16 6 1
2 4 5 11 13 18:41:2 4 10 1 6 18
2 6 13:14:2 9 3
2 5 13:15:2 10 3
2 5 13:15:2 10 3
2 5 13:15:2 10 3
2 5 13:15:2 10 3
2 6 13:14:2 9 3
1 2 3 7:18:6 2 2 8
2 6 17 18 20:30:4 9 2 9 6
11 16 19:17:1 4 12
2 6 13:14:2 9 3
5 6 11 12 14 15:39:10 9 2 1 10 7
6 11 12 13:14:9 1 1 3
12 18:20:2 18
16 25:14:4 10
2 5 13:15:2 10 3
2 5 13:15:2 10 3
3 10 11 12:7:2 3 1 1
2 6 11 12 16:18:2 9 2 1 4
2 6 13:14:2 9 3
2 6 11 14 18:47:4 18 2 5 18
2 16:10:2 8
2 6 11 13:16:2 9 2 3
1 2 3 6:19:6 2 2 9
1 2 4 10:24:6 4 8 6
2 4 6 11:27:4 4 18 1
1 3 6 11 12 15:33:6 2 9 1 1 14
2 6 13:14:2 9 3
9 11 12 13 16:18:5 1 1 3 8
2 10 11 12:14:4 6 2 2
2 5 13:15:2 10 3
2 5 13:15:2 10 3
6 12 19 20:28:18 1 6 3
2 7 11 12 16:20:2 8 1 1 8
4 12 13 15 16 18:41:8 1 3 7 4 18
2 6 13:14:2 9 3
2 6 13:14:2 9 3
16 25:13:8 5
2 5 13:15:2 10 3
2 4 6 9 12 20:43:4 4 18 10 1 6
2 6 13:14:2 9 3
2 25:9:4 5
2 4 6 7 8 10:56:2 8 18 16 6 6
3 4 5 6 7 8:58:2 4 20 18 8 6
2 6 7 11 12 13:31:4 9 8 2 2 6
4 5 14 16:41:8 20 5 8
2 5 13:15:2 10 3
2 6 13:14:2 9 3
1 2 6 19:26:3 2 9 12
2 6 10 11:28:2 18 6 2
8 11 14 17 20:26:12 1 5 2 6
12 20:4:1 3
2 3 8 11 12 16:22:2 2 6 2 2 8
6 8 12 13 15 16:30:9 6 1 3 7 4
3 25:12:2 10
11 19:14:2 12
2 6 8 25:38:4 18 6 10
1 11 20:13:6 1 6
2 6 13:14:2 9 3
2 6 13:14:2 9 3
2 5 13:15:2 10 3
2 5 9 13 14:35:2 20 5 3 5
2 5 13:15:2 10 3
2 3 6 10:20:4 1 9 6
2 11 16:11:2 1 8
10 12 14:13:6 2 5
2 5 13:15:2 10 3
2 5 13:15:2 10 3
4 6 11 12 13 15:38:8 18 1 1 3 7
16 18 25:31:8 18 5
2 6 13:14:2 9 3
6 12:10:9 1
11 12 18 20:15:1 2 9 3
2 6 13:14:2 9 3
2 6 13:14:2 9 3
1 2 3 4 5:35:3 2 2 8 20
2 5 13:15:2 10 3
2 13 20:8:2 3 3
2 8 9 11:20:2 6 10 2
2 5 13:15:2 10 3
2 6 13:14:2 9 3
1 2 4 6 7:33:6 2 8 9 8
2 5 13:15:2 10 3
2 4 11 12 16:14:2 4 2 2 4
3 5 7 12 16:35:1 20 8 2 4
2 6 8 10:32:2 18 6 6
2 6 11:13:2 9 2
2 5 13:15:2 10 3
2 5 6 9 11:51:2 20 18 10 1
2 6 13:14:2 9 3
2 5 13:15:2 10 3
2 5 6 9 12:44:4 20 9 10 1
2 4 11:7:2 4 1
2 3 5 9 11:36:4 1 20 10 1
2 18:22:4 18
1 8:9:3 6
2 5 13:15:2 10 3
2 5 13:15:2 10 3
2 5 13:15:2 10 3
1 11 16:8:3 1 4
1 2 6 9 10 11:29:3 4 9 5 6 2
2 5 13:15:2 10 3
16 19:20:8 12
2 5 13:15:2 10 3
1 2 6:17:6 2 9
2 5 13:15:2 10 3
2 6 13:14:2 9 3
2 5 13:15:2 10 3
12 25:6:1 5
2 12 16 17 19:27:2 1 8 4 12
2 6 8 9 10 12:44:2 18 12 5 6 1
10 16:7:3 4
2 6 9 11:19:4 9 5 1
2 5 13:15:2 10 3
6 11 12 20 25:26:9 2 2 3 10
2 3 6 8 11 14:39:2 1 18 12 1 5
2 6 11 12 13 16:25:2 9 2 1 3 8
2 14 16 18:22:4 5 4 9
8 9 12:18:6 10 2
2 3 6 9 11 12:21:2 1 9 5 2 2
2 3 14 15:23:2 2 5 14
12 13 17 19:22:2 6 2 12
2 6 11 19 20 25:32:2 9 1 12 3 5
1 11:7:6 1
2 6 13:14:2 9 3
2 5 13:15:2 10 3
2 6 13:14:2 9 3
2 5 13:15:2 10 3
2 5 6 8:45:4 20 9 12
2 5 13:15:2 10 3
2 6 13:14:2 9 3
3 6 8 9:21:1 9 6 5
2 5 13:15:2 10 3
2 6 13:14:2 9 3
2 6 11 12:14:2 9 1 2
1 7 8 10 12 15:41:6 8 6 6 1 14
5 6 11:29:10 18 1
2 6 11 16 20:20:2 9 2 4 3
2 5 13:15:2 10 3
4 6 12 15 16 18:42:8 9 1 7 8 9
4 5 11:19:8 10 1
1 4 12 19 20:21:3 8 1 6 3
2 6 13:14:2 9 3
2 16:8:4 4
1 2 8 11:18:3 2 12 1
1 2 6:25:3 4 18
2 5 13:15:2 10 3
2 11 12 15:18:2 1 1 14
2 6 7 11 12:33:4 18 8 2 1
2 6 9 11 12 19:36:4 18 5 2 1 6
16 20 25:24:8 6 10
1 20:12:6 6
2 5 6 11:33:2 20 9 2
2 6 13:14:2 9 3
1 3 4 11:10:3 1 4 2
5 6 12 15:27:10 9 1 7
2 19:8:2 6
2 7 12 16 18:31:4 8 2 8 9
10 11 12:9:6 1 2
2 3 6 7 11:24:4 1 9 8 2
2 4 6 12:31:4 8 18 1
1 20:9:6 3
2 9 12 14 16:32:2 10 2 10 8
3 6 10 12 13:22:2 9 6 2 3
2 5 13:15:2 10 3
12 16 19:12:2 4 6
11 12:4:2 2
2 6 13:14:2 9 3
2 6 13:14:2 9 3
2 5 7 11:29:2 10 16 1
2 5 13:15:2 10 3
5 6 14:33:10 18 5
2 5 13:15:2 10 3
5 11 12 16:28:20 2 2 4
1 10:9:3 6
2 5 13:15:2 10 3
1 6 7:28:3 9 16
2 3 11:5:2 2 1
2 6 13:14:2 9 3
3 4 5 6:34:2 4 10 18
4 11 12:8:4 2 2
2 6 13:14:2 9 3
5 6 7 9 10 11:45:10 9 8 10 6 2
11 25:11:1 10
2 6 13:14:2 9 3
3 4 6 11 12:21:2 8 9 1 1
5 6 8:44:20 18 6
2 11 12:4:2 1 1
2 5 6 10 11 12:27:2 10 9 3 1 2
1 5 6:32:3 20 9
6 8 11 14 20:33:9 12 1 5 6
1 2 6 8 11 12:31:3 4 9 12 1 2
7 10 11 12 15:32:16 6 2 1 7
10 13 14:22:6 6 10
2 5 13:15:2 10 3
2 5 13:15:2 10 3
2 16:10:2 8
1 6 9 11 12:19:3 9 5 1 1
2 4 6 11:19:4 4 9 2
9 17 18:27:5 4 18
2 8 12 14 16 17:30:2 12 1 5 8 2
2 7 16 20:32:2 16 8 6
6 7 11:28:18 8 2
4 5 7 8 12 13:53:8 20 8 12 2 3
2 6 13:14:2 9 3
2 5 13:15:2 10 3
2 3 8 11 13:20:2 2 12 1 3
2 5 13:15:2 10 3
6 10 11 12 13 16:29:9 6 2 1 3 8
2 3 6 9 10 14:35:4 1 9 5 6 10
2 6 13:14:2 9 3
1 2 6 16:32:6 4 18 4
2 16:8:4 4
2 5 13:15:2 10 3
2 4 5 6 16:29:2 4 10 9 4
8 11 12:9:6 1 2
1 8 9 11:18:6 6 5 1
3 5 7 12 13:24:1 10 8 2 3
2 16:8:4 4
2 3 8 11:16:2 1 12 1
2 7 8 10 11:27:2 8 12 3 2
2 6 13:14:2 9 3
1 2 6 16:24:3 4 9 8
1 2 9:15:3 2 10
11 16 17:10:2 4 4
2 4 6 11 12:18:2 4 9 1 2
3 6 7 8 11:50:2 18 16 12 2
2 6 13:14:2 9 3
1 2 5 8 12:28:3 2 10 12 1
2 6 13:14:2 9 3
12 20:8:2 6
2 6 13:14:2 9 3
2 5 6 11:43:4 20 18 1
1 2 7 8:38:6 4 16 12
2 6 13:14:2 9 3
9 11:11:10 1
2 6 13:14:2 9 3
5 7 9 13 14:52:10 16 10 6 10
4 5 11 12 13 14:47:8 20 1 2 6 10
2 6 13:14:2 9 3
11 18:11:2 9
2 6 13:14:2 9 3
2 18:13:4 9
2 6 13:14:2 9 3
6 9 10 12 13:28:9 5 6 2 6
2 5 13:15:2 10 3
16 17:8:4 4
2 3 6 10 12:30:2 2 18 6 2
2 6 13:14:2 9 3
2 5 13:15:2 10 3
2 6 13:14:2 9 3
2 6 13:14:2 9 3
16 18 25:22:8 9 5
3 4 8 10:24:2 4 12 6
2 5 13:15:2 10 3
2 6 11 12:23:2 18 2 1
2 5 13:15:2 10 3
2 6 13:14:2 9 3
2 5 13:15:2 10 3
1 2 6 7 11 13:50:6 2 18 16 2 6
2 6 13:14:2 9 3
1 3 5 6 11:46:6 1 20 18 1
2 3 6 12 16:30:2 1 18 1 8
2 5 6 11 12:34:4 10 18 1 1
2 6 13:14:2 9 3
9 10 11 16 17:20:5 6 1 4 4
5 10 15 16:48:20 6 14 8
2 19:8:2 6
16 25:9:4 5
2 5 13:15:2 10 3
1 2 3 11 12 13:12:3 2 1 2 1 3
8 25:16:6 10
2 6 11 12:22:2 18 1 1
2 5 13:15:2 10 3
2 9 11 12 15:29:2 10 2 1 14
2 6 13:14:2 9 3
2 6 13:14:2 9 3
6 12 25:29:18 1 10
1 2 6 7:31:3 2 18 8
5 6 7:44:10 18 16
1 6 7 11:31:3 18 8 2
5 8 9 12 13:41:20 6 10 2 3
8 16:16:12 4
6 11 15:24:9 1 14
6 12 15 16 17:35:18 2 7 4 4
2 8 16:12:2 6 4
2 6 13:14:2 9 3
2 3 6:21:2 1 18
1 2 3 7 12 16:32:6 2 2 16 2 4
2 6 10 11:30:4 18 6 2
2 6 9:16:2 9 5
2 6 13:14:2 9 3
2 6 13:14:2 9 3
2 7 8 11:27:4 16 6 1
2 16 18:19:2 8 9
9 16:13:5 8
3 5 9 11 15 16:48:1 20 10 2 7 8
2 5 13:15:2 10 3
2 4:12:4 8
1 6 8 11 12 14:39:6 18 6 2 2 5
2 5 13:15:2 10 3
2 5 13:15:2 10 3
2 5 6 8 11:39:4 10 18 6 1
2 6 13:14:2 9 3
2 5 13:15:2 10 3
2 12 17:8:4 2 2
2 5 13:15:2 10 3
2 5 9 11 12 14:35:2 20 5 1 2 5
2 6 13:14:2 9 3
2 5 13:15:2 10 3
2 5 13:15:2 10 3
2 6 13:14:2 9 3
2 5 13:15:2 10 3
11 12 15 16 19:36:1 1 14 8 12
9 11:12:10 2
3 25:6:1 5
2 11 15:11:2 2 7
2 3 6 12 18 19:29:2 1 9 2 9 6
2 8 12:10:2 6 2
6 8 11 12 15:39:18 12 1 1 7
2 25:9:4 5
2 5 13:15:2 10 3
6 11 12:11:9 1 1
6 11 12 13:23:18 1 1 3
2 6 13:14:2 9 3
2 6 13:14:2 9 3
2 5 6 8 12 16:49:2 20 9 12 2 4
8 9:17:12 5
2 6 13:14:2 9 3
2 5 13:15:2 10 3
2 5 13:15:2 10 3
2 6 13:14:2 9 3
2 11 12 16 19 20:17:2 1 1 4 6 3
2 5 13:15:2 10 3
