1 2 10 15 18:24:3 2 3 7 9
4 7 13:15:4 8 3
1 3 4:8:3 1 4
3 9 10 17 20:14:1 5 3 2 3
1 14 20:11:3 5 3
2 4 8 13 14:20:2 4 6 3 5
10 15 16:14:3 7 4
9 11 12 17 20:12:5 1 1 2 3
10 11 17:6:3 1 2
3 11 12:3:1 1 1
3 9:6:1 5
3 12:2:1 1
1 5 13 15 19:29:3 10 3 7 6
2 3 4 11 14 17:15:2 1 4 1 5 2
6 8 16 17:21:9 6 4 2
10 12 17 20:9:3 1 2 3
13 14 15:15:3 5 7
1 9 10 18:20:3 5 3 9
3 11 12:3:1 1 1
6 7 8 13 15:33:9 8 6 3 7
5 6 15:26:10 9 7
3 9 10 12 17:12:1 5 3 1 2
9 10 20:11:5 3 3
1 5 13 14 16:25:3 10 3 5 4
3 12:2:1 1
3 4 9 12 13 14:19:1 4 5 1 3 5
4 5 6 8 11 18:39:4 10 9 6 1 9
2 4 7 8 10 14:28:2 4 8 6 3 5
1 5 14 15 19:31:3 10 5 7 6
5 8 20:19:10 6 3
1 7 9 11 12 18:27:3 8 5 1 1 9
5 7 8 13 15:34:10 8 6 3 7
3 9 11 17:9:1 5 1 2
4 9 17:11:4 5 2
10 12 20:7:3 1 3
13 14 15:15:3 5 7
2 7 13:13:2 8 3
3 10 12 20:8:1 3 1 3
9 12:6:5 1
3 10 11 12 20:9:1 3 1 1 3
3 9 11 12 17:10:1 5 1 1 2
3 20:4:1 3
2 6 7 15:26:2 9 8 7
4 6 8:19:4 9 6
3 11:2:1 1
3 11 12 13 16:10:1 1 1 3 4
3 17 20:6:1 2 3
5 7 8 12 13 19:34:10 8 6 1 3 6
1 7 15:18:3 8 7
9 12 20:9:5 1 3
8 14:11:6 5
2 6 16 20:18:2 9 4 3
3 9 10:9:1 5 3
2 7 8 13 14:24:2 8 6 3 5
2 4 10 17 20:14:2 4 3 2 3
7 8 9 18:28:8 6 5 9
7 15:15:8 7
2 4 9 11 20:15:2 4 5 1 3
3 9 10 11 20:13:1 5 3 1 3
3 10 12 17:7:1 3 1 2
1 2 6 8 14:25:3 2 9 6 5
1 3 12 16 20:12:3 1 1 4 3
4 7 8 13:21:4 8 6 3
3 9 12 17:9:1 5 1 2
9 11 20:9:5 1 3
1 6 8 13:21:3 9 6 3
3 4 5 14 15 17:29:1 4 10 5 7 2
3 11 15:9:1 1 7
5 8 11 15:24:10 6 1 7
4 6:13:4 9
1 5 14 15 19:31:3 10 5 7 6
1 3 14 15:16:3 1 5 7
3 9 12 20:10:1 5 1 3
9 11:6:5 1
11 17 20:6:1 2 3
2 7 8:16:2 8 6
9 17:7:5 2
9 11:6:5 1
9 12:6:5 1
9 10 17:10:5 3 2
6 11 13:13:9 1 3
4 6 9 13 15 16:32:4 9 5 3 7 4
2 4 7 8 13:23:2 4 8 6 3
9 10 20:11:5 3 3
5 8 15:23:10 6 7
1 5 10 14:21:3 10 3 5
2 7 10 12:14:2 8 3 1
1 4 7 14:20:3 4 8 5
4 5 8 13 14:28:4 10 6 3 5
4 5 8:20:4 10 6
2 3 7 14 15 17:25:2 1 8 5 7 2
4 5 6 7 13:34:4 10 9 8 3
3 9 10 12 20:13:1 5 3 1 3
7 15 16 19:25:8 7 4 6
1 8:9:3 6
9 10 11 20:12:5 3 1 3
3 5 8 11 14 17:25:1 10 6 1 5 2
3 10 12:5:1 3 1
9 11 12 17 20:12:5 1 1 2 3
2 7:10:2 8
9 11:6:5 1
8 9 10 14 20:22:6 5 3 5 3
1 5 6 7:30:3 10 9 8
2 6 7 8 10 16:32:2 9 8 6 3 4
1 8 13:12:3 6 3
1 2 9 13 18:22:3 2 5 3 9
17 20:5:2 3
4 13:7:4 3
2 4 5 8 14:27:2 4 10 6 5
9 11 17:8:5 1 2
3 10 11 12 20:9:1 3 1 1 3
2 5 8 17:20:2 10 6 2
5 13 14 15:25:10 3 5 7
2 4 7 15:21:2 4 8 7
4 5 12 17 18:26:4 10 1 2 9
3 4 7 12 17 20:19:1 4 8 1 2 3
3 5 9 13 14 20:27:1 10 5 3 5 3
5 8:16:10 6
7 15 16:19:8 7 4
3 6 7 10:21:1 9 8 3
2 13:5:2 3
9 10 11 17 20:14:5 3 1 2 3
9 12 17:8:5 1 2
3 9 10 11:10:1 5 3 1
4 7 10 11 12 13:20:4 8 3 1 1 3
2 3 13 15 18:22:2 1 3 7 9
6 16 19:19:9 4 6
1 6 13 15 17:24:3 9 3 7 2
2 5 6 8:27:2 10 9 6
1 5:13:3 10
1 4 6 13 15:26:3 4 9 3 7
10 20:6:3 3
5 6 12:20:10 9 1
4 14:9:4 5
6 12 16 18:23:9 1 4 9
8 12 13 19 20:19:6 1 3 6 3
4 18 19 20:22:4 9 6 3
5 7 14:23:10 8 5
9 10 11 12 17:12:5 3 1 1 2
1 6 14 16 19:27:3 9 5 4 6
10 19 20:12:3 6 3
3 17:3:1 2
4 5 8 15 17 20:32:4 10 6 7 2 3
6 9 10 18 20:29:9 5 3 9 3
9 11 17 20:11:5 1 2 3
1 4 14 15:19:3 4 5 7
3 7 13 15 18:28:1 8 3 7 9
5 6 8 15:32:10 9 6 7
2 4 13:9:2 4 3
3 12 17:4:1 1 2
5 7 8 16 19:34:10 8 6 4 6
7 9 15:20:8 5 7
3 11 12 20:6:1 1 1 3
1 3 10 13 14 18:24:3 1 3 3 5 9
6 11 14:15:9 1 5
4 5 8 14:25:4 10 6 5
1 2 5 6:24:3 2 10 9
1 2 5 12 14 15:28:3 2 10 1 5 7
2 4 5 13 15:26:2 4 10 3 7
10 11 20:7:3 1 3
3 10:4:1 3
3 12 20:5:1 1 3
6 15:16:9 7
7 8 11 14 15 16:31:8 6 1 5 7 4
1 2 16:9:3 2 4
9 17 20:10:5 2 3
1 5 7 8:27:3 10 8 6
1 2 4 16 19:19:3 2 4 4 6
4 11 18:14:4 1 9
10 11:4:3 1
1 13:6:3 3
4 6 13 15:23:4 9 3 7
7 11 17 20:14:8 1 2 3
4 5 6:23:4 10 9
2 6 14:16:2 9 5
3 9 11 12 17:10:1 5 1 1 2
1 10 11 18:16:3 3 1 9
2 6 8 13 14:25:2 9 6 3 5
4 7 14:17:4 8 5
10 20:6:3 3
3 17:3:1 2
9 11:6:5 1
6 8 13:18:9 6 3
1 2 4 7 10 20:23:3 2 4 8 3 3
10 17 20:8:3 2 3
10 11 12:5:3 1 1
5 6 8 13 15:35:10 9 6 3 7
11 17 20:6:1 2 3
1 8 14:14:3 6 5
1 2 4 5 13:22:3 2 4 10 3
12 17:3:1 2
1 13 16 19:16:3 3 4 6
1 2 3 11 16:11:3 2 1 1 4
10 11 12 17:7:3 1 1 2
1 6 8 11 18:28:3 9 6 1 9
3 11 13 15:12:1 1 3 7
1 13 17:8:3 3 2
2 7 8:16:2 8 6
3 10:4:1 3
6 16 18:22:9 4 9
7 8:14:8 6
6 12 16:14:9 1 4
5 6 13:22:10 9 3
9 10 12 17 20:14:5 3 1 2 3
1 5 13 14:21:3 10 3 5
3 11 14 15 18 19:29:1 1 5 7 9 6
1 6 14 16 19:27:3 9 5 4 6
6 7 13 14 15:32:9 8 3 5 7
3 4 5 14 16:24:1 4 10 5 4
8 13 15:16:6 3 7
1 4 6 9 15 17:30:3 4 9 5 7 2
5 8 13 14 15:31:10 6 3 5 7
3 11 12 20:6:1 1 1 3
5 8 10:19:10 6 3
3 11 17:4:1 1 2
11 17:3:1 2
2 13:5:2 3
3 9:6:1 5
1 5 8 13 14:27:3 10 6 3 5
2 13 14 15:17:2 3 5 7
2 11 16 20:10:2 1 4 3
1 4 6 13 15:26:3 4 9 3 7
3 9 12 17 20:12:1 5 1 2 3
1 4 8 13:16:3 4 6 3
6 8 13 15:25:9 6 3 7
5 11 15:18:10 1 7
4 6 7 14 15:33:4 9 8 5 7
3 9 11 12:8:1 5 1 1
11 13 15:11:1 3 7
2 5 8 14 15:30:2 10 6 5 7
7 13 14:16:8 3 5
11 12 17 20:7:1 1 2 3
3 9 20:9:1 5 3
12 17:3:1 2
5 7 8:24:10 8 6
3 10 17:6:1 3 2
3 11 12 17 20:8:1 1 1 2 3
13 15:10:3 7
1 5 6 8 15:35:3 10 9 6 7
5 9 10 14 17 18:34:10 5 3 5 2 9
6 7 8 14:28:9 8 6 5
10 20:6:3 3
3 9 11 17:9:1 5 1 2
1 2 4 6 7:26:3 2 4 9 8
9 11 12 17:9:5 1 1 2
10 11 17:6:3 1 2
2 5 6 16 18 19:40:2 10 9 4 9 6
1 2 8 15 16 19:28:3 2 6 7 4 6
3 10 15 20:14:1 3 7 3
3 7 10:12:1 8 3
1 4 5 14 15:29:3 4 10 5 7
2 4 15:13:2 4 7
2 17 18 20:16:2 2 9 3
1 7 9 11 12 14:23:3 8 5 1 1 5
12 20:4:1 3
1 5 14:18:3 10 5
10 11 17 20:9:3 1 2 3
10 12 17:6:3 1 2
8 13:9:6 3
3 9 20:9:1 5 3
7 13 14:16:8 3 5
8 18 19:21:6 9 6
1 6 14 16 19:27:3 9 5 4 6
10 11 16:8:3 1 4
5 7 15:25:10 8 7
1 2 13 14:13:3 2 3 5
3 9:6:1 5
1 5 14 15 19:31:3 10 5 7 6
3 10 12 20:8:1 3 1 3
8 10 19:15:6 3 6
2 4 15:13:2 4 7
9 10 11 17:11:5 3 1 2
4 7:12:4 8
4 7 10 13 16 20:25:4 8 3 3 4 3
2 13 15 16 17 20:21:2 3 7 4 2 3
1 5 13 15 19:29:3 10 3 7 6
4 5 13 14:22:4 10 3 5
3 12:2:1 1
2 11 12 13 15:14:2 1 1 3 7
12 17:3:1 2
1 4 6 8 14 18:36:3 4 9 6 5 9
4 8 9 12:16:4 6 5 1
3 10 12 17:7:1 3 1 2
10 20:6:3 3
3 9 10 17 20:14:1 5 3 2 3
1 4 8 9:18:3 4 6 5
2 7 15:17:2 8 7
2 3 5 9 11 14:24:2 1 10 5 1 5
2 6 13 15 19:27:2 9 3 7 6
10 12 17 20:9:3 1 2 3
11 12:2:1 1
10 17 20:8:3 2 3
1 5 7 13 14:29:3 10 8 3 5
2 6 7 14:24:2 9 8 5
3 10 12 17 20:10:1 3 1 2 3
3 12:2:1 1
2 4 6:15:2 4 9
6 9 11 13 19:24:9 5 1 3 6
9 17:7:5 2
3 10 11 12 20:9:1 3 1 1 3
9 10 12 20:12:5 3 1 3
8 14 17 18:22:6 5 2 9
5 8 16:20:10 6 4
2 4 8 14 15:24:2 4 6 5 7
3 11:2:1 1
9 12 13 17 20:14:5 1 3 2 3
2 5 13 14 15:27:2 10 3 5 7
3 11 12 17:5:1 1 1 2
10 12:4:3 1
3 6 7 9 11:24:1 9 8 5 1
1 4 10 20:13:3 4 3 3
11 20:4:1 3
9 12 17:8:5 1 2
8 13 14:14:6 3 5
6 15 16:20:9 7 4
10 12 14 18:18:3 1 5 9
5 11 14:16:10 1 5
2 6 14:16:2 9 5
5 7 14 17 19:31:10 8 5 2 6
1 2 15:12:3 2 7
4 13:7:4 3
2 6 13 15:21:2 9 3 7
1 5 13 15 19:29:3 10 3 7 6
2 3 11 14 19:15:2 1 1 5 6
9 10 11 20:12:5 3 1 3
12 17 20:6:1 2 3
2 6 11 14 19:23:2 9 1 5 6
5 7 8 13 19 20:36:10 8 6 3 6 3
1 8 11 13 16 18:26:3 6 1 3 4 9
8 10 11 14 16 19:25:6 3 1 5 4 6
1 6 7 13 14:28:3 9 8 3 5
7 14 15:20:8 5 7
8 12 14 18 20:24:6 1 5 9 3
5 8 13 14:24:10 6 3 5
3 12 17:4:1 1 2
11 17:3:1 2
3 10 18:13:1 3 9
11 17 20:6:1 2 3
2 6 9 12 14 20:25:2 9 5 1 5 3
3 8 11 16 20:15:1 6 1 4 3
1 7:11:3 8
12 17:3:1 2
11 12 13 18:14:1 1 3 9
1 5 14 15 19:31:3 10 5 7 6
3 10:4:1 3
1 2 4 7 13:20:3 2 4 8 3
11 17:3:1 2
10 11 15:11:3 1 7
3 10 11 17:7:1 3 1 2
11 12 20:5:1 1 3
2 5 6 7 15:36:2 10 9 8 7
3 5 10 19 20:23:1 10 3 6 3
4 13 14 15:19:4 3 5 7
2 5 6 14:26:2 10 9 5
1 6 14 16 19:27:3 9 5 4 6
3 9:6:1 5
4 6 9 11 14:24:4 9 5 1 5
2 7 14:15:2 8 5
5 6 10 12 18 19:38:10 9 3 1 9 6
3 11 19:8:1 1 6
3 12 17:4:1 1 2
3 9 10 11:10:1 5 3 1
2 7 8:16:2 8 6
1 6 13 14 15:27:3 9 3 5 7
4 8 14 15:22:4 6 5 7
17 20:5:2 3
3 9 10 11 17:12:1 5 3 1 2
8 11 12 15 19 20:24:6 1 1 7 6 3
4 5 6:23:4 10 9
1 5 13 15 19:29:3 10 3 7 6
4 5 12 16 17 18:30:4 10 1 4 2 9
12 17:3:1 2
3 7 8 14 16 18:33:1 8 6 5 4 9
3 11 12:3:1 1 1
5 8 9:21:10 6 5
4 18 20:16:4 9 3
7 8 9 12 13:23:8 6 5 1 3
7 10 18:20:8 3 9
6 7 8 15:30:9 8 6 7
3 20:4:1 3
1 3 6 16:17:3 1 9 4
3 7 10 14:17:1 8 3 5
9 10 11 12:10:5 3 1 1
1 5 12 16:18:3 10 1 4
2 3 11 14 20:12:2 1 1 5 3
3 9 10 17:11:1 5 3 2
1 4 7 8:21:3 4 8 6
3 5 15 16:22:1 10 7 4
2 5 6 15:28:2 10 9 7
2 5 13:15:2 10 3
9 10 11 17:11:5 3 1 2
6 13 14 15 17 19:32:9 3 5 7 2 6
1 9 11 12 17:12:3 5 1 1 2
6 15:16:9 7
8 15:13:6 7
7 15:15:8 7
3 11:2:1 1
3 7 13 16 17 20:21:1 8 3 4 2 3
5 7:18:10 8
10 11 20:7:3 1 3
2 7 8 14:21:2 8 6 5
6 9 13 14 20:25:9 5 3 5 3
1 6 10:15:3 9 3
2 5 10 16 17:21:2 10 3 4 2
1 7 14:16:3 8 5
17 18 19:17:2 9 6
8 9 11 16:16:6 5 1 4
10 11 17 20:9:3 1 2 3
5 6 7 8 13:36:10 9 8 6 3
3 12 17 20:7:1 1 2 3
2 4 9 12 16 17:18:2 4 5 1 4 2
3 10 11 20:8:1 3 1 3
1 2 11 12 15 18:23:3 2 1 1 7 9
6 10 14 16:21:9 3 5 4
3 9 10 12 20:13:1 5 3 1 3
3 14 18:15:1 5 9
1 7 8 15:24:3 8 6 7
10 20:6:3 3
1 5 13 15 19:29:3 10 3 7 6
3 6 7 8 13 14:32:1 9 8 6 3 5
1 5 14 15 19:31:3 10 5 7 6
1 6:12:3 9
11 17:3:1 2
11 12 17 20:7:1 1 2 3
11 12 17 20:7:1 1 2 3
9 10 11:9:5 3 1
2 6 13 15 19:27:2 9 3 7 6
1 4 5 8 12:24:3 4 10 6 1
2 6 9 14 19 20:30:2 9 5 5 6 3
1 5 14:18:3 10 5
3 9 11 12 20:11:1 5 1 1 3
7 8 10 11:18:8 6 3 1
9 10 12 17:11:5 3 1 2
9 17 20:10:5 2 3
1 4 6 8 14 16:31:3 4 9 6 5 4
3 9 10 12 17:12:1 5 3 1 2
1 5:13:3 10
2 3 8 20:12:2 1 6 3
6 15:16:9 7
4 6 10 19 20:25:4 9 3 6 3
2 7 9 10 11 15:26:2 8 5 3 1 7
3 12 17 20:7:1 1 2 3
4 10 15 17 19:22:4 3 7 2 6
2 4 8 14:17:2 4 6 5
1 6:12:3 9
3 5 6 9 18 19:40:1 10 9 5 9 6
4 6 13:16:4 9 3
4 5 9 10 16 19:32:4 10 5 3 4 6
2 14:7:2 5
1 15:10:3 7
3 4 5 8 16 17:27:1 4 10 6 4 2
1 2 4 5:19:3 2 4 10
3 10 11 12 15:13:1 3 1 1 7
2 5 12 15:20:2 10 1 7
3 9 12 20:10:1 5 1 3
14 15:12:5 7
2 8 9:13:2 6 5
3 10 17:6:1 3 2
2 7 12 13 16:18:2 8 1 3 4
1 4 5 13 14:25:3 4 10 3 5
4 5 6 13 15:33:4 10 9 3 7
2 3 6 14 17:19:2 1 9 5 2
1 2 5 8 14 18:35:3 2 10 6 5 9
3 10 12 17:7:1 3 1 2
1 4 5 6:26:3 4 10 9
9 10 12 17 20:14:5 3 1 2 3
1 5 7:21:3 10 8
3 10 11 12 17:8:1 3 1 1 2
1 3 5 6 8 11:30:3 1 10 9 6 1
9 10 11 20:12:5 3 1 3
1 4 7 8:21:3 4 8 6
1 2 10 16 17 19:20:3 2 3 4 2 6
1 7 11 14:17:3 8 1 5
1 6 14:17:3 9 5
4 5 7 14:27:4 10 8 5
3 7 8 11 18 19:31:1 8 6 1 9 6
3 9 11:7:1 5 1
1 5 14 15 19:31:3 10 5 7 6
3 9 10 12 20:13:1 5 3 1 3
2 7:10:2 8
5 8:16:10 6
2 3 7 16:15:2 1 8 4
3 10 11:5:1 3 1
4 9 13:12:4 5 3
5 8 9 18 20:33:10 6 5 9 3
3 9 12:7:1 5 1
1 5 13 15 19:29:3 10 3 7 6
1 4:7:3 4
7 8 13:17:8 6 3
5 15:17:10 7
1 2 5 7 8:29:3 2 10 8 6
3 9 12:7:1 5 1
1 6 14 16 19:27:3 9 5 4 6
8 9 11 13 14 19:26:6 5 1 3 5 6
9 20:8:5 3
3 9 11 12 17:10:1 5 1 1 2
1 5 7 13 14:29:3 10 8 3 5
1 14:8:3 5
4 8 17:12:4 6 2
2 7 8 11 15:24:2 8 6 1 7
5 6 8 17:27:10 9 6 2
1 4 14:12:3 4 5
1 5 6 13 14:30:3 10 9 3 5
4 6 7:21:4 9 8
5 8 10 15:26:10 6 3 7
1 13:6:3 3
1 9 14:13:3 5 5
9 12:6:5 1
5 7:18:10 8
10 11 12 20:8:3 1 1 3
9 11 17:8:5 1 2
5 6 10 11 12 18:33:10 9 3 1 1 9
5 7:18:10 8
7 14 15:20:8 5 7
1 2 4 10 19:18:3 2 4 3 6
8 13:9:6 3
3 8 10 19:16:1 6 3 6
5 16 17:16:10 4 2
9 11 20:9:5 1 3
3 9 10 12 17:12:1 5 3 1 2
11 12:2:1 1
2 4 6 13:18:2 4 9 3
3 9 10 11 12:11:1 5 3 1 1
2 5 13:15:2 10 3
2 7 13:13:2 8 3
2 5 7 10 12 16:28:2 10 8 3 1 4
3 11 12 17 20:8:1 1 1 2 3
3 12 17 20:7:1 1 2 3
2 6 13 15 19:27:2 9 3 7 6
1 2 5:15:3 2 10
2 7:10:2 8
4 5 13:17:4 10 3
2 6 13 15 19:27:2 9 3 7 6
6 8 15 17:24:9 6 7 2
5 7 15:25:10 8 7
12 17:3:1 2
4 7:12:4 8
1 5 14:18:3 10 5
12 17:3:1 2
2 5 14:17:2 10 5
4 6 15:20:4 9 7
10 11 12 17 20:10:3 1 1 2 3
8 10 12 17:12:6 3 1 2
6 7:17:9 8
4 7 11 12 17 19:22:4 8 1 1 2 6
4 8 12:11:4 6 1
1 6 14 16 19:27:3 9 5 4 6
9 11 17 20:11:5 1 2 3
2 5 7 8 14:31:2 10 8 6 5
2 3 10 11:7:2 1 3 1
3 6 7 8 12 17:27:1 9 8 6 1 2
4 6 11:14:4 9 1
1 5 13 15 19:29:3 10 3 7 6
3 9:6:1 5
3 9 11 20:10:1 5 1 3
1 2 7 14:18:3 2 8 5
9 10 12 17 20:14:5 3 1 2 3
11 12 20:5:1 1 3
9 11 12 17:9:5 1 1 2
9 17:7:5 2
5 9 13 15 16:29:10 5 3 7 4
1 2 5 8 15:28:3 2 10 6 7
6 13:12:9 3
3 9 11 20:10:1 5 1 3
3 11:2:1 1
2 4 7 8:20:2 4 8 6
9 17:7:5 2
4 8 14 15:22:4 6 5 7
3 9 12 17:9:1 5 1 2
13 15:10:3 7
7 9 12 15 18:30:8 5 1 7 9
6 14 18 20:26:9 5 9 3
1 5 6 7 8:36:3 10 9 8 6
10 12 17 20:9:3 1 2 3
3 8 9 13:15:1 6 5 3
2 6 13 15 19:27:2 9 3 7 6
4 6 7 13 15:31:4 9 8 3 7
9 11 17 20:11:5 1 2 3
3 11 20:5:1 1 3
6 9 12 14 15:27:9 5 1 5 7
1 2 4 14:14:3 2 4 5
2 12 14:8:2 1 5
2 6 15:18:2 9 7
1 5 7 12 15 16:33:3 10 8 1 7 4
7 10 20:14:8 3 3
4 5 7 15:29:4 10 8 7
9 11:6:5 1
1 4 8 15:20:3 4 6 7
9 10 20:11:5 3 3
3 10 12 17:7:1 3 1 2
2 4 13 18 19:24:2 4 3 9 6
3 9 20:9:1 5 3
3 12 17 20:7:1 1 2 3
5 7:18:10 8
1 8 15:16:3 6 7
4 9 10 11:13:4 5 3 1
2 7 13 14:18:2 8 3 5
4 5 11 15 18:31:4 10 1 7 9
3 11 17 20:7:1 1 2 3
4 7 8 9 14 15:35:4 8 6 5 5 7
4 14 15:16:4 5 7
3 9 16 17 18:21:1 5 4 2 9
4 5 6 16 17:29:4 10 9 4 2
4 8 14:15:4 6 5
5 6 19:25:10 9 6
3 17 19:9:1 2 6
3 17:3:1 2
6 9 10:17:9 5 3
2 6 10 13 18:26:2 9 3 3 9
1 7 15 17 20:23:3 8 7 2 3
5 10 18 19 20:31:10 3 9 6 3
1 2 7:13:3 2 8
1 4 7:15:3 4 8
2 13 14 15:17:2 3 5 7
4 6 10 13 14 18:33:4 9 3 3 5 9
1 2 8 15:18:3 2 6 7
1 2 7 15:20:3 2 8 7
5 6 11 13 15 18:39:10 9 1 3 7 9
5 8 9 14 16:30:10 6 5 5 4
4 5 6 12 15:31:4 10 9 1 7
3 9 10 17 20:14:1 5 3 2 3
4 5 8 13 14:28:4 10 6 3 5
4 8:10:4 6
4 6 15:20:4 9 7
2 4 5 7 17 19:32:2 4 10 8 2 6
10 11 17 20:9:3 1 2 3
2 6 13 15 19:27:2 9 3 7 6
1 5 6 10 14 17:32:3 10 9 3 5 2
6 8 9 11 15 20:31:9 6 5 1 7 3
2 4 7 14:19:2 4 8 5
1 7:11:3 8
6 8 13 15:25:9 6 3 7
7 9 12:14:8 5 1
7 13 14 15:23:8 3 5 7
1 6 13:15:3 9 3
9 11 20:9:5 1 3
2 4 14:11:2 4 5
1 4 5 9 15:29:3 4 10 5 7
10 11:4:3 1
3 12:2:1 1
4 8 12 16:15:4 6 1 4
4 5:14:4 10
2 3 13:6:2 1 3
1 5 7 10:24:3 10 8 3
1 2 12 18:15:3 2 1 9
3 9 10 11 12:11:1 5 3 1 1
2 5 8 9 16 17:29:2 10 6 5 4 2
1 4 7 9 11 18:30:3 4 8 5 1 9
3 11 12 20:6:1 1 1 3
1 5 14 15 19:31:3 10 5 7 6
10 11 12 20:8:3 1 1 3
3 7 10:12:1 8 3
8 14 17:13:6 5 2
12 14 17:8:1 5 2
7 13:11:8 3
9 17:7:5 2
4 7 11 16 17:19:4 8 1 4 2
2 6 13 15 19:27:2 9 3 7 6
2 4 5 7 8:30:2 4 10 8 6
9 11 12 14 16:16:5 1 1 5 4
3 9 10 11 20:13:1 5 3 1 3
2 6 10 13 15:24:2 9 3 3 7
2 4 14 15:18:2 4 5 7
1 4 14:12:3 4 5
1 7 8 12 17 20:23:3 8 6 1 2 3
1 6 14 16 19:27:3 9 5 4 6
1 3 6 9 13 19:27:3 1 9 5 3 6
4 5 8:20:4 10 6
3 7 8 9 11 14:26:1 8 6 5 1 5
3 12 13 16 18 20:21:1 1 3 4 9 3
6 10 16:16:9 3 4
5 7 19 20:27:10 8 6 3
2 4 8 12 14 17:20:2 4 6 1 5 2
3 9 10 12 17:12:1 5 3 1 2
1 7 15:18:3 8 7
1 5 8 11 15:27:3 10 6 1 7
2 4 5 13:19:2 4 10 3
3 9 10 11 20:13:1 5 3 1 3
2 7 10 15 16 19:30:2 8 3 7 4 6
2 5 7 14 15:32:2 10 8 5 7
1 2 3 7 9:19:3 2 1 8 5
1 5 8 12 17 19:28:3 10 6 1 2 6
1 4 13 15:17:3 4 3 7
9 10 20:11:5 3 3
3 9 10 12 20:13:1 5 3 1 3
3 6 15 16:21:1 9 7 4
3 10 11 12:6:1 3 1 1
8 10 12 18:19:6 3 1 9
1 5 7 14:26:3 10 8 5
2 8 13:11:2 6 3
2 8 15:15:2 6 7
6 9 13 16:21:9 5 3 4
13 14:8:3 5
4 15:11:4 7
3 9 10 17:11:1 5 3 2
3 9 10 11 12:11:1 5 3 1 1
1 10 12 13 14:15:3 3 1 3 5
5 11 12 18 19:27:10 1 1 9 6
2 8 14 15:20:2 6 5 7
3 9 10 13 14 18:26:1 5 3 3 5 9
5 8 11 14 19:28:10 6 1 5 6
4 6 9 10 18:30:4 9 5 3 9
8 17 19:14:6 2 6
2 6 14 15:23:2 9 5 7
7 8 14 15:26:8 6 5 7
3 6 10 15 18:29:1 9 3 7 9
3 9 14 19 20:20:1 5 5 6 3
2 4 6 13:18:2 4 9 3
3 11 12 20:6:1 1 1 3
4 5 6 8 13 19:38:4 10 9 6 3 6
3 9 11 12 20:11:1 5 1 1 3
6 8 16 19 20:28:9 6 4 6 3
2 6 14 15:23:2 9 5 7
5 13:13:10 3
4 9 17:11:4 5 2
1 3 5 7 14 16:31:3 1 10 8 5 4
10 11 12:5:3 1 1
2 10 11 14 18 19:26:2 3 1 5 9 6
3 12 17 20:7:1 1 2 3
1 2 5 9 15 20:30:3 2 10 5 7 3
2 5 7 14 15:32:2 10 8 5 7
12 17:3:1 2
1 6:12:3 9
3 5 14 15 19:29:1 10 5 7 6
1 4 6 10:19:3 4 9 3
2 14:7:2 5
4 6 13 18:25:4 9 3 9
8 9 10:14:6 5 3
5 13 14:18:10 3 5
4 7 9 16:21:4 8 5 4
7 15:15:8 7
2 6 7 10:22:2 9 8 3
3 10 11 17 20:10:1 3 1 2 3
3 10 11 12 20:9:1 3 1 1 3
3 11 12 20:6:1 1 1 3
12 16 18 19:20:1 4 9 6
2 10 14 16 17 20:19:2 3 5 4 2 3
4 14:9:4 5
12 20:4:1 3
1 11 15:11:3 1 7
3 4 6 12 15 19:28:1 4 9 1 7 6
2 5 13:15:2 10 3
2 9 12 14 15:20:2 5 1 5 7
12 17:3:1 2
9 11 12:7:5 1 1
10 11 12 17 20:10:3 1 1 2 3
5 8 13 15:26:10 6 3 7
1 2 6 15:21:3 2 9 7
3 12 17 20:7:1 1 2 3
2 6 13 15 19:27:2 9 3 7 6
3 9 11 12 17:10:1 5 1 1 2
4 7 15:19:4 8 7
8 13 14:14:6 3 5
10 11 12:5:3 1 1
2 3 4 6 7 14:29:2 1 4 9 8 5
1 2 4 7 11:18:3 2 4 8 1
9 10 11 12 17:12:5 3 1 1 2
7 8 15:21:8 6 7
1 4:7:3 4
10 11 20:7:3 1 3
1 2 3 5 9:21:3 2 1 10 5
6 7 14:22:9 8 5
3 9 10 12 20:13:1 5 3 1 3
3 6 8 12 15 16:28:1 9 6 1 7 4
3 9 12 17:9:1 5 1 2
13 14 18 19:23:3 5 9 6
9 10 17:10:5 3 2
3 10 11 12 20:9:1 3 1 1 3
9 10 14 18:22:5 3 5 9
4 8:10:4 6
1 6:12:3 9
4 6 7 8 16:31:4 9 8 6 4
1 2 4 6 14:23:3 2 4 9 5
1 2 16 18:18:3 2 4 9
7 13 15:18:8 3 7
4 7 10 11:16:4 8 3 1
9 20:8:5 3
3 9 10 11:10:1 5 3 1
3 12 20:5:1 1 3
3 11 12 17 20:8:1 1 1 2 3
5 8 19:22:10 6 6
11 12:2:1 1
5 13:13:10 3
11 12 17 20:7:1 1 2 3
10 12:4:3 1
1 4 10 14 17:17:3 4 3 5 2
2 5:12:2 10
3 20:4:1 3
2 4 6 13 14:23:2 4 9 3 5
9 10 12 17 20:14:5 3 1 2 3
3 6 11:11:1 9 1
3 9 10 12 17:12:1 5 3 1 2
2 4 8 14:17:2 4 6 5
3 9 11 17 20:12:1 5 1 2 3
1 6 7 11 13 15:31:3 9 8 1 3 7
9 12:6:5 1
9 11 12 17:9:5 1 1 2
4 6 13 14 15 19:34:4 9 3 5 7 6
5 8 11 13 16:24:10 6 1 3 4
1 2 5 7 14:28:3 2 10 8 5
3 9 10 20:12:1 5 3 3
2 6 13:14:2 9 3
1 2 11 16:10:3 2 1 4
3 10 11 12 17:8:1 3 1 1 2
9 10 11 17:11:5 3 1 2
4 8 14 19 20:24:4 6 5 6 3
3 9 11 17:9:1 5 1 2
1 4 8 11 20:17:3 4 6 1 3
3 10 12 17:7:1 3 1 2
1 4 6 8:22:3 4 9 6
1 5 8 10 20:25:3 10 6 3 3
15 17 20:12:7 2 3
1 4 6 7 13:27:3 4 9 8 3
1 7 15 18 19:33:3 8 7 9 6
1 2 6 7 14:27:3 2 9 8 5
5 6 8:25:10 9 6
3 9 10 11 17:12:1 5 3 1 2
1 4 5 8:23:3 4 10 6
1 5 8:19:3 10 6
3 11 12 17 20:8:1 1 1 2 3
3 9 10 17 20:14:1 5 3 2 3
6 7 13 14:25:9 8 3 5
11 17 18 19:18:1 2 9 6
5 8 12 13 15:27:10 6 1 3 7
5 8 11 16:21:10 6 1 4
9 12 20:9:5 1 3
9 10 12:9:5 3 1
7 16 17:14:8 4 2
6 7 10:20:9 8 3
3 4 8 17:13:1 4 6 2
1 4 13:10:3 4 3
1 6 7 9 10 17:30:3 9 8 5 3 2
2 4 7 13:17:2 4 8 3
4 7 13 14:20:4 8 3 5
9 11 12 20:10:5 1 1 3
3 9 12 14 16:16:1 5 1 5 4
3 4 7 16 19:23:1 4 8 4 6
2 4 14:11:2 4 5
5 6 7 12 15 18:44:10 9 8 1 7 9
4 6 13:16:4 9 3
10 14 16 20:15:3 5 4 3
13 14:8:3 5
7 13:11:8 3
9 10 12 17 20:14:5 3 1 2 3
10 17:5:3 2
1 4 5 13 14:25:3 4 10 3 5
1 2 3 7 8 19:26:3 2 1 8 6 6
10 12 17:6:3 1 2
2 5 8 9 17:25:2 10 6 5 2
4 5 9 16:23:4 10 5 4
1 4 12 13 16:15:3 4 1 3 4
2 7 20:13:2 8 3
3 10 12 17 20:10:1 3 1 2 3
8 15:13:6 7
10 11 20:7:3 1 3
9 10 12 20:12:5 3 1 3
1 4 5 15:24:3 4 10 7
10 11 20:7:3 1 3
2 9 19:13:2 5 6
3 17 20:6:1 2 3
8 13 14 15:21:6 3 5 7
3 10 12:5:1 3 1
1 2 4 7 13:20:3 2 4 8 3
6 7 12 13 16 20:28:9 8 1 3 4 3
1 4 18:16:3 4 9
2 13:5:2 3
5 7 10:21:10 8 3
11 12 17 20:7:1 1 2 3
4 5 7 13:25:4 10 8 3
4 5 13:17:4 10 3
2 3 12 19 20:13:2 1 1 6 3
6 8 10 11 13 19:28:9 6 3 1 3 6
2 3 7 12 15:19:2 1 8 1 7
10 12:4:3 1
8 9 10 19:20:6 5 3 6
3 10 17:6:1 3 2
9 10 11:9:5 3 1
2 3 5 10 12 19:23:2 1 10 3 1 6
2 14:7:2 5
5 8 18 20:28:10 6 9 3
9 10 11 12 20:13:5 3 1 1 3
3 9 12 20:10:1 5 1 3
4 8 13 15:20:4 6 3 7
4 5:14:4 10
3 10 13 18:16:1 3 3 9
1 2 7 8 14:24:3 2 8 6 5
3 7 14:14:1 8 5
5 6:19:10 9
5 6 8 13 14:33:10 9 6 3 5
10 12 17:6:3 1 2
7 13 15:18:8 3 7
2 14 15 19:20:2 5 7 6
2 14 15:14:2 5 7
4 6 15:20:4 9 7
10 17:5:3 2
6 8 11:16:9 6 1
2 4 5 6 15:32:2 4 10 9 7
9 12:6:5 1
3 9 11 12 17:10:1 5 1 1 2
5 6 7 8 14:38:10 9 8 6 5
2 3 15 18:19:2 1 7 9
13 15:10:3 7
3 9 11 12 17:10:1 5 1 1 2
2 4 14 15:18:2 4 5 7
9 10 11 17 20:14:5 3 1 2 3
4 13 18 20:19:4 3 9 3
3 7 8 15 16:26:1 8 6 7 4
3 9 10 11:10:1 5 3 1
11 12 17:4:1 1 2
9 11:6:5 1
4 9 12:10:4 5 1
6 14:14:9 5
1 5 10 17:18:3 10 3 2
1 2 3 5 7:24:3 2 1 10 8
3 17:3:1 2
3 12:2:1 1
1 2 6 15:21:3 2 9 7
7 8 9 11 13 17:25:8 6 5 1 3 2
5 7 8 15:31:10 8 6 7
2 17 18:13:2 2 9
11 20:4:1 3
5 8 9 11 17 19:30:10 6 5 1 2 6
9 12:6:5 1
4 5:14:4 10
2 8 9 13 16:20:2 6 5 3 4
10 11:4:3 1
1 4 5 8 15:30:3 4 10 6 7
9 11 12:7:5 1 1
9 11:6:5 1
2 5 13:15:2 10 3
6 7 8 12 17 18:35:9 8 6 1 2 9
1 2 7 9 10 19:27:3 2 8 5 3 6
1 2 7 8:19:3 2 8 6
1 4 6 11 13 17:22:3 4 9 1 3 2
1 9 16 19:18:3 5 4 6
5 6 8 14:30:10 9 6 5
3 17:3:1 2
1 8 13:12:3 6 3
3 9 12 17 20:12:1 5 1 2 3
4 8:10:4 6
3 10 13:7:1 3 3
3 9 10 17:11:1 5 3 2
4 6 7 15:28:4 9 8 7
4 7 12 17 18:24:4 8 1 2 9
3 9 10 17:11:1 5 3 2
5 8 9 12 14:27:10 6 5 1 5
5 6 15 18:35:10 9 7 9
4 6 8 15:26:4 9 6 7
5 7 13:21:10 8 3
2 3 4 9 10 14:20:2 1 4 5 3 5
4 5 6 8:29:4 10 9 6
7 9 11:14:8 5 1
2 13 14 15:17:2 3 5 7
3 9 11 12 20:11:1 5 1 1 3
10 14 16:12:3 5 4
10 17:5:3 2
6 7 8 15:30:9 8 6 7
12 20:4:1 3
4 11 14:10:4 1 5
6 12 20:13:9 1 3
6 15:16:9 7
3 9 10 12 17:12:1 5 3 1 2
9 13 17 18 19:25:5 3 2 9 6
3 10 11 12 17:8:1 3 1 1 2
6 13 14 15 18 20:36:9 3 5 7 9 3
10 12 20:7:3 1 3
3 17:3:1 2
1 2 5 6 13:27:3 2 10 9 3
3 9:6:1 5
3 13 16 18:17:1 3 4 9
2 7 8 12 16 17:23:2 8 6 1 4 2
5 13 15:20:10 3 7
1 11 12 15 17:14:3 1 1 7 2
2 7 13 15:20:2 8 3 7
3 17:3:1 2
5 8 17:18:10 6 2
4 14:9:4 5
1 4 6 7 14:29:3 4 9 8 5
8 11 14 16 19:22:6 1 5 4 6
2 4 6 8 13 17:26:2 4 9 6 3 2
3 9 12 17:9:1 5 1 2
3 10 11:5:1 3 1
11 20:4:1 3
11 12 17 20:7:1 1 2 3
1 3 11 19:11:3 1 1 6
3 9 11:7:1 5 1
2 12 15 16:14:2 1 7 4
5 7 8 14:29:10 8 6 5
1 4 14:12:3 4 5
5 8 15:23:10 6 7
18 19 20:18:9 6 3
3 10 12 17 20:10:1 3 1 2 3
2 13 15 17 20:17:2 3 7 2 3
6 14:14:9 5
1 6 7 8:26:3 9 8 6
5 13 15:20:10 3 7
3 9 11 12 17:10:1 5 1 1 2
7 9 17:15:8 5 2
5 6 7 15:34:10 9 8 7
5 8 13:19:10 6 3
