10 17:5:3 2
1 4 5 6 8:32:3 4 10 9 6
1 5 13 15 19 23:31:3 10 3 7 6 2
11 12 17:4:1 1 2
1 4 9 15:19:3 4 5 7
4 5 14 18 19 25:39:4 10 5 9 6 5
9 17:7:5 2
12 20:4:1 3
1 7 14 16 19 22:30:3 8 5 4 6 4
1 7 14 16 19 22:30:3 8 5 4 6 4
2 6 9 15 21 23:26:2 9 5 7 1 2
1 5 13 14 15:28:3 10 3 5 7
1 5 7 8 25:32:3 10 8 6 5
2 6 10 18 23:25:2 9 3 9 2
8 13 14 25:19:6 3 5 5
2 7 15 25:22:2 8 7 5
10 12:4:3 1
11 12 20:5:1 1 3
4 7 13:15:4 8 3
3 9 17:8:1 5 2
3 9 12:7:1 5 1
9 11 12 14 21:13:5 1 1 5 1
4 6 13 15:23:4 9 3 7
2 11 13 14 23:13:2 1 3 5 2
3 9 10 11 12:11:1 5 3 1 1
1 6 19 24 25:28:3 9 6 5 5
9 11 17:8:5 1 2
7 16 17:14:8 4 2
5 14:15:10 5
9 17:7:5 2
3 9 13 23:11:1 5 3 2
9 17:7:5 2
3 16 24:10:1 4 5
9 11 12 17 20:12:5 1 1 2 3
6 12 16:14:9 1 4
3 11 12 20:6:1 1 1 3
10 20:6:3 3
9 10 11:9:5 3 1
1 3 5 15 16 19:31:3 1 10 7 4 6
10 11 17:6:3 1 2
2 13 17 19:13:2 3 2 6
7 8 9 24 25:29:8 6 5 5 5
10 12:4:3 1
1 13 15:13:3 3 7
3 9 12:7:1 5 1
2 6 7 14:24:2 9 8 5
9 24 25:15:5 5 5
3 9 10 11 20:13:1 5 3 1 3
2 12 13 22:10:2 1 3 4
10 11 17 20:9:3 1 2 3
6 10 12:13:9 3 1
8 10 14 20:17:6 3 5 3
3 11:2:1 1
9 11 17 20:11:5 1 2 3
2 6 8:17:2 9 6
9 12 17 20:11:5 1 2 3
5 10 18 20:25:10 3 9 3
1 3 9 21:10:3 1 5 1
1 4 7 13 25:23:3 4 8 3 5
6 15:16:9 7
4 11 13 14 16 23:19:4 1 3 5 4 2
3 9 12 17 20:12:1 5 1 2 3
10 11 12 17:7:3 1 1 2
3 9 17:8:1 5 2
9 20:8:5 3
2 13:5:2 3
3 10:4:1 3
4 8 14 16 20 21:23:4 6 5 4 3 1
1 2 8 14:16:3 2 6 5
1 2 7 15 25:25:3 2 8 7 5
2 5 9 10 14 22:29:2 10 5 3 5 4
9 11:6:5 1
2 8 13 21:12:2 6 3 1
5 7 25:23:10 8 5
1 5 13 15 19 23:31:3 10 3 7 6 2
9 11 17 20:11:5 1 2 3
8 15:13:6 7
9 11 20:9:5 1 3
2 13 21 22 25:15:2 3 1 4 5
4 7 18 21 23 24:29:4 8 9 1 2 5
9 12 17 20:11:5 1 2 3
1 12 16 18:17:3 1 4 9
1 13 15:13:3 3 7
4 6:13:4 9
4 14:9:4 5
10 11 14 16 23:15:3 1 5 4 2
11 17:3:1 2
3 11 12 17 20:8:1 1 1 2 3
8 14:11:6 5
5 15:17:10 7
16 20 21:8:4 3 1
14 19 21 23:14:5 6 1 2
3 9 12 17 20:12:1 5 1 2 3
9 12:6:5 1
9 10 20:11:5 3 3
6 7 8 13:26:9 8 6 3
6 13 14 15 25:29:9 3 5 7 5
3 11 17:4:1 1 2
3 10 11 17:7:1 3 1 2
7 14 25:18:8 5 5
2 6 7 14 15:31:2 9 8 5 7
15 18 20:19:7 9 3
1 3 10 21:8:3 1 3 1
4 12 14 16 17 25:21:4 1 5 4 2 5
7 25:13:8 5
2 6 15:18:2 9 7
10 11 17:6:3 1 2
9 10:8:5 3
1 2 4 13 25:17:3 2 4 3 5
4 5:14:4 10
3 4 9 21:11:1 4 5 1
4 14:9:4 5
13 14 25:13:3 5 5
3 9 12 17:9:1 5 1 2
1 8 14:14:3 6 5
4 13 14 15 25:24:4 3 5 7 5
9 10 11 17:11:5 3 1 2
5 6 10 17 21 25:30:10 9 3 2 1 5
4 5 7 25:27:4 10 8 5
6 10 12 20 25:21:9 3 1 3 5
9 10 12 16 20:16:5 3 1 4 3
2 4 6 13 21 25:24:2 4 9 3 1 5
6 7 15:24:9 8 7
3 9 10 12 17:12:1 5 3 1 2
14 20 23 24:15:5 3 2 5
2 6 13 15 19:27:2 9 3 7 6
3 10 11 17 20:10:1 3 1 2 3
3 6 11 18 19 20:29:1 9 1 9 6 3
8 15 16 20:20:6 7 4 3
10 12 20:7:3 1 3
9 19 21 22:16:5 6 1 4
2 6 8 13 14:25:2 9 6 3 5
5 13 14 15:25:10 3 5 7
1 6 7 8 25:31:3 9 8 6 5
2 5 8 14 15:30:2 10 6 5 7
1 8 25:14:3 6 5
12 17:3:1 2
1 2 4 6 15 25:30:3 2 4 9 7 5
9 12 20:9:5 1 3
2 6 13 15 19:27:2 9 3 7 6
2 4 8 13 15:22:2 4 6 3 7
9 15 17:14:5 7 2
9 12 13 15 16 22:24:5 1 3 7 4 4
1 4 5 22:21:3 4 10 4
1 4 5 8 25:28:3 4 10 6 5
5 14 15 25:27:10 5 7 5
3 9 17:8:1 5 2
10 11:4:3 1
1 5 14 15 19:31:3 10 5 7 6
1 6:12:3 9
2 4 15 19 24:24:2 4 7 6 5
4 6 25:18:4 9 5
2 6 13 15 19:27:2 9 3 7 6
9 10 12 17 20:14:5 3 1 2 3
5 19 23:18:10 6 2
4 10 18 22:20:4 3 9 4
1 5 7 13:24:3 10 8 3
3 9 11 17 20:12:1 5 1 2 3
2 3 8:9:2 1 6
3 4 21:6:1 4 1
3 9 12 17 20:12:1 5 1 2 3
2 7 8 13 25:24:2 8 6 3 5
3 12:2:1 1
1 3 10 19 24:18:3 1 3 6 5
3 9 10 11 17:12:1 5 3 1 2
9 20:8:5 3
5 8 9 20 25:29:10 6 5 3 5
2 5 6:21:2 10 9
4 5 14 18 19 25:39:4 10 5 9 6 5
7 9 15 17 18 23:33:8 5 7 2 9 2
2 4 12 13 18 19:25:2 4 1 3 9 6
2 4 13 15 19:22:2 4 3 7 6
4 5 7:22:4 10 8
2 6 13 15 19:27:2 9 3 7 6
2 3 4 19:13:2 1 4 6
1 5 8:19:3 10 6
5 11 21 23:14:10 1 1 2
2 12 19 20 25:17:2 1 6 3 5
1 5:13:3 10
2 4 5 7:24:2 4 10 8
9 12:6:5 1
7 14 20 21 22 24:26:8 5 3 1 4 5
3 10 17:6:1 3 2
8 15 25:18:6 7 5
9 11 12 17 20:12:5 1 1 2 3
17 21 22:7:2 1 4
2 4 10 15:16:2 4 3 7
4 11 12 13 20 22:16:4 1 1 3 3 4
4 10 19 24:18:4 3 6 5
9 11 12 20:10:5 1 1 3
3 9 17:8:1 5 2
1 2 4 6 8:24:3 2 4 9 6
6 8 14 15:27:9 6 5 7
1 6 13 14 25:25:3 9 3 5 5
2 4 6 14 15:27:2 4 9 5 7
1 4 10 14 16 25:24:3 4 3 5 4 5
3 9 10 17:11:1 5 3 2
3 4 7 8 13:22:1 4 8 6 3
1 4 5 6 13:29:3 4 10 9 3
3 11 17:4:1 1 2
4 8 13 14:18:4 6 3 5
3 12:2:1 1
9 11 12 17 20:12:5 1 1 2 3
9 15 18:21:5 7 9
10 12:4:3 1
3 9 12 17 20:12:1 5 1 2 3
10 15 18 24:24:3 7 9 5
1 2 25:10:3 2 5
1 5 13 15 19 23:31:3 10 3 7 6 2
17 19 20 24:16:2 6 3 5
1 4 6 7 13:27:3 4 9 8 3
4 5 6 8:29:4 10 9 6
4 6 14:18:4 9 5
5 7 8:24:10 8 6
1 4 5 14:22:3 4 10 5
4 25:9:4 5
4 6:13:4 9
1 7:11:3 8
3 10 12 17 20:10:1 3 1 2 3
9 11 20:9:5 1 3
1 15 25:15:3 7 5
1 4 6 25:21:3 4 9 5
2 16 22:10:2 4 4
6 10 14 19 24 25:33:9 3 5 6 5 5
1 7 11 13 22 24:24:3 8 1 3 4 5
9 11:6:5 1
1 6:12:3 9
3 5 11 20:15:1 10 1 3
3 9 10:9:1 5 3
11 18 21:11:1 9 1
2 6 8 13 14:25:2 9 6 3 5
2 6 7 8 14:30:2 9 8 6 5
1 5 13 15 19 23:31:3 10 3 7 6 2
1 5 6 7 25:35:3 10 9 8 5
1 7 8 13 25:25:3 8 6 3 5
6 19 23:17:9 6 2
3 9 10 11 20:13:1 5 3 1 3
5 7 14 16 24 25:37:10 8 5 4 5 5
1 2 5 7 14 15:35:3 2 10 8 5 7
7 15 25:20:8 7 5
6 10 11 14 19 20:27:9 3 1 5 6 3
3 9 10 11 12:11:1 5 3 1 1
9 11 12:7:5 1 1
3 9 10 11 20:13:1 5 3 1 3
4 6 8 10 14 17:29:4 9 6 3 5 2
3 9 11 12 17:10:1 5 1 1 2
5 9 16 17 20:24:10 5 4 2 3
5 7 8 13 15:34:10 8 6 3 7
10 11 17:6:3 1 2
15 17 19 20 21:19:7 2 6 3 1
3 4 5 7 12:24:1 4 10 8 1
1 5 6 8 21:29:3 10 9 6 1
5 11 14 17 18:27:10 1 5 2 9
1 2 10 21:9:3 2 3 1
6 14 15 16 17:27:9 5 7 4 2
10 11:4:3 1
3 11:2:1 1
9 10 11 17 20:14:5 3 1 2 3
3 5 7 14 20 22:31:1 10 8 5 3 4
10 12 20:7:3 1 3
3 12:2:1 1
4 6 7 8:27:4 9 8 6
1 13 25:11:3 3 5
1 8:9:3 6
3 9 11 17:9:1 5 1 2
4 5 14 18 19 25:39:4 10 5 9 6 5
10 12:4:3 1
1 4 6 8:22:3 4 9 6
3 10 11 17 20:10:1 3 1 2 3
10 11:4:3 1
5 18 21 24:25:10 9 1 5
6 7 8 25:28:9 8 6 5
1 6 11:13:3 9 1
10 12 17 20:9:3 1 2 3
3 16 22 23:11:1 4 4 2
1 11 12 14 15 18:26:3 1 1 5 7 9
7 15:15:8 7
11 12 13 18 22:18:1 1 3 9 4
7 8 13 25:22:8 6 3 5
9 12 17:8:5 1 2
6 21 24:15:9 1 5
9 10 11 12 20:13:5 3 1 1 3
1 10 11 15 23:16:3 3 1 7 2
10 11 12:5:3 1 1
3 9 11 12:8:1 5 1 1
10 17 23:7:3 2 2
1 4 5 6 8:32:3 4 10 9 6
2 5 6 25:26:2 10 9 5
11 12 17:4:1 1 2
10 14 17 20 23:15:3 5 2 3 2
1 12 19:10:3 1 6
7 8 17 24:21:8 6 2 5
11 12 17 20:7:1 1 2 3
7 10 13 18 22:27:8 3 3 9 4
7 24 25:18:8 5 5
1 5 6 14 15:34:3 10 9 5 7
1 4 9 23:14:3 4 5 2
1 2 4 23 24:16:3 2 4 2 5
2 6 7 8 13:28:2 9 8 6 3
4 5 12 15 21 22:27:4 10 1 7 1 4
1 5 14 15:25:3 10 5 7
1 2 7 13 25:21:3 2 8 3 5
4 14:9:4 5
9 10 11 12:10:5 3 1 1
7 15 21:16:8 7 1
7 9 21:14:8 5 1
4 7 13 20:18:4 8 3 3
4 14 17 20 23:16:4 5 2 3 2
3 5 13 15 19:27:1 10 3 7 6
14 15 22 23:18:5 7 4 2
13 16 24:12:3 4 5
6 11 16:14:9 1 4
3 9 10 11 12:11:1 5 3 1 1
2 5 14:17:2 10 5
9 10:8:5 3
1 6 7 13 16 21:28:3 9 8 3 4 1
2 6 24:16:2 9 5
2 6 7:19:2 9 8
8 15 18:22:6 7 9
3 10 11 20:8:1 3 1 3
2 5 8 13 15:28:2 10 6 3 7
1 2 17 25:12:3 2 2 5
2 3 5 7 9 10:29:2 1 10 8 5 3
4 9 10 11 21 25:19:4 5 3 1 1 5
1 4 5 6 10 24:34:3 4 10 9 3 5
9 12 25:11:5 1 5
4 5 14 18 19 25:39:4 10 5 9 6 5
6 12 17 19 20:21:9 1 2 6 3
2 6 13 15 19:27:2 9 3 7 6
1 4 8 14:18:3 4 6 5
8 13 14 25:19:6 3 5 5
5 9 19 20 22 24:33:10 5 6 3 4 5
10 17 20:8:3 2 3
5 9 23:17:10 5 2
4 7:12:4 8
4 10 15 17:16:4 3 7 2
1 4 20:10:3 4 3
7 8 14 15:26:8 6 5 7
1 5 6 8:28:3 10 9 6
10 11 20:7:3 1 3
11 17:3:1 2
9 10 11 16 20:16:5 3 1 4 3
6 7 8 25:28:9 8 6 5
3 10 11 17 20:10:1 3 1 2 3
3 4 10 12 22:13:1 4 3 1 4
2 7 10 12 17 21:17:2 8 3 1 2 1
5 6 8 13 14:33:10 9 6 3 5
1 2 6 7 15:29:3 2 9 8 7
13 14 15:15:3 5 7
9 10 20:11:5 3 3
16 18 19 20 23:24:4 9 6 3 2
2 6 7 15 25:31:2 9 8 7 5
9 10 17:10:5 3 2
1 6 22 23 24:23:3 9 4 2 5
12 17 19 23:11:1 2 6 2
5 6 7 8 13:36:10 9 8 6 3
13 25:8:3 5
1 7 8 9 17 19:30:3 8 6 5 2 6
1 14:8:3 5
9 11 17:8:5 1 2
3 17:3:1 2
1 4 6 14 15:28:3 4 9 5 7
12 17:3:1 2
3 11 17 20:7:1 1 2 3
1 7 14 16 19 22:30:3 8 5 4 6 4
5 18 25:24:10 9 5
19 21 23:9:6 1 2
9 12 17 20:11:5 1 2 3
2 4 10 16:13:2 4 3 4
2 4 8 14:17:2 4 6 5
9 12 16:10:5 1 4
1 2 5 7 13:26:3 2 10 8 3
7 8 14 15:26:8 6 5 7
4 5:14:4 10
3 13 14 22 24:18:1 3 5 4 5
6 8 17 18 19:32:9 6 2 9 6
1 6 13:15:3 9 3
1 2 7 15:20:3 2 8 7
1 2:5:3 2
2 18 23:13:2 9 2
9 11 12:7:5 1 1
10 13 18 19 20 23:26:3 3 9 6 3 2
11 19 22 23:13:1 6 4 2
1 4 6 8 17 20:27:3 4 9 6 2 3
5 15:17:10 7
8 9 11 12 13:16:6 5 1 1 3
3 9 12 17 20:12:1 5 1 2 3
4 7 8:18:4 8 6
9 11 12 17 20:12:5 1 1 2 3
1 4 7 14 25:25:3 4 8 5 5
7 13 19 21 22:22:8 3 6 1 4
8 12 16:11:6 1 4
11 20:4:1 3
9 10 11 20:12:5 3 1 3
1 5 14 15 19:31:3 10 5 7 6
2 3 8 10 12 17:15:2 1 6 3 1 2
1 5 6 10 17 23:29:3 10 9 3 2 2
3 9 11 12 20:11:1 5 1 1 3
3 10 12 17 20:10:1 3 1 2 3
9 10 17 20:13:5 3 2 3
4 5 6 8:29:4 10 9 6
1 4 6 7 8:30:3 4 9 8 6
3 9 20:9:1 5 3
1 7 12:12:3 8 1
3 10 11 16 19 20:18:1 3 1 4 6 3
2 4 14:11:2 4 5
7 8:14:8 6
6 8 18 22:28:9 6 9 4
10 12 21 24:10:3 1 1 5
17 20:5:2 3
3 20:4:1 3
8 11 15 18 19 22:33:6 1 7 9 6 4
6 13 15 25:24:9 3 7 5
3 9 10 12:10:1 5 3 1
3 9 10 11 20:13:1 5 3 1 3
2 4 6 13 25:23:2 4 9 3 5
6 8:15:9 6
5 12 18 21 24:26:10 1 9 1 5
9 13 21 24:14:5 3 1 5
3 9 10 12 20:13:1 5 3 1 3
1 7 14 16 19 22:30:3 8 5 4 6 4
3 10 17:6:1 3 2
12 17:3:1 2
3 9 10 11 17:12:1 5 3 1 2
12 17:3:1 2
3 9 17 20:11:1 5 2 3
2 7 8 14 15:28:2 8 6 5 7
5 6 10 16 24:31:10 9 3 4 5
4 7 15:19:4 8 7
2 5 6 7 14:34:2 10 9 8 5
2 5 9 14 18:31:2 10 5 5 9
3 5 6 7 18 19:43:1 10 9 8 9 6
7 14:13:8 5
2 4 13:9:2 4 3
5 15:17:10 7
10 15 17 21:13:3 7 2 1
2 6 15 25:23:2 9 7 5
3 9 11 12 17:10:1 5 1 1 2
1 2 6 13 14:22:3 2 9 3 5
17 20:5:2 3
3 9 17:8:1 5 2
1 10 16:10:3 3 4
5 7 13 25:26:10 8 3 5
1 4 7 17:17:3 4 8 2
1 4 8 14:18:3 4 6 5
1 25:8:3 5
4 7 15 18 24:33:4 8 7 9 5
1 7 8 15:24:3 8 6 7
10 12 15 16 21 23:18:3 1 7 4 1 2
10 17 18 21 22 23:21:3 2 9 1 4 2
2 4 5:16:2 4 10
9 10 12 17 20:14:5 3 1 2 3
1 7 14 16 19 22:30:3 8 5 4 6 4
1 2 5 6 7:32:3 2 10 9 8
1 8 13 17 19 24:25:3 6 3 2 6 5
2 4 6 7:23:2 4 9 8
5 15:17:10 7
4 5 9 12 13 24:28:4 10 5 1 3 5
3 17:3:1 2
2 4 7 8 25:25:2 4 8 6 5
1 2 21:6:3 2 1
1 4 5 13 15:27:3 4 10 3 7
3 9 11 12:8:1 5 1 1
5 8:16:10 6
9 10 12 17 20:14:5 3 1 2 3
13 15 17 20 21:16:3 7 2 3 1
3 10 20:7:1 3 3
5 19 21 25:22:10 6 1 5
13 25:8:3 5
3 11 12 20:6:1 1 1 3
1 2 5 7 15:30:3 2 10 8 7
1 2 8 14 25:21:3 2 6 5 5
4 7 13:15:4 8 3
5 6 7 14 25:37:10 9 8 5 5
10 11 12 20:8:3 1 1 3
8 9 17 19 24 25:29:6 5 2 6 5 5
1 14:8:3 5
1 2:5:3 2
8 13:9:6 3
8 9 17 19 21 22:24:6 5 2 6 1 4
1 6 7 13:23:3 9 8 3
7 10 13 16 24:23:8 3 3 4 5
1 5 13 14:21:3 10 3 5
10 11 12 17 20:10:3 1 1 2 3
4 9 10 11 21:14:4 5 3 1 1
3 20:4:1 3
2 5 16 19 22 23:28:2 10 4 6 4 2
3 11:2:1 1
5 9 22:19:10 5 4
7 8 14 17 18:30:8 6 5 2 9
5 15 22 25:26:10 7 4 5
1 6 8 13 15:28:3 9 6 3 7
5 6 7 14:32:10 9 8 5
3 10 11 12 20:9:1 3 1 1 3
1 2 12 19 25:17:3 2 1 6 5
16 20 24:12:4 3 5
1 5 7 13 25:29:3 10 8 3 5
4 15:11:4 7
2 3 11 20:7:2 1 1 3
7 9 15 17 19 22:32:8 5 7 2 6 4
2 14:7:2 5
5 12 15 22:22:10 1 7 4
6 9 15 20:24:9 5 7 3
5 11 14 25:21:10 1 5 5
1 6:12:3 9
9 10 11 20:12:5 3 1 3
2 4 6 15 25:27:2 4 9 7 5
4 6 25:18:4 9 5
2 4 5 11 19 21:24:2 4 10 1 6 1
3 9 11 12 17:10:1 5 1 1 2
2 7 14 19 24 25:31:2 8 5 6 5 5
8 9 12 21:13:6 5 1 1
8 14 15:18:6 5 7
3 9 12 20:10:1 5 1 3
2 5 7 15 22 24:36:2 10 8 7 4 5
11 20:4:1 3
3 11 12 17 20:8:1 1 1 2 3
5 6 14 15 25:36:10 9 5 7 5
3 11 21 22:7:1 1 1 4
2 15 25:14:2 7 5
3 9 10 11:10:1 5 3 1
11 12 17 20:7:1 1 2 3
9 10 11 12 20:13:5 3 1 1 3
1 8 15:16:3 6 7
5 8 17:18:10 6 2
3 17 20:6:1 2 3
4 7 15 24 25:29:4 8 7 5 5
1 7 11 13 25:20:3 8 1 3 5
2 5 21 25:18:2 10 1 5
2 8 15 25:20:2 6 7 5
5 8 13 25:24:10 6 3 5
1 25:8:3 5
9 12 17:8:5 1 2
9 16 17 25:16:5 4 2 5
1 5 6 8 14:33:3 10 9 6 5
3 10 11 12 20:9:1 3 1 1 3
8 10 11 14 22:19:6 3 1 5 4
10 12 17:6:3 1 2
12 23 25:8:1 2 5
7 15:15:8 7
6 19 21 22 24:25:9 6 1 4 5
1 5 13 15 19 23:31:3 10 3 7 6 2
2 4:6:2 4
6 7 12 15 17:27:9 8 1 7 2
9 10 17:10:5 3 2
4 13 15 25:19:4 3 7 5
4 5 7 8:28:4 10 8 6
4 7 8:18:4 8 6
13 25:8:3 5
9 16 20 22:16:5 4 3 4
8 13 14:14:6 3 5
6 15 25:21:9 7 5
4 12 16:9:4 1 4
11 13 14:9:1 3 5
3 7 12 17 21:13:1 8 1 2 1
1 5 6:22:3 10 9
3 9 10 17 20:14:1 5 3 2 3
10 11 12 17 20:10:3 1 1 2 3
1 2 4 9 14 22:23:3 2 4 5 5 4
2 5 6 25:26:2 10 9 5
2 4 5 8 25:27:2 4 10 6 5
12 15 22:12:1 7 4
3 9 10 11 12:11:1 5 3 1 1
9 11 12:7:5 1 1
3 8 12 14 24:18:1 6 1 5 5
1 7 15:18:3 8 7
9 10:8:5 3
3 5 16 18 21 22:29:1 10 4 9 1 4
2 3 5 9 14 15:30:2 1 10 5 5 7
3 9 10 12 17:12:1 5 3 1 2
5 6 11 22 24 25:34:10 9 1 4 5 5
1 2 4 7 15:24:3 2 4 8 7
5 6 13 15:29:10 9 3 7
2 3 14 18 23:19:2 1 5 9 2
4 5 14 18 19 25:39:4 10 5 9 6 5
4 11 15 16:16:4 1 7 4
2 12 15 21 25:16:2 1 7 1 5
2 9 10 13 25:18:2 5 3 3 5
3 17 20:6:1 2 3
1 6 7 10 12 18:33:3 9 8 3 1 9
5 10 15 23:22:10 3 7 2
3 12 14 18 19:22:1 1 5 9 6
6 8 19:21:9 6 6
1 5 13 15 19 23:31:3 10 3 7 6 2
10 11 12 17:7:3 1 1 2
1 2 4 11 13:13:3 2 4 1 3
10 11 12 17 20:10:3 1 1 2 3
2 6 19 22:21:2 9 6 4
4 5 14 15:26:4 10 5 7
1 25:8:3 5
4 5 8:20:4 10 6
5 6 7 8 25:38:10 9 8 6 5
8 16 18:19:6 4 9
1 13 14:11:3 3 5
5 10 11 14 19:25:10 3 1 5 6
3 9 10 11 12:11:1 5 3 1 1
1 7:11:3 8
4 6 9 13 18:30:4 9 5 3 9
4 6 7 8 13:30:4 9 8 6 3
2 6 13 15 19:27:2 9 3 7 6
4 5 6 7 14:36:4 10 9 8 5
9 11 17:8:5 1 2
1 2 7:13:3 2 8
3 9 11 17:9:1 5 1 2
9 10 11 12:10:5 3 1 1
1 6 7:20:3 9 8
6 14 21 25:20:9 5 1 5
3 14 17 20 23 25:18:1 5 2 3 2 5
4 14:9:4 5
16 17 18 20 23 24:25:4 2 9 3 2 5
1 2 4 8 15:22:3 2 4 6 7
4 6 13 24:21:4 9 3 5
7 17 19:16:8 2 6
10 17 20:8:3 2 3
2 5 12 18 25:27:2 10 1 9 5
6 8 15:22:9 6 7
9 10 11 12 20:13:5 3 1 1 3
3 17 20:6:1 2 3
4 5 7 15 16 20:36:4 10 8 7 4 3
2 5 7 25:25:2 10 8 5
3 5 6 13 16 17:29:1 10 9 3 4 2
1 3 6 7 22 24:30:3 1 9 8 4 5
1 4 5 11 20:21:3 4 10 1 3
15 16 17 19:19:7 4 2 6
3 10 21:5:1 3 1
1 3 5 7 12 14:28:3 1 10 8 1 5
6 12 14 16 19:25:9 1 5 4 6
7 8 13 14 18 21:32:8 6 3 5 9 1
14 15 21:13:5 7 1
2 6 10 11 14 22:24:2 9 3 1 5 4
2 5 6 7 15:36:2 10 9 8 7
2 6 13 15 19:27:2 9 3 7 6
2 6 7 13 25:27:2 9 8 3 5
2 4 6 15:22:2 4 9 7
10 11:4:3 1
1 13 14:11:3 3 5
4 7 10 21:16:4 8 3 1
7 14 25:18:8 5 5
5 8 17 25:23:10 6 2 5
3 7 12 16 21 25:20:1 8 1 4 1 5
9 10 20:11:5 3 3
9 10 11 17 20:14:5 3 1 2 3
4 5 8 16 17:26:4 10 6 4 2
6 8:15:9 6
5 6:19:10 9
1 5 14 15 19:31:3 10 5 7 6
9 11 12:7:5 1 1
3 7 16 18 19 24:33:1 8 4 9 6 5
2 6 13 14 15:26:2 9 3 5 7
3 10:4:1 3
1 3 6 10 15 16:27:3 1 9 3 7 4
10 11 12 13 17 23:12:3 1 1 3 2 2
1 5 14 15 19:31:3 10 5 7 6
3 10 12:5:1 3 1
10 17 20:8:3 2 3
1 5 8 14 25:29:3 10 6 5 5
3 9 10 20:12:1 5 3 3
5 14:15:10 5
3 7 8 10 14 24:28:1 8 6 3 5 5
8 9 13 19 20 22:27:6 5 3 6 3 4
9 10 11 17 20:14:5 3 1 2 3
3 20:4:1 3
1 2 7 8 25:24:3 2 8 6 5
3 11 17:4:1 1 2
6 16 25:18:9 4 5
10 12:4:3 1
1 4 8 14 25:23:3 4 6 5 5
1 12 14:9:3 1 5
10 12 20:7:3 1 3
9 11 12 20:10:5 1 1 3
13 25:8:3 5
7 11 17 24:16:8 1 2 5
9 11 17 20:11:5 1 2 3
4 6 10 11 20:20:4 9 3 1 3
4 6 13 14:21:4 9 3 5
1 2 8 24:16:3 2 6 5
1 5 14 15 19:31:3 10 5 7 6
6 15 22:20:9 7 4
9 10 14:13:5 3 5
3 11:2:1 1
3 14 18 19:21:1 5 9 6
1 3 18 25:18:3 1 9 5
1 2 6 8:20:3 2 9 6
1 2 6 7 25:27:3 2 9 8 5
5 7:18:10 8
2 10 15 16 22:20:2 3 7 4 4
11 13 18 19 21 24:25:1 3 9 6 1 5
4 5 8 13 14:28:4 10 6 3 5
3 10 11 12 17:8:1 3 1 1 2
3 6 9 11 15 21:24:1 9 5 1 7 1
3 9 20:9:1 5 3
10 11 17 20:9:3 1 2 3
2 7 15:17:2 8 7
1 4 7 9 13 18:32:3 4 8 5 3 9
3 10 11 21:6:1 3 1 1
3 9 17 20:11:1 5 2 3
3 11 12 17 20:8:1 1 1 2 3
2 8:8:2 6
1 9 22:12:3 5 4
3 10:4:1 3
6 8 21 24:21:9 6 1 5
2 4 6:15:2 4 9
3 9 10 11 12:11:1 5 3 1 1
2 12 15 19 24 25:26:2 1 7 6 5 5
5 12 15 21 23 24:26:10 1 7 1 2 5
10 12 20:7:3 1 3
1 7 14 16 19 22:30:3 8 5 4 6 4
10 11 22 23 25:15:3 1 4 2 5
1 7 14 15:23:3 8 5 7
7 15:15:8 7
1 6 13:15:3 9 3
9 11 17:8:5 1 2
13 14:8:3 5
12 20:4:1 3
1 2 5 7:23:3 2 10 8
6 14 25:19:9 5 5
5 14 17 20:20:10 5 2 3
1 4 5 6 13:29:3 4 10 9 3
5 6 9 19 20 23:35:10 9 5 6 3 2
7 8 13 14 15:29:8 6 3 5 7
12 17 20 25:11:1 2 3 5
3 10 12 17:7:1 3 1 2
2 5 6 14 15:33:2 10 9 5 7
9 10:8:5 3
3 10:4:1 3
6 13 14:17:9 3 5
4 14 15:16:4 5 7
9 12 17 20:11:5 1 2 3
1 5 8:19:3 10 6
12 17:3:1 2
5 10 14:18:10 3 5
3 5 18 21 22 23:27:1 10 9 1 4 2
3 9 10 12 20:13:1 5 3 1 3
3 9 11 12:8:1 5 1 1
1 4 6 13:19:3 4 9 3
1 5 13 15 19 23:31:3 10 3 7 6 2
4 8 13 14:18:4 6 3 5
9 20:8:5 3
3 10 12 17:7:1 3 1 2
11 12 17:4:1 1 2
13 23 25:10:3 2 5
3 12:2:1 1
1 4 9 13 16 23:21:3 4 5 3 4 2
3 17:3:1 2
4 5 14 18 19 25:39:4 10 5 9 6 5
1 5 7 8 16:31:3 10 8 6 4
2 6 7 13:22:2 9 8 3
3 10 11:5:1 3 1
1 11 13:7:3 1 3
19 22 24:15:6 4 5
3 10 11:5:1 3 1
3 9 10:9:1 5 3
3 9 17 20:11:1 5 2 3
4 7 8 13 14:26:4 8 6 3 5
4 7:12:4 8
5 8 14:21:10 6 5
1 2 7 15:20:3 2 8 7
8 9 15 17 20 24:28:6 5 7 2 3 5
1 4 11 12:9:3 4 1 1
12 20:4:1 3
2 6 7 15:26:2 9 8 7
7 17 21 23 25:18:8 2 1 2 5
3 9 11:7:1 5 1
4 14:9:4 5
3 9 17:8:1 5 2
6 13:12:9 3
11 12 17 20:7:1 1 2 3
5 10 14:18:10 3 5
9 10 12 17:11:5 3 1 2
4 6 13 15:23:4 9 3 7
1 5 7 10 18:33:3 10 8 3 9
9 12 20:9:5 1 3
1 15:10:3 7
2 8 15:15:2 6 7
3 11 17 20:7:1 1 2 3
3 9 10 20:12:1 5 3 3
9 11 12 17 20:12:5 1 1 2 3
2 7 13 14:18:2 8 3 5
2 6 7 14 25:29:2 9 8 5 5
2 14 17 19 21:16:2 5 2 6 1
1 4 6 13 14:24:3 4 9 3 5
2 13:5:2 3
1 10 15 16:17:3 3 7 4
9 10 11 12 20:13:5 3 1 1 3
1 5 8 15:26:3 10 6 7
1 2 5 16 19 24:30:3 2 10 4 6 5
1 5 12 13 22:21:3 10 1 3 4
1 2 23:7:3 2 2
3 9 11 17 20:12:1 5 1 2 3
3 6 8 19 22 24:31:1 9 6 6 4 5
2 4 7 8:20:2 4 8 6
3 9 11 12 17:10:1 5 1 1 2
6 8 13 14 15:30:9 6 3 5 7
1 2 13 15:15:3 2 3 7
1 17 18:14:3 2 9
7 14 25:18:8 5 5
10 11 12 17 20:10:3 1 1 2 3
3 7 15 20 23:21:1 8 7 3 2
6 14:14:9 5
3 9 10:9:1 5 3
1 4 6 8 13:25:3 4 9 6 3
15 25:12:7 5
2 6 13 15 19:27:2 9 3 7 6
1 17 18 25:19:3 2 9 5
1 4 6:16:3 4 9
4 9 10 11 19 25:24:4 5 3 1 6 5
9 12 17 20:11:5 1 2 3
3 9 11 20:10:1 5 1 3
7 8 13 25:22:8 6 3 5
3 9:6:1 5
3 9 10 11 17:12:1 5 3 1 2
1 2 4 6 15:25:3 2 4 9 7
2 6 17 19 22 23:25:2 9 2 6 4 2
9 15 20:15:5 7 3
1 11 14 16 22 23:19:3 1 5 4 4 2
11 12:2:1 1
1 4 5 6 7:34:3 4 10 9 8
5 16 21:15:10 4 1
3 12 17:4:1 1 2
1 5 13 15 19 23:31:3 10 3 7 6 2
10 18 19:18:3 9 6
5 7 8:24:10 8 6
4 7 8 14 25:28:4 8 6 5 5
1 7 14 16 19 22:30:3 8 5 4 6 4
1 2 8 13 14:19:3 2 6 3 5
1 2 3 11 14 25:17:3 2 1 1 5 5
7 18 21:18:8 9 1
4 6 15:20:4 9 7
1 5 15 25:25:3 10 7 5
1 5 7 15:28:3 10 8 7
2 4 6 7 13:26:2 4 9 8 3
2 4 13 19:15:2 4 3 6
9 10:8:5 3
3 9 10 11 12:11:1 5 3 1 1
3 14 16:10:1 5 4
3 9 17:8:1 5 2
1 2 7 14:18:3 2 8 5
9 10:8:5 3
6 9 11 14 18 25:34:9 5 1 5 9 5
2 7 14 24:20:2 8 5 5
10 11 20:7:3 1 3
1 2 8 13:14:3 2 6 3
3 17:3:1 2
5 6 7:27:10 9 8
2 8 9 10 11 13:20:2 6 5 3 1 3
2 4 7 14 15:26:2 4 8 5 7
5 14 19 20:24:10 5 6 3
3 6 14 16:19:1 9 5 4
7 13 14 15:23:8 3 5 7
1 3 17 18:15:3 1 2 9
1 2 6 14 15:26:3 2 9 5 7
6 15 21:17:9 7 1
10 12 17 20:9:3 1 2 3
9 10 20:11:5 3 3
3 10 11 12 17:8:1 3 1 1 2
3 9 10:9:1 5 3
10 11 12 17 20:10:3 1 1 2 3
5 13 20:16:10 3 3
3 7 11 22 23 24:21:1 8 1 4 2 5
4 14:9:4 5
9 13 15 23:17:5 3 7 2
9 11 12:7:5 1 1
6 9 12 15 20:25:9 5 1 7 3
2 8 15 25:20:2 6 7 5
2 6 13:14:2 9 3
5 15:17:10 7
4 5 14 18 19 25:39:4 10 5 9 6 5
6 11 15 16 25:26:9 1 7 4 5
8 15 25:18:6 7 5
6 7 9 19 22:32:9 8 5 6 4
2 6 13 15 19:27:2 9 3 7 6
3 10 17 18 19:21:1 3 2 9 6
2 11 18 22:16:2 1 9 4
3 9 10 12 17:12:1 5 3 1 2
6 11 17 22 24:21:9 1 2 4 5
10 11 20:7:3 1 3
3 9 11 17 20:12:1 5 1 2 3
9 12 20:9:5 1 3
4 6:13:4 9
9 14 15 22 23:23:5 5 7 4 2
1 3 11 17 19 23:15:3 1 1 2 6 2
3 10 11 12 17:8:1 3 1 1 2
3 14 17 21 22 24:18:1 5 2 1 4 5
9 14 16 23:16:5 5 4 2
4 5 7 13:25:4 10 8 3
10 11 12 17 20:10:3 1 1 2 3
9 17:7:5 2
2 4 8 14 25:22:2 4 6 5 5
10 11 17 20:9:3 1 2 3
1 2 5 13:18:3 2 10 3
3 9 10 12 17:12:1 5 3 1 2
4 14 15:16:4 5 7
2 17 19 22:14:2 2 6 4
12 15 16 17 18 21:24:1 7 4 2 9 1
2 6 13 15 19:27:2 9 3 7 6
3 9:6:1 5
5 8 11:17:10 6 1
1 2 7 8 10 21:23:3 2 8 6 3 1
2 6 8 14 25:27:2 9 6 5 5
2 7 25:15:2 8 5
5 7 10:21:10 8 3
2 25:7:2 5
4 10 12 20 24:16:4 3 1 3 5
15 22 25:16:7 4 5
1 2 8:11:3 2 6
8 13 14:14:6 3 5
9 12 20:9:5 1 3
12 20:4:1 3
7 25:13:8 5
3 9 10 12 20:13:1 5 3 1 3
3 10 11 12 20:9:1 3 1 1 3
3 4 6 13 16 19:27:1 4 9 3 4 6
3 12 17:4:1 1 2
2 4 9 11:12:2 4 5 1
1 2 6 14:19:3 2 9 5
6 8 24 25:25:9 6 5 5
2 8 15:15:2 6 7
3 20:4:1 3
5 14:15:10 5
10 17:5:3 2
3 4 7 9 15 23:27:1 4 8 5 7 2
8 20 22:13:6 3 4
5 13 16 20:20:10 3 4 3
3 5 6 9 21 24:31:1 10 9 5 1 5
17 20 25:10:2 3 5
11 20:4:1 3
9 10:8:5 3
1 6 13 15:22:3 9 3 7
3 10 20:7:1 3 3
1 7 8:17:3 8 6
9 12:6:5 1
10 12:4:3 1
1 4 13 15:17:3 4 3 7
1 7 13 15:21:3 8 3 7
3 17:3:1 2
3 9 19:12:1 5 6
12 17:3:1 2
2 4 8 15 25:24:2 4 6 7 5
6 7 9 14 18 22:40:9 8 5 5 9 4
9 10 11 20:12:5 3 1 3
3 10 12:5:1 3 1
2 3 11 19 20 25:18:2 1 1 6 3 5
9 10 11 20:12:5 3 1 3
11 13 19:10:1 3 6
2 8 12 25:14:2 6 1 5
9 11 12:7:5 1 1
7 9 11 13 21:18:8 5 1 3 1
10 17:5:3 2
9 11 17 20:11:5 1 2 3
2 9 10 13 14 20:21:2 5 3 3 5 3
2 6 8 14 15:29:2 9 6 5 7
13 16 23:9:3 4 2
3 9 11 12 17:10:1 5 1 1 2
3 11 12 17 20:8:1 1 1 2 3
2 12 16 21:8:2 1 4 1
3 11 20:5:1 1 3
1 6 15:19:3 9 7
3 10 11:5:1 3 1
5 11 17 19:19:10 1 2 6
3 10 11 12 20:9:1 3 1 1 3
10 12 17:6:3 1 2
3 10 11 17 20:10:1 3 1 2 3
11 12 17:4:1 1 2
3 16 21:6:1 4 1
4 5 6 8 13:32:4 10 9 6 3
1 2 5 14 15:27:3 2 10 5 7
7 14 25:18:8 5 5
4 5 8:20:4 10 6
12 13 17:6:1 3 2
3 9 10 11 12:11:1 5 3 1 1
3 9 10 11 20:13:1 5 3 1 3
3 11 12:3:1 1 1
3 17:3:1 2
2 4 6 8 15:28:2 4 9 6 7
8 9 16 19 22 24:30:6 5 4 6 4 5
5 6 19:25:10 9 6
2 4 11 16 19:17:2 4 1 4 6
13 20 24:11:3 3 5
9 19 21 22:16:5 6 1 4
3 17 24:8:1 2 5
2 4 8 15 25:24:2 4 6 7 5
4 6 7:21:4 9 8
1 8 13:12:3 6 3
1 8 23 24:16:3 6 2 5
3 9 10 20:12:1 5 3 3
3 11 17:4:1 1 2
2 13 14 25:15:2 3 5 5
2 3 4 6 15 25:28:2 1 4 9 7 5
3 9 10 11 17:12:1 5 3 1 2
13 14 15 19 22:25:3 5 7 6 4
19 21 22:11:6 1 4
6 7 20 22:24:9 8 3 4
1 2 4 6 8 23:26:3 2 4 9 6 2
1 8:9:3 6
3 17 22:7:1 2 4
12 21 25:7:1 1 5
1 2 4 7 8:23:3 2 4 8 6
15 22 24:16:7 4 5
9 10 17 20:13:5 3 2 3
3 7 15 16 19 23:28:1 8 7 4 6 2
4 5 7 8 10 21:32:4 10 8 6 3 1
2 6 7 14 20 24:32:2 9 8 5 3 5
4 5 13 17:19:4 10 3 2
2 4 18 21:16:2 4 9 1
7 12 14 25:19:8 1 5 5
1 4 6:16:3 4 9
1 5 7 8 20 22:34:3 10 8 6 3 4
3 10 11 17 20:10:1 3 1 2 3
5 13:13:10 3
3 4 8 13 17:16:1 4 6 3 2
10 14 16 22 23:18:3 5 4 4 2
1 14 15 25:20:3 5 7 5
13 15 17 22:16:3 7 2 4
8 9 11 16 19 25:27:6 5 1 4 6 5
4 5 6 7 8:37:4 10 9 8 6
3 17:3:1 2
7 11 17 21 22 23:18:8 1 2 1 4 2
5 10 20 25:21:10 3 3 5
8 15 23 24 25:25:6 7 2 5 5
1 5 8 21:20:3 10 6 1
1 2 4 25:14:3 2 4 5
6 13 17 21:15:9 3 2 1
2 3 13:6:2 1 3
12 21 25:7:1 1 5
2 13 20:8:2 3 3
1 3 8 16 20:17:3 1 6 4 3
6 7 12 21:19:9 8 1 1
11 20:4:1 3
1 14 15:15:3 5 7
1 6 25:17:3 9 5
3 10 11 12 17:8:1 3 1 1 2
10 17:5:3 2
5 14 25:20:10 5 5
8 15:13:6 7
3 4 8 14 22:20:1 4 6 5 4
3 10 17:6:1 3 2
6 13 14 15:24:9 3 5 7
7 12 13 18:21:8 1 3 9
8 9 22 23 25:22:6 5 4 2 5
2 6:11:2 9
2 4:6:2 4
1 3 8 9 15 17:24:3 1 6 5 7 2
1 13 14:11:3 3 5
9 10 17 20:13:5 3 2 3
20 21 25:9:3 1 5
7 12 17 25:16:8 1 2 5
9 10 11 12:10:5 3 1 1
3 10 11 12 20:9:1 3 1 1 3
9 12 14 19 23:19:5 1 5 6 2
8 14 18:20:6 5 9
9 11 12:7:5 1 1
3 10 11 17:7:1 3 1 2
4 6 7 8 25:32:4 9 8 6 5
9 11 12 17:9:5 1 1 2
1 8 23:11:3 6 2
3 11 20:5:1 1 3
1 5 7 14:26:3 10 8 5
13 15:10:3 7
9 12 20:9:5 1 3
1 6:12:3 9
6 16 21:14:9 4 1
2 5 7 25:25:2 10 8 5
9 12 17 20:11:5 1 2 3
6 8 15:22:9 6 7
5 14:15:10 5
1 5 14 15 19:31:3 10 5 7 6
4 6 13:16:4 9 3
10 12:4:3 1
4 7 8 14 25:28:4 8 6 5 5
12 13 17:6:1 3 2
7 8 15:21:8 6 7
1 15 25:15:3 7 5
16 21 22:9:4 1 4
4 8 14 19 22 24:30:4 6 5 6 4 5
7 8 14 15 22:30:8 6 5 7 4
2 4 23:8:2 4 2
2 9 15 21:15:2 5 7 1
4 10 16 22:15:4 3 4 4
4 12 13 18:17:4 1 3 9
6 10 18:21:9 3 9
6 11 15 17 24:24:9 1 7 2 5
4 5:14:4 10
3 9 17 20:11:1 5 2 3
13 25:8:3 5
10 12 19 23:12:3 1 6 2
3 12 17:4:1 1 2
11 12 13 21 24:11:1 1 3 1 5
7 13 14 25:21:8 3 5 5
10 13 20 24 25:19:3 3 3 5 5
9 16 18 25:23:5 4 9 5
1 2 15 21:13:3 2 7 1
9 17 20:10:5 2 3
3 9 12 17 20:12:1 5 1 2 3
1 10 14 17:13:3 3 5 2
4 15 25:16:4 7 5
11 12 17:4:1 1 2
7 8:14:8 6
4 7 8:18:4 8 6
3 20 22 24:13:1 3 4 5
1 2 6 13 15 22:28:3 2 9 3 7 4
5 6:19:10 9
5 6 7 15 25:39:10 9 8 7 5
2 5 14 15 25:29:2 10 5 7 5
4 8:10:4 6
2 4 5 6:25:2 4 10 9
4 6 8 16 19:29:4 9 6 4 6
5 6 11 12 17 23:25:10 9 1 1 2 2
3 9 10 11 12:11:1 5 3 1 1
9 10 11 12:10:5 3 1 1
8 9 17:13:6 5 2
4 11 17 18 21:17:4 1 2 9 1
1 2 19 21:12:3 2 6 1
11 13 15 22 24:20:1 3 7 4 5
2 4:6:2 4
11 20:4:1 3
1 2 4 6 15:25:3 2 4 9 7
6 9 10 14 23:24:9 5 3 5 2
5 6 8:25:10 9 6
5 8 13 15:26:10 6 3 7
3 5 9 18 25:30:1 10 5 9 5
6 8:15:9 6
2 5 7:20:2 10 8
1 2 4 18 19 22:28:3 2 4 9 6 4
3 7 15:16:1 8 7
4 9 20:12:4 5 3
1 13 15 25:18:3 3 7 5
4 10 12 23:10:4 3 1 2
2 4 7 15 22:25:2 4 8 7 4
9 10 12 20:12:5 3 1 3
3 4 8 10 16 23:20:1 4 6 3 4 2
6 13 16 20:19:9 3 4 3
5 6 15 25:31:10 9 7 5
1 6 15 25:24:3 9 7 5
10 11 12:5:3 1 1
3 10 12 17:7:1 3 1 2
1 4 8 14:18:3 4 6 5
1 4 5 13:20:3 4 10 3
9 11 12 20:10:5 1 1 3
8 11 13:10:6 1 3
2 15:9:2 7
9 12 17:8:5 1 2
1 4 6 7 14:29:3 4 9 8 5
1 2 12 20 23:11:3 2 1 3 2
5 6 7:27:10 9 8
2 13:5:2 3
4 7 12 16 20 21:21:4 8 1 4 3 1
2 6 7:19:2 9 8
1 7 14 16 19 22:30:3 8 5 4 6 4
9 10 12 17:11:5 3 1 2
4 15:11:4 7
2 8:8:2 6
10 12 20:7:3 1 3
1 4 5 25:22:3 4 10 5
11 12 20:5:1 1 3
4 6 7 8 15:34:4 9 8 6 7
2 5 15:19:2 10 7
1 7 21 23:14:3 8 1 2
6 13:12:9 3
2 7 12 17 18 21:23:2 8 1 2 9 1
3 9 10 17:11:1 5 3 2
10 17:5:3 2
7 13 14 15:23:8 3 5 7
3 9 11 12 17:10:1 5 1 1 2
1 7 14 16 19 22:30:3 8 5 4 6 4
7 15 25:20:8 7 5
7 9 17 24:20:8 5 2 5
2 6 8 21 23:20:2 9 6 1 2
4 11 13 21:9:4 1 3 1
2 12 15 21 25:16:2 1 7 1 5
7 13 15 18 23 25:34:8 3 7 9 2 5
3 10 12 17 20:10:1 3 1 2 3
4 5 24:19:4 10 5
3 17 20:6:1 2 3
3 12 15 19 23 25:22:1 1 7 6 2 5
9 10 11 17:11:5 3 1 2
1 2 5 25:20:3 2 10 5
4 8 12 19 21:18:4 6 1 6 1
1 4 7 8 14:26:3 4 8 6 5
2 3 6 14 15 20:27:2 1 9 5 7 3
4 8 15:17:4 6 7
3 10 12 17:7:1 3 1 2
5 9 10 11 12:20:10 5 3 1 1
3 9 10 12 17:12:1 5 3 1 2
2 4 6 13 15:25:2 4 9 3 7
4 8:10:4 6
2 4 6 8 12 15:29:2 4 9 6 1 7
2 13:5:2 3
2 3 14:8:2 1 5
2 5 6:21:2 10 9
3 10 12 17 20:10:1 3 1 2 3
7 11 17 18 23:22:8 1 2 9 2
1 5 6 8 25:33:3 10 9 6 5
8 13 15 25:21:6 3 7 5
8 13 21 24:15:6 3 1 5
3 9 10 12 20:13:1 5 3 1 3
3 11:2:1 1
5 11 17:13:10 1 2
4 6 11 14:19:4 9 1 5
2 6 8 12 15 17:27:2 9 6 1 7 2
10 11 12 17 20:10:3 1 1 2 3
4 8 12 23:13:4 6 1 2
3 9 12:7:1 5 1
5 7:18:10 8
9 10 11 20:12:5 3 1 3
4 5 14 25:24:4 10 5 5
9 10 11 12 20:13:5 3 1 1 3
4 6 7:21:4 9 8
1 9 15 17 19 23:25:3 5 7 2 6 2
3 9 12 17 20:12:1 5 1 2 3
1 6 7 25:25:3 9 8 5
7 9 11 15 20 23:26:8 5 1 7 3 2
11 12:2:1 1
3 9 11 20:10:1 5 1 3
1 6 13 15 25:27:3 9 3 7 5
1 4 14 16 25:21:3 4 5 4 5
2 9 19:13:2 5 6
9 15 16:16:5 7 4
1 8 18 19 20 21:28:3 6 9 6 3 1
15 16 18 20 23:25:7 4 9 3 2
10 17 22 24 25:19:3 2 4 5 5
6 7 18 19 23:34:9 8 9 6 2
10 12 17 20:9:3 1 2 3
9 10 11 17:11:5 3 1 2
1 5 13 15 19 23:31:3 10 3 7 6 2
3 8 10 14:15:1 6 3 5
10 17:5:3 2
1 7 9 18 21:26:3 8 5 9 1
11 12 13 19 20 24:19:1 1 3 6 3 5
5 8 25:21:10 6 5
9 11:6:5 1
1 3 16 19:14:3 1 4 6
9 10 12:9:5 3 1
2 7 12 14 21:17:2 8 1 5 1
5 8:16:10 6
4 9 22:13:4 5 4
6 12 25:15:9 1 5
9 11 12:7:5 1 1
9 17 20:10:5 2 3
8 13 17:11:6 3 2
3 9 18:15:1 5 9
3 17:3:1 2
4 5 10:17:4 10 3
12 17:3:1 2
4 7 8 14:23:4 8 6 5
4 10 21:8:4 3 1
3 11 12 17 20:8:1 1 1 2 3
8 12 13 14 15 20:25:6 1 3 5 7 3
9 20:8:5 3
6 7 10:20:9 8 3
10 11:4:3 1
1 4:7:3 4
9 10 11:9:5 3 1
10 11 12 20:8:3 1 1 3
9 11 12 17 20:12:5 1 1 2 3
3 20:4:1 3
14 15 22 25:21:5 7 4 5
8 11 17:9:6 1 2
8 9 24:16:6 5 5
3 11:2:1 1
4 7 15:19:4 8 7
2 4 6 12 18 20:28:2 4 9 1 9 3
12 20:4:1 3
4 7 8 14 25:28:4 8 6 5 5
7 8 16 17 23:22:8 6 4 2 2
3 12:2:1 1
1 2:5:3 2
1 8 13 15 17:21:3 6 3 7 2
3 12 20:5:1 1 3
13 15 17 20 25:20:3 7 2 3 5
5 6 15:26:10 9 7
3 9 10 17:11:1 5 3 2
8 25:11:6 5
13 15 23:12:3 7 2
4 5 8 14 15:32:4 10 6 5 7
1 18 23 25:19:3 9 2 5
4 5 14:19:4 10 5
2 6 8 19 24:28:2 9 6 6 5
3 6 10 13 16 22:24:1 9 3 3 4 4
3 7 13 16 24:21:1 8 3 4 5
1 4 5 8 25:28:3 4 10 6 5
9 11 18 22 25:24:5 1 9 4 5
3 12 20:5:1 1 3
7 13 25:16:8 3 5
3 9:6:1 5
3 9 10 11:10:1 5 3 1
3 10 12 17 20:10:1 3 1 2 3
1 15:10:3 7
1 2 5 7:23:3 2 10 8
9 15 18 25:26:5 7 9 5
2 5 13 14 25:25:2 10 3 5 5
17 20:5:2 3
3 9 10 17 20:14:1 5 3 2 3
4 7 15:19:4 8 7
11 12 17:4:1 1 2
9 11 17 20:11:5 1 2 3
7 17 21:11:8 2 1
2 3 10:6:2 1 3
4 5 15 21 24:27:4 10 7 1 5
2 6 12 18 21 24:27:2 9 1 9 1 5
3 9 10:9:1 5 3
3 11 12 17 20:8:1 1 1 2 3
1 2 8 13 14:19:3 2 6 3 5
2 5 8 14:23:2 10 6 5
9 10 12:9:5 3 1
9 10 12 20:12:5 3 1 3
9 10 12 17 20:14:5 3 1 2 3
1 5 13 15 19 23:31:3 10 3 7 6 2
3 10 12:5:1 3 1
6 14:14:9 5
4 5 6 15 25:35:4 10 9 7 5
10 11 12 20:8:3 1 1 3
1 4 14 25:17:3 4 5 5
1 2 8:11:3 2 6
11 12 15:9:1 1 7
1 6 8 10 12 17:24:3 9 6 3 1 2
9 10 11 12 20:13:5 3 1 1 3
1 7 15:18:3 8 7
4 8 15:17:4 6 7
4 5 7:22:4 10 8
10 12 18 22 23:19:3 1 9 4 2
2 4 8 13 25:20:2 4 6 3 5
4 5 14 18 19 25:39:4 10 5 9 6 5
7 14 15:20:8 5 7
2 5 7 13:23:2 10 8 3
11 14 20 22:13:1 5 3 4
2 15:9:2 7
10 12 20:7:3 1 3
9 11 12 20:10:5 1 1 3
2 14 24:12:2 5 5
9 10 11 17 20:14:5 3 1 2 3
3 12 20:5:1 1 3
4 11 22:9:4 1 4
3 10 11 12 20:9:1 3 1 1 3
3 6 8 9 16 22:29:1 9 6 5 4 4
3 9 20:9:1 5 3
3 10 11 12 17:8:1 3 1 1 2
3 17:3:1 2
1 2 6 8 14:25:3 2 9 6 5
2 8 13 15 25:23:2 6 3 7 5
2 5 6 10 12 18:34:2 10 9 3 1 9
2 5 6:21:2 10 9
3 9 17:8:1 5 2
3 7 10 14:17:1 8 3 5
10 20:6:3 3
1 7 13 14 15:26:3 8 3 5 7
1 5 14 15 19:31:3 10 5 7 6
3 11 17:4:1 1 2
8 10 15 19:22:6 3 7 6
4 6 10 16 20:23:4 9 3 4 3
1 2 7:13:3 2 8
3 5 8 12 16:22:1 10 6 1 4
3 10 11:5:1 3 1
9 17:7:5 2
3 10 11 12 17:8:1 3 1 1 2
4 5 14 18 19 25:39:4 10 5 9 6 5
2 5 7 8 13:29:2 10 8 6 3
6 14 21 24:20:9 5 1 5
12 16 18:14:1 4 9
1 2 4 7 14:22:3 2 4 8 5
3 5 9 14 17:23:1 10 5 5 2
2 5 25:17:2 10 5
11 12 22 25:11:1 1 4 5
9 11 12 17:9:5 1 1 2
3 11 12 17 20:8:1 1 1 2 3
2 4 8 15:19:2 4 6 7
4 6:13:4 9
3 10 12 17 20:10:1 3 1 2 3
15 25:12:7 5
1 6 8 9 15 25:35:3 9 6 5 7 5
9 10 17 20:13:5 3 2 3
2 4 5 7 8:30:2 4 10 8 6
1 7 14 15:23:3 8 5 7
3 10 17:6:1 3 2
10 12:4:3 1
2 4 6 7 16 22:31:2 4 9 8 4 4
3 11 12 17:5:1 1 1 2
2 18 20 24:19:2 9 3 5
4 8 13 14:18:4 6 3 5
3 9 10 17:11:1 5 3 2
10 12 17 20:9:3 1 2 3
5 7 14:23:10 8 5
3 9 11 12 20:11:1 5 1 1 3
2 5 6:21:2 10 9
8 13 18:18:6 3 9
2 25:7:2 5
2 6 13 15 19:27:2 9 3 7 6
1 2 13 14 15:20:3 2 3 5 7
4 8 23:12:4 6 2
1 7 8 20 24:25:3 8 6 3 5
3 9 10 20:12:1 5 3 3
2 8 9 13 24:21:2 6 5 3 5
9 10 12 17 20:14:5 3 1 2 3
17 20:5:2 3
3 9 10 11 12:11:1 5 3 1 1
3 11 17 20:7:1 1 2 3
4 8 9 19 21 24:27:4 6 5 6 1 5
11 15 24:13:1 7 5
1 6 15 18:28:3 9 7 9
3 9 11 17 20:12:1 5 1 2 3
5 14 15:22:10 5 7
14 15:12:5 7
2 12 17 24 25:15:2 1 2 5 5
1 5 8 16 20:26:3 10 6 4 3
4 7 13:15:4 8 3
9 13 15 24:20:5 3 7 5
9 10 11 12 20:13:5 3 1 1 3
9 18 22:18:5 9 4
1 9 16 20:15:3 5 4 3
9 10 11 17 20:14:5 3 1 2 3
1 2 14 20:13:3 2 5 3
4 17 22:10:4 2 4
5 8:16:10 6
12 20:4:1 3
3 8 10 18:19:1 6 3 9
4 7 11 21 23 24:21:4 8 1 1 2 5
10 11 12 17:7:3 1 1 2
4 5 8 25:25:4 10 6 5
1 7 8:17:3 8 6
2 7 8:16:2 8 6
1 14:8:3 5
8 14:11:6 5
2 5 6 14 17:28:2 10 9 5 2
6 7 9 12 25:28:9 8 5 1 5
6 7 8 13 15:33:9 8 6 3 7
3 9 10 11 12:11:1 5 3 1 1
9 12 17 20:11:5 1 2 3
3 14 17 24:13:1 5 2 5
1 2 8 13:14:3 2 6 3
1 9 14 16 17:19:3 5 5 4 2
5 7 8:24:10 8 6
2 6 8 14:22:2 9 6 5
6 13 15 25:24:9 3 7 5
6 7 8 25:28:9 8 6 5
6 13:12:9 3
4 8 13 14 15:25:4 6 3 5 7
2 5 6 14 25:31:2 10 9 5 5
7 14:13:8 5
11 12:2:1 1
2 7 8 14:21:2 8 6 5
3 11 12 17:5:1 1 1 2
2 6 10 15 22:25:2 9 3 7 4
5 8:16:10 6
9 14 17:12:5 5 2
6 9 11 18 22 25:33:9 5 1 9 4 5
3 9 10 16 19 23:21:1 5 3 4 6 2
3 20:4:1 3
9 10 17 20:13:5 3 2 3
8 9 12 13 22 25:24:6 5 1 3 4 5
10 15 22:14:3 7 4
9 12 17 20:11:5 1 2 3
15 19 21 22 23 24:25:7 6 1 4 2 5
4 6 18:22:4 9 9
2 5 7 8 13:29:2 10 8 6 3
9 10 11 17 20:14:5 3 1 2 3
1 4 6 7 13:27:3 4 9 8 3
7 16 22:16:8 4 4
9 11 15 25:18:5 1 7 5
5 8 25:21:10 6 5
3 10 11 12 20:9:1 3 1 1 3
3 17:3:1 2
2 6 12 21 23:15:2 9 1 1 2
6 7:17:9 8
2 4:6:2 4
1 4 10 25:15:3 4 3 5
10 17:5:3 2
9 17 21:8:5 2 1
9 20:8:5 3
4 8 10 17:15:4 6 3 2
3 10:4:1 3
4 5 17 19:22:4 10 2 6
4 5 6:23:4 10 9
9 10 12 18 23 24:25:5 3 1 9 2 5
3 10 12 20:8:1 3 1 3
9 10 12 20:12:5 3 1 3
8 9 11 18 20:24:6 5 1 9 3
10 11 12 17 20:10:3 1 1 2 3
2 8 15:15:2 6 7
2 15 18 25:23:2 7 9 5
6 14:14:9 5
8 10 16 25:18:6 3 4 5
3 17:3:1 2
3 9 10 20:12:1 5 3 3
10 18 19 23 24 25:30:3 9 6 2 5 5
5 6 11 14 18:34:10 9 1 5 9
2 5 7:20:2 10 8
2 5 7 14 15:32:2 10 8 5 7
5 7 10 17 18 24:37:10 8 3 2 9 5
9 12:6:5 1
9 10 13 20 23 25:21:5 3 3 3 2 5
10 11 12 17:7:3 1 1 2
3 10 11 17 20:10:1 3 1 2 3
1 5 13 15 19 23:31:3 10 3 7 6 2
8 13 22:13:6 3 4
2 13 14 25:15:2 3 5 5
3 9 10 12 20:13:1 5 3 1 3
4 13 15 25:19:4 3 7 5
7 13 15 18 19:33:8 3 7 9 6
3 12 17:4:1 1 2
12 13 20:7:1 3 3
4 5 14 18 19 25:39:4 10 5 9 6 5
4 13 14:12:4 3 5
9 20:8:5 3
4 14 16 18 20 21:26:4 5 4 9 3 1
4 5 6 9 18 23:39:4 10 9 5 9 2
9 11 12 20:10:5 1 1 3
3 11 12 17 20:8:1 1 1 2 3
2 4 5 14 15:28:2 4 10 5 7
1 4 13 24:15:3 4 3 5
2 4 8 25:17:2 4 6 5
3 9 10 11:10:1 5 3 1
1 2 17:7:3 2 2
3 10 20:7:1 3 3
5 8 13:19:10 6 3
3 11 17:4:1 1 2
10 17:5:3 2
1 2 12 25:11:3 2 1 5
13 15 24:15:3 7 5
9 11 12 17 20:12:5 1 1 2 3
1 2 13 15:15:3 2 3 7
1 9 15 16 21:20:3 5 7 4 1
4 6 8 13 14:27:4 9 6 3 5
8 23 25:13:6 2 5
6 8 10 12 24:24:9 6 3 1 5
11 17:3:1 2
2 4 5 13:19:2 4 10 3
8 17 18 20 23:22:6 2 9 3 2
9 20:8:5 3
9 10 11 12 20:13:5 3 1 1 3
9 16 20 21 22:17:5 4 3 1 4
3 10 11:5:1 3 1
1 5 6 7 25:35:3 10 9 8 5
1 2 5 13 14:23:3 2 10 3 5
5 9 21:16:10 5 1
6 13:12:9 3
2 4 6 15:22:2 4 9 7
10 16 17 23:11:3 4 2 2
8 12 17 20 21:13:6 1 2 3 1
2 3 4 7 11 12:17:2 1 4 8 1 1
9 10 12 17:11:5 3 1 2
3 9 10 12 17:12:1 5 3 1 2
1 2 5 11 12 19:23:3 2 10 1 1 6
3 9 10 11 20:13:1 5 3 1 3
3 9 10 11 20:13:1 5 3 1 3
11 20:4:1 3
4 13 25:12:4 3 5
2 5 7 8 14:31:2 10 8 6 5
2 6 7 25:24:2 9 8 5
9 12:6:5 1
7 12 23:11:8 1 2
2 4 19 25:17:2 4 6 5
3 4 7 14 20 21:22:1 4 8 5 3 1
2 15:9:2 7
7 8 11 21 24:21:8 6 1 1 5
9 10 12 17:11:5 3 1 2
6 7 8 13 25:31:9 8 6 3 5
1 5 14 15 19:31:3 10 5 7 6
3 10 11 17 20:10:1 3 1 2 3
11 12:2:1 1
9 10 12:9:5 3 1
2 5 25:17:2 10 5
1 7 25:16:3 8 5
17 20:5:2 3
7 14 15 17:22:8 5 7 2
11 21 23:4:1 1 2
1 5 14 15 19:31:3 10 5 7 6
2 9 15 16 17 25:25:2 5 7 4 2 5
4 5 13 15:24:4 10 3 7
3 11 17:4:1 1 2
10 13 14 17 20 24:21:3 3 5 2 3 5
3 12 17 20:7:1 1 2 3
1 15 19:16:3 7 6
1 6 9 10 14 20:28:3 9 5 3 5 3
1 7 14 16 19 22:30:3 8 5 4 6 4
3 11 17:4:1 1 2
7 8 11 17 21 24:23:8 6 1 2 1 5
4 5 6 13 15:33:4 10 9 3 7
13 14 15:15:3 5 7
2 4 7:14:2 4 8
1 9 24:13:3 5 5
3 9 11 20:10:1 5 1 3
1 2 4 5 15 24:31:3 2 4 10 7 5
10 17 20:8:3 2 3
1 2 8 16 17 22:21:3 2 6 4 2 4
3 10:4:1 3
6 13 15:19:9 3 7
1 11 12 16 18 19:24:3 1 1 4 9 6
3 9 10 12 20:13:1 5 3 1 3
4 8 13 14 15:25:4 6 3 5 7
1 3 4 18 24:22:3 1 4 9 5
3 12 20:5:1 1 3
5 6 14 15:31:10 9 5 7
1 2 6 14 25:24:3 2 9 5 5
9 11 14 16 20 25:23:5 1 5 4 3 5
3 9 25:11:1 5 5
9 10 17:10:5 3 2
3 9 10 17:11:1 5 3 2
2 5:12:2 10
1 8 15:16:3 6 7
2 7 14:15:2 8 5
4 6 8 14 25:29:4 9 6 5 5
10 11:4:3 1
10 12 17 20:9:3 1 2 3
2 5 8 25:23:2 10 6 5
4 7 15:19:4 8 7
5 14 19 22:25:10 5 6 4
1 10 13 15:16:3 3 3 7
2 5 9 15 25:29:2 10 5 7 5
8 13 15 25:21:6 3 7 5
1 15 19 21 23:19:3 7 6 1 2
10 12:4:3 1
6 12 13 20 24:21:9 1 3 3 5
2 4 5 8 15:29:2 4 10 6 7
1 4 5 6 8:32:3 4 10 9 6
3 9 10 11:10:1 5 3 1
6 13:12:9 3
5 8 14 17 19:29:10 6 5 2 6
3 10 11 12 21 22:11:1 3 1 1 1 4
3 10 11 17 20:10:1 3 1 2 3
1 5 7 15:28:3 10 8 7
7 8 10:17:8 6 3
15 25:12:7 5
3 9 10 11 12:11:1 5 3 1 1
13 15 18:19:3 7 9
1 4 5 8 13:26:3 4 10 6 3
11 12 17 20:7:1 1 2 3
1 5 8 13 14:27:3 10 6 3 5
3 9 10 20:12:1 5 3 3
4 6 8 25:24:4 9 6 5
3 10 25:9:1 3 5
3 10 11 20:8:1 3 1 3
9 12 17:8:5 1 2
4 6 7 13 15:31:4 9 8 3 7
1 4 6 7:24:3 4 9 8
5 6 15 16 17 25:37:10 9 7 4 2 5
6 11 18 19 20:28:9 1 9 6 3
1 2 15 25:17:3 2 7 5
8 12 15 18 24:28:6 1 7 9 5
10 12:4:3 1
9 10 11 12:10:5 3 1 1
11 13 15:11:1 3 7
2 7 8 14 15:28:2 8 6 5 7
2 5 8 9 14:28:2 10 6 5 5
5 7 20 21 22:26:10 8 3 1 4
8 12 14 15 19:25:6 1 5 7 6
3 9 12 17 20:12:1 5 1 2 3
5 13 21:14:10 3 1
10 11 12 17:7:3 1 1 2
12 24 25:11:1 5 5
4 5 6 13:26:4 10 9 3
4 5 13 25:22:4 10 3 5
5 6 7 8 12 21:35:10 9 8 6 1 1
2 11 22:7:2 1 4
4 11 22:9:4 1 4
9 10 12 17 20:14:5 3 1 2 3
2 6 13 15 19:27:2 9 3 7 6
2 4 14 25:16:2 4 5 5
2 9 13 16 17:16:2 5 3 4 2
1 2 12 13 14 17:16:3 2 1 3 5 2
4 16 17 19:16:4 4 2 6
10 11 12 17:7:3 1 1 2
1 8 9 11 21 22:20:3 6 5 1 1 4
1 4 5 15:24:3 4 10 7
3 9 11 12 20:11:1 5 1 1 3
4 7 15 20:22:4 8 7 3
4 5 14 18 19 25:39:4 10 5 9 6 5
3 7 22:13:1 8 4
4 6 7:21:4 9 8
1 5 8:19:3 10 6
10 13 16 18 21:20:3 3 4 9 1
3 11 13:5:1 1 3
1 4 14 15:19:3 4 5 7
1 6 9 15 22 24:33:3 9 5 7 4 5
1 2 6 8:20:3 2 9 6
8 15:13:6 7
11 17:3:1 2
9 11 15 25:18:5 1 7 5
3 9 10 12 17:12:1 5 3 1 2
5 7 8 25:29:10 8 6 5
5 15:17:10 7
1 5 6 13 25:30:3 10 9 3 5
5 9 14 18 19:35:10 5 5 9 6
9 18 20:17:5 9 3
1 5 6 7:30:3 10 9 8
8 13 15 23:18:6 3 7 2
2 3 13 15 17 18:24:2 1 3 7 2 9
3 7 10 11 17:15:1 8 3 1 2
6 13 18 19 21:28:9 3 9 6 1
10 14 21:9:3 5 1
11 12 19 23:10:1 1 6 2
5 7 13 14:26:10 8 3 5
4 5 25:19:4 10 5
4 7 8 13:21:4 8 6 3
9 13 14:13:5 3 5
5 15 18 20:29:10 7 9 3
1 4 8 19:19:3 4 6 6
1 3 20 21 23 24:15:3 1 3 1 2 5
5 7 17:20:10 8 2
3 10 11 12 20:9:1 3 1 1 3
3 11 22:6:1 1 4
1 3 9:9:3 1 5
2 8 9 11 16 24:23:2 6 5 1 4 5
3 9 12 17 20:12:1 5 1 2 3
1 8 13 15:19:3 6 3 7
16 18 24:18:4 9 5
5 13 14 25:23:10 3 5 5
8 13 25:14:6 3 5
8 14 15 25:23:6 5 7 5
1 4 5 6 14:31:3 4 10 9 5
2 4 13 15 25:21:2 4 3 7 5
6 8 15:22:9 6 7
1 9 13 23:13:3 5 3 2
3 11 12 20:6:1 1 1 3
3 10 12 17 20:10:1 3 1 2 3
9 11 17:8:5 1 2
9 17 20:10:5 2 3
3 11 17:4:1 1 2
3 10 11 21:6:1 3 1 1
4 25:9:4 5
9 10 12 17 20:14:5 3 1 2 3
1 2 6 7 15:29:3 2 9 8 7
2 5 6 25:26:2 10 9 5
3 10:4:1 3
15 16 17 20:16:7 4 2 3
3 11 17 20:7:1 1 2 3
3 10 11 20:8:1 3 1 3
3 9 12 17 20:12:1 5 1 2 3
3 10 11 12 20:9:1 3 1 1 3
4 8 15:17:4 6 7
3 11:2:1 1
1 2 11 21 22:11:3 2 1 1 4
10 11 17:6:3 1 2
4 5 6 8:29:4 10 9 6
1 7 18 19 24:31:3 8 9 6 5
1 8 12 25:15:3 6 1 5
11 12 17:4:1 1 2
1 5 7:21:3 10 8
4 15 23:13:4 7 2
3 10:4:1 3
3 9 20:9:1 5 3
3 14 15 22:17:1 5 7 4
8 14 25:16:6 5 5
7 17 21:11:8 2 1
4 7:12:4 8
5 10 17:15:10 3 2
6 11 13 14 20:21:9 1 3 5 3
9 20:8:5 3
1 2 9 21 24:16:3 2 5 1 5
1 6 8 15 25:30:3 9 6 7 5
1 8 12 24 25:20:3 6 1 5 5
1 5 13 25:21:3 10 3 5
5 13 14 25:23:10 3 5 5
2 4 6 7 14:28:2 4 9 8 5
10 12:4:3 1
3 7 19:15:1 8 6
4 5 6 13:26:4 10 9 3
1 3 5 8 10 21:24:3 1 10 6 3 1
2 17 19 20 21 22:18:2 2 6 3 1 4
14 19 20:14:5 6 3
1 2 9 13 18 24:27:3 2 5 3 9 5
17 20:5:2 3
5 8 10 11 16 19:30:10 6 3 1 4 6
1 14 25:13:3 5 5
1 2 6 14 25:24:3 2 9 5 5
3 9 10 20:12:1 5 3 3
6 7 18 19 23:34:9 8 9 6 2
1 7 14 16 19 22:30:3 8 5 4 6 4
11 12 17 20:7:1 1 2 3
1 2 13:8:3 2 3
10 20:6:3 3
4 5 6 14 15:35:4 10 9 5 7
3 17:3:1 2
3 12 17:4:1 1 2
9 17:7:5 2
1 14 15 25:20:3 5 7 5
1 5 13 15 19 23:31:3 10 3 7 6 2
10 12:4:3 1
5 6 8:25:10 9 6
5 6 8 9 14 15:42:10 9 6 5 5 7
4 13 14:12:4 3 5
1 6 17 21 24 25:25:3 9 2 1 5 5
10 11 12 17 20:10:3 1 1 2 3
3 20:4:1 3
3 4 13 16:12:1 4 3 4
11 20:4:1 3
9 10 12 17 19:17:5 3 1 2 6
10 11 12:5:3 1 1
3 9 17:8:1 5 2
5 14 15:22:10 5 7
3 12 17:4:1 1 2
9 10 15 19 22:25:5 3 7 6 4
4 6 9 19:24:4 9 5 6
11 12:2:1 1
10 11 17:6:3 1 2
3 11 20:5:1 1 3
6 7 9 16 21:27:9 8 5 4 1
1 5 14 15 20 21:29:3 10 5 7 3 1
3 9 11 17 20:12:1 5 1 2 3
9 11 12 17 20:12:5 1 1 2 3
2 6 13 15:21:2 9 3 7
1 4 8 25:18:3 4 6 5
7 25:13:8 5
8 12 21:8:6 1 1
10 12 17 20:9:3 1 2 3
9 10 11 17 20:14:5 3 1 2 3
2 5 6 13 25:29:2 10 9 3 5
3 9 10 17:11:1 5 3 2
1 5 18 24:27:3 10 9 5
6 7 8 25:28:9 8 6 5
3 10 11 20:8:1 3 1 3
4 6 8 25:24:4 9 6 5
10 11 12:5:3 1 1
4 7 8 13 19:27:4 8 6 3 6
3 11 20:5:1 1 3
8 12 20 21 24 25:21:6 1 3 1 5 5
2 6 19:17:2 9 6
6 7 23:19:9 8 2
1 19 21:10:3 6 1
10 11 12 17:7:3 1 1 2
1 4 5 6 8:32:3 4 10 9 6
14 17 20 21:11:5 2 3 1
3 5 18 22:24:1 10 9 4
13 15:10:3 7
5 7 13:21:10 8 3
2 4 14 16:15:2 4 5 4
1 12 13 18 20 25:24:3 1 3 9 3 5
2 6 13:14:2 9 3
2 6 7 10 14:27:2 9 8 3 5
4 13 25:12:4 3 5
1 7 8 11 21:19:3 8 6 1 1
7 9 14 17 22:24:8 5 5 2 4
10 11 17 20:9:3 1 2 3
2 11 12 13 17 18:18:2 1 1 3 2 9
3 5 15:18:1 10 7
9 10 12 20:12:5 3 1 3
2 3 9 10 12 14:17:2 1 5 3 1 5
2 6 7 8:25:2 9 8 6
4 12 13 17 23:12:4 1 3 2 2
10 11 12 17:7:3 1 1 2
1 7 14 15 25:28:3 8 5 7 5
1 2 8:11:3 2 6
12 17 18 23:14:1 2 9 2
2 4 6:15:2 4 9
1 2 4 13:12:3 2 4 3
10 12 20:7:3 1 3
1 25:8:3 5
2 3 4 5 16:21:2 1 4 10 4
1 10 12:7:3 3 1
3 10 11 17 20:10:1 3 1 2 3
6 7 9 12 18:32:9 8 5 1 9
3 10 12:5:1 3 1
9 12:6:5 1
4 11 17 19 21 23:16:4 1 2 6 1 2
4 6 25:18:4 9 5
6 16 17 21 24:21:9 4 2 1 5
3 17 20:6:1 2 3
3 10:4:1 3
10 12:4:3 1
2 6 8 13:20:2 9 6 3
4 7 25:17:4 8 5
9 11 12 20:10:5 1 1 3
1 4 6 7 8:30:3 4 9 8 6
5 13:13:10 3
1 4 13 14:15:3 4 3 5
2 3 4 9 15 19:25:2 1 4 5 7 6
4 16 18 24:22:4 4 9 5
9 11 20:9:5 1 3
2 7 12 16:15:2 8 1 4
1 4 15:14:3 4 7
5 13 14 25:23:10 3 5 5
3 9 11 12 17:10:1 5 1 1 2
15 17 25:14:7 2 5
9 12:6:5 1
9 11 17 20:11:5 1 2 3
10 15 18 20 25:27:3 7 9 3 5
10 11 12 20:8:3 1 1 3
4 9 11 19:16:4 5 1 6
1 2 6:14:3 2 9
6 7 14 25:27:9 8 5 5
3 10 11:5:1 3 1
9 11 17:8:5 1 2
3 14 22 23:12:1 5 4 2
3 10:4:1 3
3 11 17:4:1 1 2
8 9 15 16 20 25:30:6 5 7 4 3 5
9 10 11 12 17:12:5 3 1 1 2
1 6:12:3 9
3 9 10 11 17:12:1 5 3 1 2
4 8 11 22:15:4 6 1 4
5 12 14 21:17:10 1 5 1
10 11:4:3 1
9 11:6:5 1
2 8 10 14 16 23:22:2 6 3 5 4 2
14 15 18 20 21 22:29:5 7 9 3 1 4
11 12:2:1 1
2 15:9:2 7
4 7 20 22 24:24:4 8 3 4 5
2 4 5 8 15:29:2 4 10 6 7
1 4 6 7 8:30:3 4 9 8 6
9 11 12:7:5 1 1
9 10 14 15 16:24:5 3 5 7 4
7 11 18 25:23:8 1 9 5
7 8:14:8 6
3 4 7 10 21 22:21:1 4 8 3 1 4
10 11 20:7:3 1 3
1 5 14 15 19:31:3 10 5 7 6
2 7 11 20 24 25:24:2 8 1 3 5 5
10 11:4:3 1
8 10 13 14 20 25:25:6 3 3 5 3 5
3 9 10 11 17:12:1 5 3 1 2
1 4 8 10 14:21:3 4 6 3 5
3 9 10:9:1 5 3
2 12 16 24:12:2 1 4 5
9 10 12 17:11:5 3 1 2
3 9 10 11:10:1 5 3 1
5 8 14 16 23:27:10 6 5 4 2
10 11 12 20:8:3 1 1 3
4 5 14 18 19 25:39:4 10 5 9 6 5
5 9 17 22:21:10 5 2 4
2 5 6:21:2 10 9
3 10 12 17 20:10:1 3 1 2 3
1 8 15 17:18:3 6 7 2
8 10 11 21:11:6 3 1 1
3 10 11 12 17:8:1 3 1 1 2
1 3 8 9 15 19:28:3 1 6 5 7 6
12 17:3:1 2
1 4 25:12:3 4 5
1 2 6 25:19:3 2 9 5
1 4 5 9 11 24:28:3 4 10 5 1 5
2 5 16 17 20 23:23:2 10 4 2 3 2
3 12 13 14 17:12:1 1 3 5 2
6 12 22 25:19:9 1 4 5
4 15:11:4 7
2 3 5 11 12 24:20:2 1 10 1 1 5
1 2 6 15 25:26:3 2 9 7 5
12 17 20:6:1 2 3
3 9 10:9:1 5 3
3 8 18:16:1 6 9
4 25:9:4 5
3 7 10 14 18:26:1 8 3 5 9
3 12:2:1 1
3 9 10 17 20:14:1 5 3 2 3
3 11:2:1 1
10 11:4:3 1
3 10:4:1 3
7 13 17 18 21:23:8 3 2 9 1
11 12:2:1 1
3 18 19:16:1 9 6
5 7:18:10 8
2 7 10 16 24:22:2 8 3 4 5
10 20 24:11:3 3 5
1 13 15:13:3 3 7
3 9 11 12 20:11:1 5 1 1 3
1 7 13:14:3 8 3
1 17 18:14:3 2 9
4 5 9:19:4 10 5
6 13 14:17:9 3 5
11 17 20:6:1 2 3
1 5 12 24:19:3 10 1 5
4 6 7 18 19 20:39:4 9 8 9 6 3
1 5 14 15 19:31:3 10 5 7 6
9 10 17 20:13:5 3 2 3
3 12 20:5:1 1 3
6 12 13 20 22 23:22:9 1 3 3 4 2
2 5 14 15:24:2 10 5 7
10 11 12 17 20:10:3 1 1 2 3
4 25:9:4 5
1 2 6 7 8:28:3 2 9 8 6
9 10:8:5 3
1 7 14 16 19 22:30:3 8 5 4 6 4
6 11 13 19 20:22:9 1 3 6 3
4 5 18 25:28:4 10 9 5
10 12 20:7:3 1 3
1 5 6 25:27:3 10 9 5
4 5 12 14 24:25:4 10 1 5 5
3 12:2:1 1
1 9 17:10:3 5 2
6 10 13 15 16 19:32:9 3 3 7 4 6
9 10 20:11:5 3 3
4 6 8:19:4 9 6
2 4 5 6 25:30:2 4 10 9 5
3 9 12 17 20:12:1 5 1 2 3
1 4 5:17:3 4 10
3 10 20:7:1 3 3
9 15 17 18 24 25:33:5 7 2 9 5 5
9 11:6:5 1
5 6 9 10:27:10 9 5 3
1 14 15:15:3 5 7
6 13:12:9 3
2 5 7:20:2 10 8
9 10 11 17 20:14:5 3 1 2 3
3 9 11 12 17:10:1 5 1 1 2
1 15:10:3 7
3 9 10 12 17:12:1 5 3 1 2
3 5 10 11 13 16:22:1 10 3 1 3 4
10 20:6:3 3
10 14 16:12:3 5 4
9 10 11 20:12:5 3 1 3
7 9 11 23:16:8 5 1 2
1 5 14 15 19:31:3 10 5 7 6
3 9 10 11:10:1 5 3 1
