1 4 8 14 15:25:3 4 6 5 7
16 19 27:11:4 6 1
2 5 7 14:25:2 10 8 5
2 4 6 7 14:28:2 4 9 8 5
20 26:4:3 1
1 17 19:11:3 2 6
2 7 18 22 27:24:2 8 9 4 1
17 28:4:2 2
1 4 7 8 13:24:3 4 8 6 3
6 7 15 19 22 30:36:9 8 7 6 4 2
1 6 13 15 19 24 25:38:3 9 3 7 6 5 5
2 5 6 8:27:2 10 9 6
9 26 27 28:9:5 1 1 2
4 7 8 23 24 29:28:4 8 6 2 5 3
3 10 13:7:1 3 3
4 7 17 22:18:4 8 2 4
10 12 17 26 28:9:3 1 2 1 2
8 22 30:12:6 4 2
2 4 8 13 20:18:2 4 6 3 3
17 30:4:2 2
9 10 20 26 27:13:5 3 3 1 1
9 26:6:5 1
11 20 26 30:7:1 3 1 2
3 10 15 18 20:23:1 3 7 9 3
23 25 27:8:2 5 1
5 24 26 28 30:20:10 5 1 2 2
2 7 17 18 26 27:23:2 8 2 9 1 1
5 25:15:10 5
11 12 26 27 28:6:1 1 1 1 2
5 17 26 27:14:10 2 1 1
10 20 26 30:9:3 3 1 2
11 26 27 30:5:1 1 1 2
1 2 7:13:3 2 8
17 20 26:6:2 3 1
10 11 15 25 30:18:3 1 7 5 2
9 17 20 28 30:14:5 2 3 2 2
2 3 19:9:2 1 6
5 13 14:18:10 3 5
1 14 15 25:20:3 5 7 5
4 6 13 25:21:4 9 3 5
1 4 6 13 25:24:3 4 9 3 5
9 20 23:10:5 3 2
5 21 23 26:14:10 1 2 1
26 30:3:1 2
9 11 12 27 30:10:5 1 1 1 2
10 20 26:7:3 3 1
9 11 17 30:10:5 1 2 2
3 11 12 20 28:8:1 1 1 3 2
5 13:13:10 3
3 5 8 19:23:1 10 6 6
13 14:8:3 5
2 3 13 19 24 26:18:2 1 3 6 5 1
10 11 27:5:3 1 1
3 27:2:1 1
3 7 11 14 17 28:19:1 8 1 5 2 2
2 6 8 13:20:2 9 6 3
3 9 17 20 26:12:1 5 2 3 1
1 4 5 6 15:33:3 4 10 9 7
14 21 22 23 26:13:5 1 4 2 1
2 13 14 15 25:22:2 3 5 7 5
2 4 6 7:23:2 4 9 8
11 12 21 25 27:9:1 1 1 5 1
1 2 5 6 8:30:3 2 10 9 6
2 7 8 13 25:24:2 8 6 3 5
10 26:4:3 1
1 2 7 14 25:23:3 2 8 5 5
4 14 15 27 30:19:4 5 7 1 2
2 5 7 14 15:32:2 10 8 5 7
3 10 11 27 30:8:1 3 1 1 2
11 12 20 26:6:1 1 3 1
11 16 28:7:1 4 2
9 11 17 20:11:5 1 2 3
2 6:11:2 9
2 6:11:2 9
2 8 13 18 25:25:2 6 3 9 5
12 17 20 27:7:1 2 3 1
8 14:11:6 5
4 6:13:4 9
4 15:11:4 7
2 4 7 22:18:2 4 8 4
12 26:2:1 1
1 7 11 16 21 26:18:3 8 1 4 1 1
3 5 8 19 20:26:1 10 6 6 3
4 6 14 15:25:4 9 5 7
4 5 25:19:4 10 5
1 8 10 13 14 28:22:3 6 3 3 5 2
1 6 14:17:3 9 5
15 22 27:12:7 4 1
2 6 7 13 25:27:2 9 8 3 5
3 10:4:1 3
10 17 26 28:8:3 2 1 2
3 9 26 27:8:1 5 1 1
10 13 14 16:15:3 3 5 4
11 20:4:1 3
1 2 4 8 25:20:3 2 4 6 5
1 15 25:15:3 7 5
9 10 17 26:11:5 3 2 1
3 15 17 23 25 30:19:1 7 2 2 5 2
5 6 23 24:26:10 9 2 5
7 11 16 22 24 30:24:8 1 4 4 5 2
1 2 4 5 8:25:3 2 4 10 6
9 11 17 20:11:5 1 2 3
3 11 12 26 27:5:1 1 1 1 1
3 4 8 14 16 22:24:1 4 6 5 4 4
3 17 22 24:12:1 2 4 5
11 12 30:4:1 1 2
9 20:8:5 3
2 8 15:15:2 6 7
11 12 17:4:1 1 2
5 9 12 30:18:10 5 1 2
1 7 8:17:3 8 6
2 22 30:8:2 4 2
5 24 26 27 29 30:22:10 5 1 1 3 2
4 18 26:14:4 9 1
6 10 19 20:21:9 3 6 3
3 11 20 26:6:1 1 3 1
14 16 18 26:19:5 4 9 1
4 13 25:12:4 3 5
1 7 13 27:15:3 8 3 1
2 6 8 13 15:27:2 9 6 3 7
1 26 30:6:3 1 2
4 9 21 29:13:4 5 1 3
1 4 8 25:18:3 4 6 5
7 14 22 25 28:24:8 5 4 5 2
6 8:15:9 6
3 16 20 25:13:1 4 3 5
1 15 24 25 29:23:3 7 5 5 3
9 10:8:5 3
10 27 28 30:8:3 1 2 2
2 4 5 13 25:24:2 4 10 3 5
9 17 27 30:10:5 2 1 2
1 4 8 13 15:23:3 4 6 3 7
3 11 12 20:6:1 1 1 3
5 7 13:21:10 8 3
13 14 25:13:3 5 5
10 26 30:6:3 1 2
1 13:6:3 3
3 9 10 17 30:13:1 5 3 2 2
6 9 14 22 25:28:9 5 5 4 5
2 8 13 25:16:2 6 3 5
21 23 25 27:9:1 2 5 1
10 26 30:6:3 1 2
2 13 14 25:15:2 3 5 5
10 17:5:3 2
2 8 13 25:16:2 6 3 5
11 12 30:4:1 1 2
9 17 30:9:5 2 2
1 3 16 18 21:18:3 1 4 9 1
1 6 8 13:21:3 9 6 3
8 9 18 28:22:6 5 9 2
20 26:4:3 1
7 19 24:19:8 6 5
3 7 16 20 25 28:23:1 8 4 3 5 2
8 15:13:6 7
3 10 12 17 30:9:1 3 1 2 2
4 15 19 21 25 28:25:4 7 6 1 5 2
1 6 14 18 19 25:37:3 9 5 9 6 5
9 17 26 27:9:5 2 1 1
6 14:14:9 5
1 5 6 25:27:3 10 9 5
5 20 25 30:20:10 3 5 2
8 15 30:15:6 7 2
2 5 15 25:24:2 10 7 5
6 16 20 25 26 27:23:9 4 3 5 1 1
2 4 9 13 22 29:21:2 4 5 3 4 3
2 4 5 15:23:2 4 10 7
11 17 26 28 30:8:1 2 1 2 2
4 7 14:17:4 8 5
3 9 10 20 30:14:1 5 3 3 2
3 17 26 30:6:1 2 1 2
5 6 13 22:26:10 9 3 4
3 11 12 17 26:6:1 1 1 2 1
6 25:14:9 5
9 15 16 21 22 28:23:5 7 4 1 4 2
3 11 30:4:1 1 2
10 11 12 28 30:9:3 1 1 2 2
26 28:3:1 2
10 15 20 25 28 30:22:3 7 3 5 2 2
7 8 11 16 24 28:26:8 6 1 4 5 2
7 10 29:14:8 3 3
1 5:13:3 10
8 9 10 12 18 25:29:6 5 3 1 9 5
1 2 7:13:3 2 8
1 8 14 15 19 24:32:3 6 5 7 6 5
1 5 6 14 15:34:3 10 9 5 7
5 12 17:13:10 1 2
9 21 26 28:9:5 1 1 2
1 2 20 25:13:3 2 3 5
1 11 17 18 21 26:17:3 1 2 9 1 1
7 10 11 15 19 30:27:8 3 1 7 6 2
3 4 11 30:8:1 4 1 2
9 11 14 26:12:5 1 5 1
2 11 19 24 29 30:19:2 1 6 5 3 2
1 2 16 24 28:16:3 2 4 5 2
11 12 17 27:5:1 1 2 1
2 4 18 19 25 30:28:2 4 9 6 5 2
2 4 10 12 26:11:2 4 3 1 1
8 13 14 15 25:26:6 3 5 7 5
6 17 19 29:20:9 2 6 3
3 18 22 27 28:17:1 9 4 1 2
4 7 13 15:22:4 8 3 7
1 2 8 14 15:23:3 2 6 5 7
3 11 30:4:1 1 2
1 5 15:20:3 10 7
9 10 13 18 21 29:24:5 3 3 9 1 3
17 27:3:2 1
1 2 5 9 12 14:26:3 2 10 5 1 5
5 6 15 25:31:10 9 7 5
4 14 25:14:4 5 5
4 5 6 7:31:4 10 9 8
9 19 24:16:5 6 5
1 13 15:13:3 3 7
20 26:4:3 1
4 6 8 14 25:29:4 9 6 5 5
3 11 26:3:1 1 1
2 7 8 13 25:24:2 8 6 3 5
3 4 12 13 17 29:14:1 4 1 3 2 3
7 14:13:8 5
12 20 27:5:1 3 1
3 11 12 20 26:7:1 1 1 3 1
1 12 25:9:3 1 5
5 13 14 15:25:10 3 5 7
11 17:3:1 2
9 10 12:9:5 3 1
1 7 13:14:3 8 3
2 8 24:13:2 6 5
12 17 20:6:1 2 3
5 17 24 25 29:25:10 2 5 5 3
3 9 20 26 30:12:1 5 3 1 2
1 6 14 18 19 25:37:3 9 5 9 6 5
3 13 24 30:11:1 3 5 2
5 7:18:10 8
9 12 27:7:5 1 1
7 9 22 30:19:8 5 4 2
9 10:8:5 3
9 27:6:5 1
1 14 25:13:3 5 5
14 15 25:17:5 7 5
7 9 17 18 28:26:8 5 2 9 2
3 10 12 27:6:1 3 1 1
3 20 28:6:1 3 2
1 3 7 26 27 30:16:3 1 8 1 1 2
9 20 27 28:11:5 3 1 2
2 12 18 19 24 28:25:2 1 9 6 5 2
1 2 5 13 20 25:26:3 2 10 3 3 5
5 8 13 14 15:31:10 6 3 5 7
1 5 16 22 23 29:26:3 10 4 4 2 3
6 15 23 29:21:9 7 2 3
3 18 27 28 29:16:1 9 1 2 3
14 15:12:5 7
4 5 20 25:22:4 10 3 5
10 11 12 27 30:8:3 1 1 1 2
12 27:2:1 1
3 8 30:9:1 6 2
10 11 17 27 28:9:3 1 2 1 2
4 11 20 22 23 28:16:4 1 3 4 2 2
9 10 11:9:5 3 1
9 17 20:10:5 2 3
1 6 13 15 19 24 25:38:3 9 3 7 6 5 5
1 9 16 20 27:16:3 5 4 3 1
9 10 11 17 28:13:5 3 1 2 2
9 11 17 27 30:11:5 1 2 1 2
4 6:13:4 9
2 8 13:11:2 6 3
7 8 13:17:8 6 3
1 6 13 15 19 24 25:38:3 9 3 7 6 5 5
6 13 15 24 26:25:9 3 7 5 1
3 12 26 28 30:7:1 1 1 2 2
10 27:4:3 1
10 11 12 26 30:8:3 1 1 1 2
6 10 15 25:24:9 3 7 5
4 7 11:13:4 8 1
10 11 18 23 28 30:19:3 1 9 2 2 2
3 10 17 26:7:1 3 2 1
4 7 25:17:4 8 5
7 11 13 15 17 23:23:8 1 3 7 2 2
11 12 26:3:1 1 1
10 20 28:8:3 3 2
20 28:5:3 2
12 20 26 28:7:1 3 1 2
1 2 4 6:18:3 2 4 9
6 22 27:14:9 4 1
1 4 6 7 8:30:3 4 9 8 6
1 6 7 13 25:28:3 9 8 3 5
2 7 15:17:2 8 7
9 26:6:5 1
1 6 14 18 19 25:37:3 9 5 9 6 5
2 12 19 20 25:17:2 1 6 3 5
3 10 26 27 28:8:1 3 1 1 2
23 24 28:9:2 5 2
5 6 12 23 28 30:26:10 9 1 2 2 2
4 5 7 25:27:4 10 8 5
9 12 17 28 30:12:5 1 2 2 2
18 22 28:15:9 4 2
1 8 14 15 19 24:32:3 6 5 7 6 5
6 9 14 19 24 30:32:9 5 5 6 5 2
6 7 8 15:30:9 8 6 7
1 16 24 27:13:3 4 5 1
3 10 12 17 30:9:1 3 1 2 2
19 23 26 27 29:13:6 2 1 1 3
2 8 16:12:2 6 4
2 4 5 14:21:2 4 10 5
10 11 24 26 29:13:3 1 5 1 3
3 9 17 30:10:1 5 2 2
4 6 14:18:4 9 5
3 9 10 17 28:13:1 5 3 2 2
2 7 8 13 25:24:2 8 6 3 5
2 6:11:2 9
1 8 14:14:3 6 5
1 2:5:3 2
28 30:4:2 2
3 9 11 26 27:9:1 5 1 1 1
9 10 12:9:5 3 1
1 2 7:13:3 2 8
2 4 7 8 25:25:2 4 8 6 5
7 19 22 28:20:8 6 4 2
1 8 14 15 19 24:32:3 6 5 7 6 5
9 11:6:5 1
3 10 12 20 22:12:1 3 1 3 4
15 22 29 30:16:7 4 3 2
3 17 28 30:7:1 2 2 2
1 2 5 7 24:28:3 2 10 8 5
6 7 25:22:9 8 5
2 8 14:13:2 6 5
6 7 8:23:9 8 6
6 16 22 23 26 27:21:9 4 4 2 1 1
2 5 6 19 22:31:2 10 9 6 4
3 9 30:8:1 5 2
1 13:6:3 3
17 27 30:5:2 1 2
3 27:2:1 1
18 19 22:19:9 6 4
2 9 17:9:2 5 2
2 14 25:12:2 5 5
10 11:4:3 1
12 30:3:1 2
1 2 5 8 25:26:3 2 10 6 5
3 19 25:12:1 6 5
1 5 6 13 22:29:3 10 9 3 4
1 8 14 15 19 24:32:3 6 5 7 6 5
8 10 12 27:11:6 3 1 1
4 13 18 23 29:21:4 3 9 2 3
27 28:3:1 2
4 6 7 13 14:29:4 9 8 3 5
3 4 16 18 28 29:23:1 4 4 9 2 3
3 9 10 20 27:13:1 5 3 3 1
1 7 8:17:3 8 6
11 19 24 26 28 30:17:1 6 5 1 2 2
1 2 9 17 22:16:3 2 5 2 4
11 17 20 27 30:9:1 2 3 1 2
1 25:8:3 5
9 12 17 26:9:5 1 2 1
26 28 30:5:1 2 2
3 16 17 23 28:11:1 4 2 2 2
7 15 25:20:8 7 5
2 6:11:2 9
4 9 12 30:12:4 5 1 2
2 6 14 18 24 25:35:2 9 5 9 5 5
1 25:8:3 5
3 18 23 24 30:19:1 9 2 5 2
3 11 12 27 28:6:1 1 1 1 2
3 10 12 27:6:1 3 1 1
2 15 17 21 22 28:18:2 7 2 1 4 2
3 17 20 26 28:9:1 2 3 1 2
1 14 24:13:3 5 5
1 6 13 15 19 24 25:38:3 9 3 7 6 5 5
1 4 6 15:23:3 4 9 7
11 12 27 28:5:1 1 1 2
10 11 12 20 26:9:3 1 1 3 1
3 9 12 28:9:1 5 1 2
10 17 20 26 28:11:3 2 3 1 2
11 25 27:7:1 5 1
1 5 13 14 15:28:3 10 3 5 7
9 11 17 20 27:12:5 1 2 3 1
10 17 20 27 28:11:3 2 3 1 2
13 14:8:3 5
3 11 21 22 27:8:1 1 1 4 1
10 11 12 26:6:3 1 1 1
1 25:8:3 5
2 9 11 16 26:13:2 5 1 4 1
12 28:3:1 2
9 27:6:5 1
1 2 6:14:3 2 9
10 17 27:6:3 2 1
8 15 30:15:6 7 2
1 9 19:14:3 5 6
13 15 25:15:3 7 5
5 18 20 22 23 27:29:10 9 3 4 2 1
6 7 13 14 15:32:9 8 3 5 7
1 10 25 30:13:3 3 5 2
4 8 19 28:18:4 6 6 2
3 11 20 30:7:1 1 3 2
1 8 14 15 19 24:32:3 6 5 7 6 5
2 5 7 15 25:32:2 10 8 7 5
1 4 15:14:3 4 7
2 5 7 15:27:2 10 8 7
3 5 16 20 25:23:1 10 4 3 5
7 8 14 25:24:8 6 5 5
1 8 14 15 19 24:32:3 6 5 7 6 5
7 9 12 20 26 29:21:8 5 1 3 1 3
17 26 27:4:2 1 1
9 17 20:10:5 2 3
3 17:3:1 2
1 7 15 25:23:3 8 7 5
20 27:4:3 1
2 8 20:11:2 6 3
9 12 26 28:9:5 1 1 2
3 12 17 20 27:8:1 1 2 3 1
9 11 12 20 27:11:5 1 1 3 1
1 25 26 30:11:3 5 1 2
17 27 28:5:2 1 2
17 28 29:7:2 2 3
1 7 15:18:3 8 7
3 11 12 17 28:7:1 1 1 2 2
2 5 7 18 24 30:36:2 10 8 9 5 2
1 7:11:3 8
9 12 26 30:9:5 1 1 2
13 14 30:10:3 5 2
3 5 7 20:22:1 10 8 3
9 11 26 30:9:5 1 1 2
4 8 13 14 15:25:4 6 3 5 7
9 27 30:8:5 1 2
14 25:10:5 5
1 4 24:12:3 4 5
6 13:12:9 3
1 4:7:3 4
6 13:12:9 3
1 3 5 8 19 20:29:3 1 10 6 6 3
4 7 13 14:20:4 8 3 5
1 6 13 15 19 24 25:38:3 9 3 7 6 5 5
4 7 8 14:23:4 8 6 5
19 21 22 23 26:14:6 1 4 2 1
2 6 14 18 24 25:35:2 9 5 9 5 5
2 6 8 13:20:2 9 6 3
2 4 5 7 25:29:2 4 10 8 5
3 11 17:4:1 1 2
13 15:10:3 7
11 17:3:1 2
9 20 26 28:11:5 3 1 2
5 6 7 24 26:33:10 9 8 5 1
3 27:2:1 1
11 22 25 26:11:1 4 5 1
4 13 14 15 25:24:4 3 5 7 5
3 9 26:7:1 5 1
1 8 14 15 19 24:32:3 6 5 7 6 5
5 6:19:10 9
12 20:4:1 3
3 10 17 20 30:11:1 3 2 3 2
3 11 20 26 27:7:1 1 3 1 1
2 6 14 18 24 25:35:2 9 5 9 5 5
5 8 13 15:26:10 6 3 7
4 15:11:4 7
7 13 16 19:21:8 3 4 6
9 11 17 20 26:12:5 1 2 3 1
10 26 27 28:7:3 1 1 2
12 20 27 28 30:9:1 3 1 2 2
3 27 28 30:6:1 1 2 2
1 6 14 18 19 25:37:3 9 5 9 6 5
2 7 13 14:18:2 8 3 5
10 17 20 26:9:3 2 3 1
5 8 10 13 22:26:10 6 3 3 4
3 13 20 23:9:1 3 3 2
12 17 20 27 30:9:1 2 3 1 2
1 3 19 22 23 30:18:3 1 6 4 2 2
5 6 7 12 21:29:10 9 8 1 1
13 18 19 22 25 28:29:3 9 6 4 5 2
10 11:4:3 1
10 13 15 26:14:3 3 7 1
4 5 7 13:25:4 10 8 3
1 2 4 13 14:17:3 2 4 3 5
5 15 20:20:10 7 3
3 9 11 20 26:11:1 5 1 3 1
1 6 13 15 19 24 25:38:3 9 3 7 6 5 5
4 6 7 8 25:32:4 9 8 6 5
21 24 26:7:1 5 1
1 5 10 18 26:26:3 10 3 9 1
1 8 9 13:17:3 6 5 3
2 8 10 14 15 22:27:2 6 3 5 7 4
20 26 27 28 30:9:3 1 1 2 2
1 8 23 26:12:3 6 2 1
4 13:7:4 3
1 4 17 23 27:12:3 4 2 2 1
8 13 23:11:6 3 2
20 30:5:3 2
2 4 6:15:2 4 9
2 4 7 11 22 30:21:2 4 8 1 4 2
3 10 21 29:8:1 3 1 3
2 4 5 7 8:30:2 4 10 8 6
2 5 13 14 25:25:2 10 3 5 5
3 11 12 23:5:1 1 1 2
3 12:2:1 1
1 8 14 15 19 24:32:3 6 5 7 6 5
7 8 15 16 27:26:8 6 7 4 1
9 14 20 25:18:5 5 3 5
6 26 27 28:13:9 1 1 2
1 5 15:20:3 10 7
20 26:4:3 1
7 18 24:22:8 9 5
1 11 14 21 26 28:13:3 1 5 1 1 2
15 29 30:12:7 3 2
11 12 17 28:6:1 1 2 2
20 26:4:3 1
7 11 16 20 23:18:8 1 4 3 2
20 27:4:3 1
10 11 20 27:8:3 1 3 1
6 14 18 20:26:9 5 9 3
4 17 21 26 29:11:4 2 1 1 3
1 2 4 14 15:21:3 2 4 5 7
9 10 17:10:5 3 2
1 6 14 25:22:3 9 5 5
2 8 10 13 25:19:2 6 3 3 5
1 8 14 15 19 24:32:3 6 5 7 6 5
9 26 27 28 30:11:5 1 1 2 2
1 9 12 13 21:13:3 5 1 3 1
6 7 8 13 14:31:9 8 6 3 5
4 6 13 14:21:4 9 3 5
1 6 8 14 15:30:3 9 6 5 7
9 10 17 20 26:14:5 3 2 3 1
3 9 12:7:1 5 1
20 29 30:8:3 3 2
5 7 13 14 25:31:10 8 3 5 5
2 6 14 18 24 25:35:2 9 5 9 5 5
10 13 22:10:3 3 4
1 5 22 24:22:3 10 4 5
7 8:14:8 6
11 30:3:1 2
17 30:4:2 2
2 8 25:13:2 6 5
3 12 27 28 30:7:1 1 1 2 2
11 12 28:4:1 1 2
1 8:9:3 6
3 11:2:1 1
8 10 12 20 29 30:18:6 3 1 3 3 2
3 10:4:1 3
2 4 6 14 15:27:2 4 9 5 7
2 6 14 18 24 25:35:2 9 5 9 5 5
9 10 12 30:11:5 3 1 2
7 8 17 21 26:18:8 6 2 1 1
9 17 27:8:5 2 1
5 7 13 15:28:10 8 3 7
9 10 16:12:5 3 4
1 5:13:3 10
5 6 25:24:10 9 5
6 14:14:9 5
2 7 13 14:18:2 8 3 5
1 5 7 13 25:29:3 10 8 3 5
4 5 20 24 30:24:4 10 3 5 2
12 16 20 21 28:11:1 4 3 1 2
17 26:3:2 1
7 14 21 26 29 30:20:8 5 1 1 3 2
1 4 5 7:25:3 4 10 8
3 30:3:1 2
9 12 17:8:5 1 2
4 8 13 14 25:23:4 6 3 5 5
11 27 28:4:1 1 2
1 8 16 25 26 29:22:3 6 4 5 1 3
3 30:3:1 2
3 11 14 23 28:11:1 1 5 2 2
8 13 15:16:6 3 7
2 25:7:2 5
9 11 17 28:10:5 1 2 2
10 16 20 22:14:3 4 3 4
1 3 7 8 23 29:23:3 1 8 6 2 3
3 9 17 20 28:13:1 5 2 3 2
10 30:5:3 2
11 12:2:1 1
6 18 20 24:26:9 9 3 5
2 4 6 7:23:2 4 9 8
12 17 27 28:6:1 2 1 2
6 10 13 17 26 29:21:9 3 3 2 1 3
9 11 28:8:5 1 2
7 16 17 24:19:8 4 2 5
13 24 30:10:3 5 2
2 6 10:14:2 9 3
11 20 26 28:7:1 3 1 2
9 12 19 21 25:18:5 1 6 1 5
2 6 16 23 29:20:2 9 4 2 3
1 4 6 8:22:3 4 9 6
6 7:17:9 8
3 10 11 17:7:1 3 1 2
12 20 27 28 30:9:1 3 1 2 2
3 9 12 26:8:1 5 1 1
6 15:16:9 7
3 30:3:1 2
8 13 17 27 30:14:6 3 2 1 2
7 14:13:8 5
18 21 25 26 28:18:9 1 5 1 2
2 18 21 22 25:21:2 9 1 4 5
6 8 13:18:9 6 3
12 24 25 27 28 29:17:1 5 5 1 2 3
10 16 17 23 26 27:13:3 4 2 2 1 1
2 5 10 13 15 28:27:2 10 3 3 7 2
2 4 13 14:14:2 4 3 5
3 9:6:1 5
3 6 8 18 21:26:1 9 6 9 1
28 30:4:2 2
13 25:8:3 5
3 11 30:4:1 1 2
9 25 27 30:13:5 5 1 2
8 13 28:11:6 3 2
8 9 22 25 27 29:24:6 5 4 5 1 3
10 12 20 27 30:10:3 1 3 1 2
4 6 7 14 15:33:4 9 8 5 7
3 15 17:10:1 7 2
9 17:7:5 2
27 30:3:1 2
3 9 11 20 28:12:1 5 1 3 2
1 2 5 7 15:30:3 2 10 8 7
1 2 14:10:3 2 5
1 2 4 8 18 30:26:3 2 4 6 9 2
26 27:2:1 1
6 13 25:17:9 3 5
3 5 9 17 27:19:1 10 5 2 1
1 2 8 25:16:3 2 6 5
2 11 14 19 28 30:18:2 1 5 6 2 2
9 26 30:8:5 1 2
1 3 11 18 27:15:3 1 1 9 1
7 21 22 27 28:16:8 1 4 1 2
6 15 24 26:22:9 7 5 1
10 11 12 13 26:9:3 1 1 3 1
2 4 7 8 13:23:2 4 8 6 3
25 26 27 29 30:12:5 1 1 3 2
5 7 8 14 15:36:10 8 6 5 7
2 7 13 14 15:25:2 8 3 5 7
13 22 23:9:3 4 2
20 26 27 28 30:9:3 1 1 2 2
1 11 12 17 21 28:10:3 1 1 2 1 2
19 22 23 24:17:6 4 2 5
10 11 27 28:7:3 1 1 2
13 25:8:3 5
1 7:11:3 8
6 14 25:19:9 5 5
5 6 7 20:30:10 9 8 3
3 11 17 20 27:8:1 1 2 3 1
3 30:3:1 2
10 18 30:14:3 9 2
6 15 16 18 19:35:9 7 4 9 6
6 14:14:9 5
3 20 27 30:7:1 3 1 2
3 6 7 17 18:29:1 9 8 2 9
3 20 28:6:1 3 2
10 20 30:8:3 3 2
5 7 8 27 29:28:10 8 6 1 3
12 20:4:1 3
11 12 20 26 27:7:1 1 3 1 1
14 15:12:5 7
12 17 28 30:7:1 2 2 2
7 12 23:11:8 1 2
2 6 14 15 25:28:2 9 5 7 5
9 26 27 28:9:5 1 1 2
11 27:2:1 1
3 10 15 16 26:16:1 3 7 4 1
7 8 22 29:21:8 6 4 3
7 13:11:8 3
1 6 7 17 26:23:3 9 8 2 1
11 16 19 28:13:1 4 6 2
7 13 14 15:23:8 3 5 7
4 5 10 23 28:21:4 10 3 2 2
6 8 15 21:23:9 6 7 1
11 20 26 27:6:1 3 1 1
3 20 26:5:1 3 1
7 9 18:22:8 5 9
27 28:3:1 2
4 10 11 12 18:18:4 3 1 1 9
8 11 26:8:6 1 1
5 25:15:10 5
1 4 8 13:16:3 4 6 3
4 13 14 15:19:4 3 5 7
1 6 14 18 19 25:37:3 9 5 9 6 5
9 10 28:10:5 3 2
6 7 25 26 28:25:9 8 5 1 2
1 4 7 25:20:3 4 8 5
5 8 13 14 15:31:10 6 3 5 7
1 7 18 29:23:3 8 9 3
7 12 27 29 30:15:8 1 1 3 2
10 12 20 28:9:3 1 3 2
1 4 15 25:19:3 4 7 5
15 20 29:13:7 3 3
27 28 30:5:1 2 2
2 6 15:18:2 9 7
1 3 7:12:3 1 8
5 6 15 18 25:40:10 9 7 9 5
10 26:4:3 1
3 26 27:3:1 1 1
1 2 5 8 15:28:3 2 10 6 7
2 6 7 15:26:2 9 8 7
2 5 7 15 24 25:37:2 10 8 7 5 5
5 18 25:24:10 9 5
1 6 13 15 19 24 25:38:3 9 3 7 6 5 5
1 5 6 13:25:3 10 9 3
5 6 10 16 17 29:31:10 9 3 4 2 3
1 6 13 15 19 24 25:38:3 9 3 7 6 5 5
2 3 8 14 24 26:20:2 1 6 5 5 1
9 27:6:5 1
5 25:15:10 5
4 13 24 27 30:15:4 3 5 1 2
3 9 10 12:10:1 5 3 1
6 13 15 20 29 30:27:9 3 7 3 3 2
11 17 27:4:1 2 1
3 10 12:5:1 3 1
4 5 11 13 21 25:24:4 10 1 3 1 5
4 7:12:4 8
3 12 27 28:5:1 1 1 2
4 15 18 20 21:24:4 7 9 3 1
2 8 13 15:18:2 6 3 7
2 8 15:15:2 6 7
2 9 12 16 17 29:17:2 5 1 4 2 3
3 12 26 28:5:1 1 1 2
4 5 14:19:4 10 5
5 11 13 17 29:19:10 1 3 2 3
1 6 14 18 19 25:37:3 9 5 9 6 5
12 15 23 26 28:13:1 7 2 1 2
4 5 6 10 12 21:28:4 10 9 3 1 1
12 16 19 22 30:17:1 4 6 4 2
1 2 5 13:18:3 2 10 3
2 8 11 15 19 25:27:2 6 1 7 6 5
4 5 6 7 13:34:4 10 9 8 3
2 7 15 25:22:2 8 7 5
1 2 13 14:13:3 2 3 5
1 5 6 15 25:34:3 10 9 7 5
2 7 10:13:2 8 3
10 20 28 30:10:3 3 2 2
9 11 12 27:8:5 1 1 1
3 10 11 27 30:8:1 3 1 1 2
4 15 18:20:4 7 9
6 7:17:9 8
3 11 27:3:1 1 1
11 28:3:1 2
6 10 17 19 21:21:9 3 2 6 1
1 14:8:3 5
1 11 22 26:9:3 1 4 1
10 17 20 28:10:3 2 3 2
4 7 13:15:4 8 3
2 7 13 28:15:2 8 3 2
1 5 6 28:24:3 10 9 2
8 25:11:6 5
3 27:2:1 1
14 16 18 20 21 28:24:5 4 9 3 1 2
2 4 8 15 25:24:2 4 6 7 5
10 12 20:7:3 1 3
2 12 16 26 30:10:2 1 4 1 2
5 7 8 14:29:10 8 6 5
2 4 5 8:22:2 4 10 6
7 9 22 26:18:8 5 4 1
10 17:5:3 2
2 3 15 16 26:15:2 1 7 4 1
12 17 20 26 30:9:1 2 3 1 2
6 7 11 20 22:25:9 8 1 3 4
3 10 17 27:7:1 3 2 1
8 14:11:6 5
6 14 21 26:16:9 5 1 1
11 28 29:6:1 2 3
3 11 26 27:4:1 1 1 1
3 27:2:1 1
7 15 25:20:8 7 5
1 4 14 18 23 25:28:3 4 5 9 2 5
4 7 13:15:4 8 3
12 17 24 26:9:1 2 5 1
10 11 12 20:8:3 1 1 3
6 12 28:12:9 1 2
1 6 14 18 19 25:37:3 9 5 9 6 5
2 3 15 19 20 21:20:2 1 7 6 3 1
3 11 26 27:4:1 1 1 1
1 2 4 14:14:3 2 4 5
5 15:17:10 7
15 19 21:14:7 6 1
7 15 30:17:8 7 2
10 12 27 28 30:9:3 1 1 2 2
3 6 18 20 25:27:1 9 9 3 5
3 20 30:6:1 3 2
1 8 14 15 19 24:32:3 6 5 7 6 5
20 26 27 30:7:3 1 1 2
11 28:3:1 2
1 4:7:3 4
1 4 6 8 13:25:3 4 9 6 3
1 2 15 26 27 29:17:3 2 7 1 1 3
28 30:4:2 2
2 6 7 8 25:30:2 9 8 6 5
3 12 17 26:5:1 1 2 1
19 25 27 29:15:6 5 1 3
12 16 17 19 29:16:1 4 2 6 3
2 5 7 19 28:28:2 10 8 6 2
10 28:5:3 2
2 7 12 22 29:18:2 8 1 4 3
1 4 8 15:20:3 4 6 7
4 8 17 19 23:20:4 6 2 6 2
11 12 17 27 30:7:1 1 2 1 2
1 8 25:14:3 6 5
9 10 11 12:10:5 3 1 1
9 11 12 30:9:5 1 1 2
1 6 14 15:24:3 9 5 7
5 6 14 15 25:36:10 9 5 7 5
2 6 13 14 15:26:2 9 3 5 7
1 2 5 7:23:3 2 10 8
2 24 27 30:10:2 5 1 2
1 7 15:18:3 8 7
9 26:6:5 1
26 30:3:1 2
2 8 13 25:16:2 6 3 5
7 14 16 20 22:24:8 5 4 3 4
11 13 14 20:12:1 3 5 3
6 15:16:9 7
12 17 20:6:1 2 3
5 8 13 15:26:10 6 3 7
12 27:2:1 1
2 11 12 13 30:9:2 1 1 3 2
3 15 19 20 21:18:1 7 6 3 1
10 12 30:6:3 1 2
2 5 8 13:21:2 10 6 3
8 15:13:6 7
3 12 20 28:7:1 1 3 2
12 20 26 27 30:8:1 3 1 1 2
3 15 18 24 26:23:1 7 9 5 1
4 8 10 14 18 26:28:4 6 3 5 9 1
18 22 23 24 28 29:25:9 4 2 5 2 3
3 9 10:9:1 5 3
20 27 30:6:3 1 2
5 6 7 14 25:37:10 9 8 5 5
9 10 17:10:5 3 2
9 11 20 22 25:18:5 1 3 4 5
4 5 7 8 15:35:4 10 8 6 7
9 11 12 26:8:5 1 1 1
3 12 17 22 25 30:15:1 1 2 4 5 2
12 15 21 26:10:1 7 1 1
9 12 20 27 28:12:5 1 3 1 2
17 18 22 24 25:25:2 9 4 5 5
7 10 11 15 23 26:22:8 3 1 7 2 1
4 15:11:4 7
7 13 14 25:21:8 3 5 5
4 11 23 24 25:17:4 1 2 5 5
1 16 17 18:18:3 4 2 9
4 8:10:4 6
2 7 8 13 15:26:2 8 6 3 7
1 4 8 25:18:3 4 6 5
9 10 12 27:10:5 3 1 1
12 15 22:12:1 7 4
1 7 14 25 26:22:3 8 5 5 1
6 14:14:9 5
7 11 12 14:15:8 1 1 5
3 9 10 11 30:12:1 5 3 1 2
2 7 8:16:2 8 6
1 6 13 15 19 24 25:38:3 9 3 7 6 5 5
1 5 14:18:3 10 5
4 5 17 20 27:20:4 10 2 3 1
10 15 20:13:3 7 3
5 14 25:20:10 5 5
12 17 20 26:7:1 2 3 1
5 7 10:21:10 8 3
4 8 13 14 15:25:4 6 3 5 7
9 13 14 18 22 28:28:5 3 5 9 4 2
6 11 28:12:9 1 2
3 27 30:4:1 1 2
1 5 7 14:26:3 10 8 5
1 7 8 14 20 29:28:3 8 6 5 3 3
7 8 14 15 25:31:8 6 5 7 5
5 13:13:10 3
4 9 18:18:4 5 9
1 4 8:13:3 4 6
3 7 20 21 24 26:19:1 8 3 1 5 1
1 2 4 14 25:19:3 2 4 5 5
3 7 12 28:12:1 8 1 2
4 12 16 18:18:4 1 4 9
1 4 13 14 15:22:3 4 3 5 7
7 12 13:12:8 1 3
6 10 14 19 20:26:9 3 5 6 3
5 17 18 29:24:10 2 9 3
1 4 8 13 25:21:3 4 6 3 5
1 5 13 14 30:23:3 10 3 5 2
1 7 14 20:19:3 8 5 3
9 11 26 27 28:10:5 1 1 1 2
9 11:6:5 1
12 18 21:11:1 9 1
3 11 17 20 27:8:1 1 2 3 1
2 5 8 13 15:28:2 10 6 3 7
10 12 26 30:7:3 1 1 2
2 10 16 29:12:2 3 4 3
9 10 26 27:10:5 3 1 1
5 6 10 18 27 30:34:10 9 3 9 1 2
6 8:15:9 6
2 6 14 18 24 25:35:2 9 5 9 5 5
2 8 13 14:16:2 6 3 5
2 4 6 25 28 29:25:2 4 9 5 2 3
7 11 13 16 18 26:26:8 1 3 4 9 1
5 7 13:21:10 8 3
1 2 4 6 21 25:24:3 2 4 9 1 5
2 6 8:17:2 9 6
1 16 21 25:13:3 4 1 5
1 2 13 25:13:3 2 3 5
5 7 8 14:29:10 8 6 5
5 14 15 22 23:28:10 5 7 4 2
3 11 12 30:5:1 1 1 2
2 4 9 20 25:19:2 4 5 3 5
1 8 14 15 19 24:32:3 6 5 7 6 5
5 14 17 27 29:21:10 5 2 1 3
3 5 16 27:16:1 10 4 1
1 2 6 8:20:3 2 9 6
6 15:16:9 7
11 17 20 28:8:1 2 3 2
6 13:12:9 3
3 6 13 18 24 27:28:1 9 3 9 5 1
8 9 10 25 28 29:24:6 5 3 5 2 3
10 12 14 17 22 26:16:3 1 5 2 4 1
2 20 26 27:7:2 3 1 1
11 17:3:1 2
10 26:4:3 1
3 9 11 17 27:10:1 5 1 2 1
9 11 15 17 19 24:26:5 1 7 2 6 5
3 4 27 30:8:1 4 1 2
11 19 21 25:13:1 6 1 5
4 21 24 28:12:4 1 5 2
4 5 13:17:4 10 3
9 17 28:9:5 2 2
4 12 14 17 29:15:4 1 5 2 3
4 7 13 14:20:4 8 3 5
1 27 29:7:3 1 3
17 28 30:6:2 2 2
12 17 28:5:1 2 2
5 19 22 23:22:10 6 4 2
2 6 14 18 24 25:35:2 9 5 9 5 5
10 17 19:11:3 2 6
3 11 20 28:7:1 1 3 2
9 10 11 26 28:12:5 3 1 1 2
3 10 17 20 26:10:1 3 2 3 1
4 11 17 18:16:4 1 2 9
17 26:3:2 1
4 5:14:4 10
2 5 6 14:26:2 10 9 5
3 4 7 14:18:1 4 8 5
9 10 17:10:5 3 2
1 2 4 6 7 28:28:3 2 4 9 8 2
5 6 14 15 25:36:10 9 5 7 5
1 6 15 25:24:3 9 7 5
2 10 18 21 27 30:18:2 3 9 1 1 2
1 17 20 24 26:14:3 2 3 5 1
6 9 16 25 30:25:9 5 4 5 2
10 12:4:3 1
9 10 30:10:5 3 2
1 6 14 18 19 25:37:3 9 5 9 6 5
12 26 30:4:1 1 2
9 17 26 28:10:5 2 1 2
3 10 26 28 30:9:1 3 1 2 2
10 12 17:6:3 1 2
21 26 30:4:1 1 2
8 16 23:12:6 4 2
2 10 12 15 23 30:17:2 3 1 7 2 2
5 13 16 17 23 29:24:10 3 4 2 2 3
4 5 7 14:27:4 10 8 5
2 6 7 14:24:2 9 8 5
2 5 7 8 25:31:2 10 8 6 5
6 14 15 25:26:9 5 7 5
1 5 14 15:25:3 10 5 7
3 5 15 16 18:31:1 10 7 4 9
10 17 28 30:9:3 2 2 2
1 2 5:15:3 2 10
4 7 8 14:23:4 8 6 5
4 15 25:16:4 7 5
3 12 17:4:1 1 2
1 7:11:3 8
2 23 28:6:2 2 2
6 15 21 26 29:21:9 7 1 1 3
6 14 20:17:9 5 3
2 5 6 13:24:2 10 9 3
1 5 25:18:3 10 5
5 8 17 24:23:10 6 2 5
5 7 14 15:30:10 8 5 7
2 6 25:16:2 9 5
1 2 13:8:3 2 3
7 8 11 12 22 24:25:8 6 1 1 4 5
2 5 16 23 29:21:2 10 4 2 3
1 5 6 14 15:34:3 10 9 5 7
1 2 4 14:14:3 2 4 5
17 28:4:2 2
10 11 12 26 28:8:3 1 1 1 2
10 17 28:7:3 2 2
2 6 18 23 27:23:2 9 9 2 1
3 10 17 27:7:1 3 2 1
10 11 27 28 30:9:3 1 1 2 2
8 13 22 25 27 28:21:6 3 4 5 1 2
9 10 11 17 20:14:5 3 1 2 3
3 6 14 16 22 27:24:1 9 5 4 4 1
1 2 5 8 13:24:3 2 10 6 3
9 10 11 17 27:12:5 3 1 2 1
11 17 20:6:1 2 3
11 17 20 27 30:9:1 2 3 1 2
9 12 27:7:5 1 1
1 6 13 15 19 24 25:38:3 9 3 7 6 5 5
10 15 21 23 27:14:3 7 1 2 1
17 20 28 30:9:2 3 2 2
5 12 26:12:10 1 1
1 5 13 25:21:3 10 3 5
2 7 8 13:19:2 8 6 3
4 14 15:16:4 5 7
11 24 25:11:1 5 5
5 14 15 25:27:10 5 7 5
9 14 19 25:21:5 5 6 5
2 3 14 24 29:16:2 1 5 5 3
1 8 13 14 15:24:3 6 3 5 7
4 5 13 14:22:4 10 3 5
3 6 14 21 23:18:1 9 5 1 2
1 2 7 14 25:23:3 2 8 5 5
1 5 8 14 15:31:3 10 6 5 7
4 5 6:23:4 10 9
4 5 13:17:4 10 3
5 10 19 27 29:23:10 3 6 1 3
1 3 8:10:3 1 6
3 8 22 23 28 29:18:1 6 4 2 2 3
20 28:5:3 2
15 24 28:14:7 5 2
4 7 13 14:20:4 8 3 5
5 7 13 15 23 28:32:10 8 3 7 2 2
6 8:15:9 6
4 11 17 18 23 28:20:4 1 2 9 2 2
1 18 22:16:3 9 4
9 11:6:5 1
4 5 7 15:29:4 10 8 7
1 17 21 28:8:3 2 1 2
5 6 22 24:28:10 9 4 5
3 6 7 13:21:1 9 8 3
8 9 10 15:21:6 5 3 7
2 5 15:19:2 10 7
10 17 20 26 28:11:3 2 3 1 2
4 8 28:12:4 6 2
4 6 14 15:25:4 9 5 7
3 10 20 30:9:1 3 3 2
2 5 8 13 14:26:2 10 6 3 5
2 20 21 23 29:11:2 3 1 2 3
4 5:14:4 10
11 12 17 20 28:9:1 1 2 3 2
14 15:12:5 7
1 3 6 10 12 13:20:3 1 9 3 1 3
5 6 8:25:10 9 6
2 4 8 25:17:2 4 6 5
7 13 15:18:8 3 7
2 7 15:17:2 8 7
4 5 13 25:22:4 10 3 5
6 10 25 26 30:20:9 3 5 1 2
10 11 12 17:7:3 1 1 2
13 14 15 18 25 30:31:3 5 7 9 5 2
4 8 12 16 19:21:4 6 1 4 6
1 6 14 18 19 25:37:3 9 5 9 6 5
7 10 14 18 27 30:28:8 3 5 9 1 2
2 6 8 15:24:2 9 6 7
1 10 22 26 27 29:15:3 3 4 1 1 3
3 9 27 30:9:1 5 1 2
13 15:10:3 7
3 10 27:5:1 3 1
4 7 13 25:20:4 8 3 5
1 8 14 15 19 24:32:3 6 5 7 6 5
4 6:13:4 9
9 10 20 27:12:5 3 3 1
3 9 28 30:10:1 5 2 2
4 5 9 15 29:29:4 10 5 7 3
9 10 17 20 30:15:5 3 2 3 2
10 20:6:3 3
18 19 27:16:9 6 1
11 26 28:4:1 1 2
1 7 14 15 25:28:3 8 5 7 5
9 12 28:8:5 1 2
12 27:2:1 1
9 10 27:9:5 3 1
10 12 17 30:8:3 1 2 2
8 9 14 25:21:6 5 5 5
20 26 28:6:3 1 2
10 12 28 30:8:3 1 2 2
2 6 8 15:24:2 9 6 7
10 20 26 27 30:10:3 3 1 1 2
1 8 14 25:19:3 6 5 5
2 14 18 22 26:21:2 5 9 4 1
11 20:4:1 3
4 11 18:14:4 1 9
9 12 20 30:11:5 1 3 2
3 9 12 28:9:1 5 1 2
13 14 15 20 21:19:3 5 7 3 1
1 6 15:19:3 9 7
26 27 30:4:1 1 2
17 26 30:5:2 1 2
8 18 22:19:6 9 4
4 5 6 10 15 30:35:4 10 9 3 7 2
4 6 15:20:4 9 7
2 24 29:10:2 5 3
9 12 28:8:5 1 2
3 17 28 30:7:1 2 2 2
13 15 19 23 27:19:3 7 6 2 1
10 17 20 28 30:12:3 2 3 2 2
3 14 21:7:1 5 1
9 10 17:10:5 3 2
7 13 25:16:8 3 5
3 9 10 11 17:12:1 5 3 1 2
5 13 15:20:10 3 7
1 2 7 13 25:21:3 2 8 3 5
6 11 13 24:18:9 1 3 5
3 7 8 15 28:24:1 8 6 7 2
6 19 26 28:18:9 6 1 2
4 23 27:7:4 2 1
4 6 18 20 27 29:29:4 9 9 3 1 3
1 6 14 18 19 25:37:3 9 5 9 6 5
1 2 4 8 25:20:3 2 4 6 5
2 3 9 27 28:11:2 1 5 1 2
9 20 23:10:5 3 2
2 4 8 14 25:22:2 4 6 5 5
1 5 20 21 30:19:3 10 3 1 2
1 8 13 14 25:22:3 6 3 5 5
1 5 14:18:3 10 5
6 10 22:16:9 3 4
3 9 12 20 28:12:1 5 1 3 2
4 19 29:13:4 6 3
12 16 18 21 22 27:20:1 4 9 1 4 1
10 16 24:12:3 4 5
11 26 28:4:1 1 2
9 11 20 26 28:12:5 1 3 1 2
7 10 29:14:8 3 3
3 8 24:12:1 6 5
10 12 17 28:8:3 1 2 2
4 15 27:12:4 7 1
14 16 17 18 19 28:28:5 4 2 9 6 2
3 9 17 27 28:11:1 5 2 1 2
12 17 28:5:1 2 2
17 26:3:2 1
1 5 25:18:3 10 5
11 12 27 28 30:7:1 1 1 2 2
1 5 15:20:3 10 7
14 15:12:5 7
10 30:5:3 2
1 5 25:18:3 10 5
5 11 14 27:17:10 1 5 1
17 30:4:2 2
26 28:3:1 2
1 21 22 27:9:3 1 4 1
3 8 26 28:10:1 6 1 2
4 13 14 15:19:4 3 5 7
5 6 16:23:10 9 4
4 17 25:11:4 2 5
4 5 9 22 23 27:26:4 10 5 4 2 1
9 11 17 28 30:12:5 1 2 2 2
6 8 14 15:27:9 6 5 7
10 11 20 30:9:3 1 3 2
3 17 20:6:1 2 3
12 20 27:5:1 3 1
2 8 9 12 16 29:21:2 6 5 1 4 3
10 11 17 30:8:3 1 2 2
3 9 20 26 27:11:1 5 3 1 1
10 27 30:6:3 1 2
2 12 22 24 25:17:2 1 4 5 5
3 14 24:11:1 5 5
9 18 26:15:5 9 1
4 12 22 25 26 29:18:4 1 4 5 1 3
10 20 27 28 30:11:3 3 1 2 2
11 26 28:4:1 1 2
1 6 13 15 19 24 25:38:3 9 3 7 6 5 5
5 25:15:10 5
3 12 30:4:1 1 2
3 10 11:5:1 3 1
4 7 16 26 29 30:22:4 8 4 1 3 2
2 25 27 29:11:2 5 1 3
1 6 14 18 19 25:37:3 9 5 9 6 5
4 8:10:4 6
7 8 21 28:17:8 6 1 2
12 21 25 26:8:1 1 5 1
4 13:7:4 3
4 8 10 12 21:15:4 6 3 1 1
1 2 7:13:3 2 8
6 7 14:22:9 8 5
26 27:2:1 1
6 7 19 22 23 28:31:9 8 6 4 2 2
2 4 7 14 15:26:2 4 8 5 7
17 20 28:7:2 3 2
2 5 7 16:24:2 10 8 4
1 6 13 15 19 24 25:38:3 9 3 7 6 5 5
27 30:3:1 2
3 9 10 12 20:13:1 5 3 1 3
5 8 9 10 16 20:31:10 6 5 3 4 3
3 10 11 17 26:8:1 3 1 2 1
1 8 13:12:3 6 3
5 9 14 16 24:29:10 5 5 4 5
12 20 27 28:7:1 3 1 2
3 9 12 28 30:11:1 5 1 2 2
1 8 13 25:17:3 6 3 5
8 15 25 27 29 30:24:6 7 5 1 3 2
5 15 25:22:10 7 5
16 20 23 26 29:13:4 3 2 1 3
10 11 17:6:3 1 2
9 28 30:9:5 2 2
4 6 7 25:26:4 9 8 5
3 17 20:6:1 2 3
2 8 15 25:20:2 6 7 5
14 15 26 27:14:5 7 1 1
13 17 30:7:3 2 2
2 18 19:17:2 9 6
2 3 9 15:15:2 1 5 7
1 8 14 15 19 24:32:3 6 5 7 6 5
3 28 30:5:1 2 2
1 5 7 8 15:34:3 10 8 6 7
14 18 19 22 28:26:5 9 6 4 2
7 8 15 18 21:31:8 6 7 9 1
5 8 11 28:19:10 6 1 2
1 2 7 14 15:25:3 2 8 5 7
2 7 8:16:2 8 6
6 8 13 28 30:22:9 6 3 2 2
1 15 25:15:3 7 5
11 12 17 27 28:7:1 1 2 1 2
1 5 8 15:26:3 10 6 7
17 20:5:2 3
2 13:5:2 3
5 14 26:16:10 5 1
3 11 20 26 27:7:1 1 3 1 1
9 11 30:8:5 1 2
3 4 9 14 24:20:1 4 5 5 5
7 13 14:16:8 3 5
3 16 19 23 24 28:20:1 4 6 2 5 2
2 7 9 17 22 23:23:2 8 5 2 4 2
3 9 12 17 27:10:1 5 1 2 1
1 2 26:6:3 2 1
3 13 20:7:1 3 3
1 14 15:15:3 5 7
1 10 24 26:12:3 3 5 1
2 6:11:2 9
8 25 27:12:6 5 1
9 10 12 20:12:5 3 1 3
2 6:11:2 9
9 17 19:13:5 2 6
3 9 17 20 30:13:1 5 2 3 2
3 10 30:6:1 3 2
13 15 25:15:3 7 5
10 17 26 30:8:3 2 1 2
2 5 6:21:2 10 9
11 17 20 27 28:9:1 2 3 1 2
2 5:12:2 10
4 8 12 17 23 30:17:4 6 1 2 2 2
9 14 15 16 26 30:24:5 5 7 4 1 2
3 5 19 20 21 24:26:1 10 6 3 1 5
5 14 16:19:10 5 4
4 5 6 8:29:4 10 9 6
3 12 26 28:5:1 1 1 2
10 11 12 27 28:8:3 1 1 1 2
13 18 23:14:3 9 2
9 10 12 20 28:14:5 3 1 3 2
4 7 9 15 26:25:4 8 5 7 1
1 6 13 15 19 24 25:38:3 9 3 7 6 5 5
7 10 22:15:8 3 4
1 9 19 23:16:3 5 6 2
2 12 14 29:11:2 1 5 3
2 17 18:13:2 2 9
2 6 11 17 29:17:2 9 1 2 3
2 4 15 17 20 27:19:2 4 7 2 3 1
15 17 19 20:18:7 2 6 3
1 4 5:17:3 4 10
2 3 10 12 24:12:2 1 3 1 5
1 4 6 15 25:28:3 4 9 7 5
6 7 30:19:9 8 2
17 24 28:9:2 5 2
7 15:15:8 7
9 10 11 12 30:12:5 3 1 1 2
4 13:7:4 3
1 2 13 15 25:20:3 2 3 7 5
8 13 14 15 25:26:6 3 5 7 5
6 8 15:22:9 6 7
3 9 28:8:1 5 2
1 4 5 13 15:27:3 4 10 3 7
8 13 16 17 25 30:22:6 3 4 2 5 2
2 4 7 15 25:26:2 4 8 7 5
3 17 20:6:1 2 3
6 13 22 23 25 30:25:9 3 4 2 5 2
9 12 20 26:10:5 1 3 1
3 5 15 24 25 30:30:1 10 7 5 5 2
3 11:2:1 1
11 20 26:5:1 3 1
9 11 17 20 27:12:5 1 2 3 1
2 13 15:12:2 3 7
3 11 20 28 30:9:1 1 3 2 2
11 15 22 25:17:1 7 4 5
3 10 11 12 28:8:1 3 1 1 2
2 8 9 27:14:2 6 5 1
4 7 10 16 18 29:31:4 8 3 4 9 3
4 7 9 18 21 24:32:4 8 5 9 1 5
9 10:8:5 3
1 8 14 15 19 24:32:3 6 5 7 6 5
7 18 24:22:8 9 5
5 8 16:20:10 6 4
3 9 11 20 28:12:1 5 1 3 2
9 26:6:5 1
2 3 5 9 16 25:27:2 1 10 5 4 5
1 2 5 11 26 27:18:3 2 10 1 1 1
13 14 25:13:3 5 5
9 10 20:11:5 3 3
3 15 16 22 27:17:1 7 4 4 1
8 13 15 25:21:6 3 7 5
4 5:14:4 10
4 8 13 14 25:23:4 6 3 5 5
6 14 15 25:26:9 5 7 5
2 11 16 19 24 26:19:2 1 4 6 5 1
16 23 25 29:14:4 2 5 3
5 8 25:21:10 6 5
2 6 11 26:13:2 9 1 1
5 8 14 15 25:33:10 6 5 7 5
1 2 7 8 14:24:3 2 8 6 5
2 15:9:2 7
9 20 26:9:5 3 1
9 10 12 17 26:12:5 3 1 2 1
2 14 15 25 26:20:2 5 7 5 1
11 27:2:1 1
12 17 20 30:8:1 2 3 2
5 6 8 15 25:37:10 9 6 7 5
2 14 25:12:2 5 5
1 13 14:11:3 3 5
10 20:6:3 3
2 7 9 13:18:2 8 5 3
6 14 20:17:9 5 3
3 9 10 28 30:13:1 5 3 2 2
1 7 8 25:22:3 8 6 5
4 5 8 14 25:30:4 10 6 5 5
2 8 15:15:2 6 7
6 7 15 24:29:9 8 7 5
1 4 10 12 22:15:3 4 3 1 4
2 11 13 17 28 29:13:2 1 3 2 2 3
23 24 25 26 28:15:2 5 5 1 2
3 6 12 21 24:17:1 9 1 1 5
1 2:5:3 2
5 6 25:24:10 9 5
2 6 14 18 24 25:35:2 9 5 9 5 5
3 9 17 30:10:1 5 2 2
10 11 17 26 28:9:3 1 2 1 2
1 6 15:19:3 9 7
1 5 6:22:3 10 9
9 10 12 21 27 29:14:5 3 1 1 1 3
7 25:13:8 5
1 6 18 22 23 28:29:3 9 9 4 2 2
1 2 7 25:18:3 2 8 5
2 6 13:14:2 9 3
11 26 28:4:1 1 2
9 27 30:8:5 1 2
1 5 8 14 25:29:3 10 6 5 5
10 26 28 30:8:3 1 2 2
2 13 14 25:15:2 3 5 5
1 15 25:15:3 7 5
7 8:14:8 6
6 8:15:9 6
3 9 26 30:9:1 5 1 2
9 10 11 30:11:5 3 1 2
4 6 16 21 27:19:4 9 4 1 1
1 6 16 23:18:3 9 4 2
26 27 30:4:1 1 2
9 11 20 28:11:5 1 3 2
1 7 20:14:3 8 3
4 7 8 15:25:4 8 6 7
3 4 9 14 15 17:24:1 4 5 5 7 2
9 11 26:7:5 1 1
4 5 6 14 15:35:4 10 9 5 7
4 6 14 15 25:30:4 9 5 7 5
9 11 17 20 26:12:5 1 2 3 1
4 6 13 15:23:4 9 3 7
8 14 19 28 29:22:6 5 6 2 3
17 18 26:12:2 9 1
4 5:14:4 10
5 6 7 15 25:39:10 9 8 7 5
4 8 9 25 29 30:25:4 6 5 5 3 2
17 24 28:9:2 5 2
1 3 7 16 18:25:3 1 8 4 9
5 6 7 13 25:35:10 9 8 3 5
8 15:13:6 7
9 12 26 27:8:5 1 1 1
1 2 11 23 26:9:3 2 1 2 1
5 9 22:19:10 5 4
12 17:3:1 2
11 18 20:13:1 9 3
6 8 14 18 27:30:9 6 5 9 1
5 6 7:27:10 9 8
8 13 15 25:21:6 3 7 5
2 6 7 11 21 22:25:2 9 8 1 1 4
2 5 8 13 14:26:2 10 6 3 5
8 11 29:10:6 1 3
8 25:11:6 5
6 8 13 25:23:9 6 3 5
3 7 9 13 20 28:22:1 8 5 3 3 2
3 22 26:6:1 4 1
5 12 16 18 26:25:10 1 4 9 1
1 6 14:17:3 9 5
6 8 9 24 25 26:31:9 6 5 5 5 1
9 17 20:10:5 2 3
9 11 27:7:5 1 1
9 12 17 27 28:11:5 1 2 1 2
1 2 5:15:3 2 10
3 12 17 26 30:7:1 1 2 1 2
3 11 17 30:6:1 1 2 2
3 11 17 20 30:9:1 1 2 3 2
3 9 10 12:10:1 5 3 1
3 20 26 28:7:1 3 1 2
12 22 26:6:1 4 1
2 4 6 7:23:2 4 9 8
9 10:8:5 3
4 5 13:17:4 10 3
1 7:11:3 8
1 6 8 15 30:27:3 9 6 7 2
2 4 5 13 15:26:2 4 10 3 7
9 20:8:5 3
1 5 7 14:26:3 10 8 5
1 4 6 13:19:3 4 9 3
4 6 8 14 25:29:4 9 6 5 5
11 12 17 27:5:1 1 2 1
1 2 6 8 21:21:3 2 9 6 1
3 14 17 24 28:15:1 5 2 5 2
26 27 28:4:1 1 2
1 12 20 23 29:12:3 1 3 2 3
3 30:3:1 2
2 5 13 25:20:2 10 3 5
1 4 5:17:3 4 10
1 13 14 15:18:3 3 5 7
18 19 20 22 23 29:27:9 6 3 4 2 3
3 6 13 18 28:24:1 9 3 9 2
1 6 8:18:3 9 6
2 6 14 18 24 25:35:2 9 5 9 5 5
2 3 4 8 10 24:21:2 1 4 6 3 5
3 4 8 29:14:1 4 6 3
4 6 13 25:21:4 9 3 5
4 8 25:15:4 6 5
1 5 6 14:27:3 10 9 5
1 7 8 14 15:29:3 8 6 5 7
1 4 7:15:3 4 8
12 20 22 26 28:11:1 3 4 1 2
2 8 17 28 30:14:2 6 2 2 2
5 15 25:22:10 7 5
10 17 28:7:3 2 2
12 27:2:1 1
11 12 20:5:1 1 3
3 12 20 30:7:1 1 3 2
6 21 24:15:9 1 5
27 30:3:1 2
14 21 26:7:5 1 1
3 12 30:4:1 1 2
11 30:3:1 2
3 10 12:5:1 3 1
3 7 17 18 28 30:24:1 8 2 9 2 2
10 11 17 20 24 29:17:3 1 2 3 5 3
1 4 5 6 8:32:3 4 10 9 6
4 13 15 25:19:4 3 7 5
20 27 28 30:8:3 1 2 2
5 6 7:27:10 9 8
4 7:12:4 8
14 25:10:5 5
12 17 26:4:1 2 1
4 14 25:14:4 5 5
5 7 15:25:10 8 7
5 6 7 15 25:39:10 9 8 7 5
3 9 12 28:9:1 5 1 2
12 15 16 22 28:18:1 7 4 4 2
4 5 7 10 27:26:4 10 8 3 1
1 8 15:16:3 6 7
8 18 29:18:6 9 3
3 11 12 26 27:5:1 1 1 1 1
1 4 9 20 25:20:3 4 5 3 5
1 8 15 25:21:3 6 7 5
12 19 27:8:1 6 1
3 11 26 28:5:1 1 1 2
9 27:6:5 1
4 7 10 21 22:20:4 8 3 1 4
17 30:4:2 2
3 10 30:6:1 3 2
2 4 6 13:18:2 4 9 3
9 11 17 28 30:12:5 1 2 2 2
7 21 27:10:8 1 1
3 10 11 27 28:8:1 3 1 1 2
3 10 13 14 17:14:1 3 3 5 2
2 4 5 13:19:2 4 10 3
4 11 16 22:13:4 1 4 4
17 20:5:2 3
10 21 27:5:3 1 1
11 14 16 23 24 26:18:1 5 4 2 5 1
5 15 25:22:10 7 5
4 6 15:20:4 9 7
3 17 26:4:1 2 1
5 6 26:20:10 9 1
4 17 20 24:14:4 2 3 5
11 12 17 20:7:1 1 2 3
6 8 13 14 25:28:9 6 3 5 5
6 8 16 18 23:30:9 6 4 9 2
1 8:9:3 6
3 6 8 11 24 30:24:1 9 6 1 5 2
6 11 12 19:17:9 1 1 6
9 19 22 24 26:21:5 6 4 5 1
12 13 15 20 23:16:1 3 7 3 2
9 17 28 30:11:5 2 2 2
9 27 30:8:5 1 2
4 25:9:4 5
3 17:3:1 2
1 3 22 29:11:3 1 4 3
4 6 8 14:24:4 9 6 5
8 11 18 24:21:6 1 9 5
12 17 20 28 30:10:1 2 3 2 2
1 25:8:3 5
2 7 8 14:21:2 8 6 5
6 8 13 25:23:9 6 3 5
5 8 11 21 24 30:25:10 6 1 1 5 2
2 4 6 7 14:28:2 4 9 8 5
6 7 11 13:21:9 8 1 3
1 4 6 13:19:3 4 9 3
2 7 8:16:2 8 6
1 7 12 14 25 30:24:3 8 1 5 5 2
1 4 8 16:17:3 4 6 4
11 12:2:1 1
1 7 9:16:3 8 5
5 7 25:23:10 8 5
2 4 5 14 15:28:2 4 10 5 7
10 17 26 27 28:9:3 2 1 1 2
7 17 20 21 24 28:21:8 2 3 1 5 2
1 6 15 26:20:3 9 7 1
10 11 17 20:9:3 1 2 3
6 7 25:22:9 8 5
11 12 17 20 27:8:1 1 2 3 1
1 6 14 18 19 25:37:3 9 5 9 6 5
6 8 14 25:25:9 6 5 5
8 25:11:6 5
10 20:6:3 3
9 12 13 15 16 29:23:5 1 3 7 4 3
6 18 19 23 24 25:36:9 9 6 2 5 5
18 23 25 30:18:9 2 5 2
9 11 27 28:9:5 1 1 2
5 6:19:10 9
3 11 17 26 27:6:1 1 2 1 1
18 20 21 24 26 29:22:9 3 1 5 1 3
1 6 13 15 19 24 25:38:3 9 3 7 6 5 5
2 15 18 22 30:24:2 7 9 4 2
1 14 20 26 30:14:3 5 3 1 2
8 11 20 26:11:6 1 3 1
12 13 18 22:17:1 3 9 4
3 9 10:9:1 5 3
20 23 27:6:3 2 1
3 10 12 16 17 18:20:1 3 1 4 2 9
5 6:19:10 9
4 5 8 14:25:4 10 6 5
4 7 8 13 15:28:4 8 6 3 7
3 20 30:6:1 3 2
7 8 13:17:8 6 3
3 6 10 14 15 19:31:1 9 3 5 7 6
3 12 20:5:1 1 3
7 13 14 25:21:8 3 5 5
3 9 12 27 30:10:1 5 1 1 2
6 7 13:20:9 8 3
3 10 25 28:11:1 3 5 2
5 15:17:10 7
1 3 4 18 22 27:22:3 1 4 9 4 1
2 7 10 11 19 27:21:2 8 3 1 6 1
2 3 4 5 13 15:27:2 1 4 10 3 7
12 25 26:7:1 5 1
4 9 14 16 25:23:4 5 5 4 5
1 4 5 15 20:27:3 4 10 7 3
3 7 10 11 12 27:15:1 8 3 1 1 1
9 20 30:10:5 3 2
10 11 12:5:3 1 1
3 11 27 28 30:7:1 1 1 2 2
3 10 12 17 20:10:1 3 1 2 3
2 7:10:2 8
2 5 6 15 25:33:2 10 9 7 5
10 14 16 17 22:18:3 5 4 2 4
9 10 11 30:11:5 3 1 2
11 21 25 29:10:1 1 5 3
1 9 17 23:12:3 5 2 2
4 5 6 8 13:32:4 10 9 6 3
10 12 26:5:3 1 1
1 8 13:12:3 6 3
20 24 27:9:3 5 1
3 7 9 12 28 30:19:1 8 5 1 2 2
3 6 23 27:13:1 9 2 1
3 27 30:4:1 1 2
14 15:12:5 7
8 14:11:6 5
4 6 12 14 17 19:27:4 9 1 5 2 6
26 27 28:4:1 1 2
5 8 9 17 23:25:10 6 5 2 2
3 20 26:5:1 3 1
3 9 10 11:10:1 5 3 1
1 6 14 18 19 25:37:3 9 5 9 6 5
6 16 19 22 25 29:31:9 4 6 4 5 3
3 12 26 30:5:1 1 1 2
3 11 27:3:1 1 1
4 6 25 29 30:23:4 9 5 3 2
2 3 18:12:2 1 9
5 11 13 22 27:19:10 1 3 4 1
7 14 22 27:18:8 5 4 1
4 6 7 14:26:4 9 8 5
6 8 22 23 25 30:28:9 6 4 2 5 2
2 6 7 14 16 20:31:2 9 8 5 4 3
7 23 25 29:18:8 2 5 3
7 12 28:11:8 1 2
1 5 6 14 25:32:3 10 9 5 5
6 8 14 15 25:32:9 6 5 7 5
17 26 27:4:2 1 1
12 28 30:5:1 2 2
1 2 29:8:3 2 3
3 12 27:3:1 1 1
17 28:4:2 2
18 22 23:15:9 4 2
10 17 20 26 30:11:3 2 3 1 2
2 6 14 18 24 25:35:2 9 5 9 5 5
2 4 6 15:22:2 4 9 7
3 9 26:7:1 5 1
4 6 8 14:24:4 9 6 5
1 14 15:15:3 5 7
1 25 30:10:3 5 2
1 4 7 8 15:28:3 4 8 6 7
6 13:12:9 3
4 7 8 14:23:4 8 6 5
5 7 13 25:26:10 8 3 5
4 15 28:13:4 7 2
11 20:4:1 3
9 26 28:8:5 1 2
12 27:2:1 1
26 27 28:4:1 1 2
8 15 22 23 27:20:6 7 4 2 1
5 6 7:27:10 9 8
17 28 30:6:2 2 2
3 17 27:4:1 2 1
10 17 26 28 30:10:3 2 1 2 2
1 5 6 8:28:3 10 9 6
10 11 17 20 30:11:3 1 2 3 2
4 7 8 14 15:30:4 8 6 5 7
1 2 15:12:3 2 7
2 10 15 18 19 28:29:2 3 7 9 6 2
3 17 20:6:1 2 3
10 30:5:3 2
6 8 25:20:9 6 5
14 15:12:5 7
1 11 12 15 22:16:3 1 1 7 4
2 5 25:17:2 10 5
1 12 14:9:3 1 5
20 25 30:10:3 5 2
10 14 19 30:16:3 5 6 2
6 14:14:9 5
11 14 15 16 20:20:1 5 7 4 3
9 10 17 20 28:15:5 3 2 3 2
1 2 14:10:3 2 5
3 28:3:1 2
5 13:13:10 3
2 11 26 29:7:2 1 1 3
6 13:12:9 3
3 12:2:1 1
17 20 30:7:2 3 2
9 17 20 26:11:5 2 3 1
10 20 30:8:3 3 2
1 3 22 27:9:3 1 4 1
10 12 18 23 24 28:22:3 1 9 2 5 2
1 18 21 27:14:3 9 1 1
19 24 25 28:18:6 5 5 2
16 17 20:9:4 2 3
20 26:4:3 1
1 2 5 14 15:27:3 2 10 5 7
5 8 18:25:10 6 9
9 12:6:5 1
2 4 9 17 21 22:18:2 4 5 2 1 4
5 6 7:27:10 9 8
9 11 17 26 28:11:5 1 2 1 2
1 12 13 18 20 29:22:3 1 3 9 3 3
10 16 22 24:16:3 4 4 5
9 11 17 28:10:5 1 2 2
1 14 21 25 27:15:3 5 1 5 1
3 10 11 26 27:7:1 3 1 1 1
1 6 15 25:24:3 9 7 5
2 15 18 19 29:27:2 7 9 6 3
7 17 23 27 30:15:8 2 2 1 2
2 4 5 15 25:28:2 4 10 7 5
17 20 26 28:8:2 3 1 2
4 6 13:16:4 9 3
7 17 21 29:14:8 2 1 3
7 9 17 22 24 30:26:8 5 2 4 5 2
4 8 12 14 16:20:4 6 1 5 4
14 15 19 23 26:21:5 7 6 2 1
3 12 16 19 20 26:16:1 1 4 6 3 1
4 5 6 7 14:36:4 10 9 8 5
13 15 19 22:20:3 7 6 4
4 5 6 8 14:34:4 10 9 6 5
11 26 27:3:1 1 1
10 14 15 27 30:18:3 5 7 1 2
1 2 13 21 26:10:3 2 3 1 1
1 15:10:3 7
12 26:2:1 1
1 14:8:3 5
9 14 21 25:16:5 5 1 5
10 27 28:6:3 1 2
2 4 25:11:2 4 5
1 8 15:16:3 6 7
9 12:6:5 1
5 6 8 13 25:33:10 9 6 3 5
4 25:9:4 5
3 11 26 27 30:6:1 1 1 1 2
3 10 11 12 28:8:1 3 1 1 2
5 13:13:10 3
3 10:4:1 3
10 30:5:3 2
11 12 17 30:6:1 1 2 2
3 4 15 25:17:1 4 7 5
3 26 27:3:1 1 1
6 10 18 28 29:26:9 3 9 2 3
1 2 4 15 25:21:3 2 4 7 5
17 26:3:2 1
3 10 20:7:1 3 3
1 2 3 14 25 27:17:3 2 1 5 5 1
14 27 29:9:5 1 3
5 8 13:19:10 6 3
7 8 13 14 15:29:8 6 3 5 7
3 9 11 12 20:11:1 5 1 1 3
13 19 26:10:3 6 1
1 6 9 10 14 15:32:3 9 5 3 5 7
3 10 11 28:7:1 3 1 2
3 9 12 26 27:9:1 5 1 1 1
6 15:16:9 7
6 9 20 21:18:9 5 3 1
3 26 27 28:5:1 1 1 2
3 17 20 27 28:9:1 2 3 1 2
7 17 19 22 26:21:8 2 6 4 1
11 12 17 26:5:1 1 2 1
5 6 15 25:31:10 9 7 5
10 17:5:3 2
12 17 20 30:8:1 2 3 2
5 7 8:24:10 8 6
1 2 5 14:20:3 2 10 5
4 6 14 15 25:30:4 9 5 7 5
9 10 20 26 28:14:5 3 3 1 2
2 4 13:9:2 4 3
20 27 28 30:8:3 1 2 2
1 2 6:14:3 2 9
1 2 4 7 25:22:3 2 4 8 5
7 15 25:20:8 7 5
9 10 12 13 16:16:5 3 1 3 4
1 7:11:3 8
5 8 14 27 30:24:10 6 5 1 2
5 12 17 18 23 25:29:10 1 2 9 2 5
11 12 28:4:1 1 2
3 11 17:4:1 1 2
3 27:2:1 1
9 12 17 27 28:11:5 1 2 1 2
8 10 11 12 15 18:27:6 3 1 1 7 9
2 6 15 16 27:23:2 9 7 4 1
2 4 20 25:14:2 4 3 5
6 8 22 26:20:9 6 4 1
1 4 6 15 25:28:3 4 9 7 5
3 20:4:1 3
1 6 7 8 15:33:3 9 8 6 7
2 14:7:2 5
1 2 7 8 15:26:3 2 8 6 7
3 10 26 30:7:1 3 1 2
1 14 19:14:3 5 6
2 6 14 18 24 25:35:2 9 5 9 5 5
2 6 16 18 25:29:2 9 4 9 5
10 14 15 18 24:29:3 5 7 9 5
2 5 16 22 23:22:2 10 4 4 2
4 9 19 30:17:4 5 6 2
9 19 20 26 27 28:18:5 6 3 1 1 2
26 28 30:5:1 2 2
2 7 14:15:2 8 5
2 4 5:16:2 4 10
12 20:4:1 3
12 27 28:4:1 1 2
2 10 15 16 20 26:20:2 3 7 4 3 1
8 15:13:6 7
6 13 25:17:9 3 5
9 10 27 30:11:5 3 1 2
14 18 23 25:21:5 9 2 5
2 6 14 18 24 25:35:2 9 5 9 5 5
20 27 28:6:3 1 2
5 9 10 14 24:28:10 5 3 5 5
4 7 13 15 25:27:4 8 3 7 5
9 12 27:7:5 1 1
17 27:3:2 1
3 9:6:1 5
3 4 6 7 24:27:1 4 9 8 5
4 7 13:15:4 8 3
3 20 26 27:6:1 3 1 1
3 10 12 30:7:1 3 1 2
2 7 8 14:21:2 8 6 5
1 6 12 24:18:3 9 1 5
1 3 5 12:15:3 1 10 1
1 6 14:17:3 9 5
5 6:19:10 9
14 21 27 28 29 30:14:5 1 1 2 3 2
16 25 28 29:14:4 5 2 3
2 5 13 14 25:25:2 10 3 5 5
28 30:4:2 2
3 5 11 12:13:1 10 1 1
3 11 12 17:5:1 1 1 2
6 7:17:9 8
1 2 3 23 26:9:3 2 1 2 1
5 10 14 24 26:24:10 3 5 5 1
1 7 8 13 29:23:3 8 6 3 3
10 20 27 30:9:3 3 1 2
4 13 14 15 21 26:21:4 3 5 7 1 1
9 12 20 26 28:12:5 1 3 1 2
9 11 13 22 24 26:19:5 1 3 4 5 1
4 11 20 22 27 29:16:4 1 3 4 1 3
3 9 11 17 27:10:1 5 1 2 1
20 27 28:6:3 1 2
7 14 18 23 30:26:8 5 9 2 2
12 20 26 27 30:8:1 3 1 1 2
2 10 20:8:2 3 3
1 2 6 7 8:28:3 2 9 8 6
2 4 14:11:2 4 5
5 10 13 17 30:20:10 3 3 2 2
6 14 15:21:9 5 7
4 7 15 25:24:4 8 7 5
4 14 23 25 26:17:4 5 2 5 1
9 12 26:7:5 1 1
9 12 23 24 29:16:5 1 2 5 3
9 11 17 20:11:5 1 2 3
13 16 22 27:12:3 4 4 1
2 4 6 15:22:2 4 9 7
2 6 14 18 24 25:35:2 9 5 9 5 5
5 17 20 30:17:10 2 3 2
11 20 27 28:7:1 3 1 2
3 27 28:4:1 1 2
6 9 18 24:28:9 5 9 5
10 11 28:6:3 1 2
6 7 13 25:25:9 8 3 5
7 8 20:17:8 6 3
13 14:8:3 5
2 11 17 20 23 30:12:2 1 2 3 2 2
8 15:13:6 7
15 17 21 24 25 28:22:7 2 1 5 5 2
5 7 23 26 28 30:25:10 8 2 1 2 2
2 9 21 24 30:15:2 5 1 5 2
10 20:6:3 3
6 7 26:18:9 8 1
6 25:14:9 5
1 2 5 8 25:26:3 2 10 6 5
4 5 6 13 25:31:4 10 9 3 5
9 10 11 17 27:12:5 3 1 2 1
1 4 6 13 25:24:3 4 9 3 5
1 4 16 29:14:3 4 4 3
9 11 27:7:5 1 1
1 6 14 18 19 25:37:3 9 5 9 6 5
11 26:2:1 1
2 4 14:11:2 4 5
20 27 30:6:3 1 2
1 2 7 8 15:26:3 2 8 6 7
17 30:4:2 2
3 12 17 20 26:8:1 1 2 3 1
8 25:11:6 5
2 6 18:20:2 9 9
5 7 13 14:26:10 8 3 5
1 2 4 8 15:22:3 2 4 6 7
5 9 13:18:10 5 3
1 5 6 25:27:3 10 9 5
11 17:3:1 2
3 10 17 26 28:9:1 3 2 1 2
3 17 27 28:6:1 2 1 2
4 6:13:4 9
1 2 6 15 16 21:26:3 2 9 7 4 1
3 9 20 28 30:13:1 5 3 2 2
2 7:10:2 8
2 5 6 8:27:2 10 9 6
1 4 5 15:24:3 4 10 7
13 21 24:9:3 1 5
6 7 14:22:9 8 5
10 11 26:5:3 1 1
9 11 17 27:9:5 1 2 1
5 11 12:12:10 1 1
12 26 27 28 30:7:1 1 1 2 2
1 14 19 24 30:21:3 5 6 5 2
10 20 26:7:3 3 1
2 5 19 25:23:2 10 6 5
1 4 6 8 25:27:3 4 9 6 5
4 7 13 15 25:27:4 8 3 7 5
1 2 8 13 24 29:22:3 2 6 3 5 3
11 12 26 27 28:6:1 1 1 1 2
9 10 11 12 30:12:5 3 1 1 2
4 5 15 16 20 22:32:4 10 7 4 3 4
1 2 4 13:12:3 2 4 3
13 23 24:10:3 2 5
4 5 14:19:4 10 5
9 20 26 28 30:13:5 3 1 2 2
2 4 8 13 15:22:2 4 6 3 7
1 8 9 25 27 29:23:3 6 5 5 1 3
11 12 14 16 23 26:14:1 1 5 4 2 1
12 28:3:1 2
15 18 27 30:19:7 9 1 2
1 4 6 7 25:29:3 4 9 8 5
3 27:2:1 1
3 9:6:1 5
2 4 14:11:2 4 5
2 4 8 14 25:22:2 4 6 5 5
3 27 28 30:6:1 1 2 2
16 17 22:10:4 2 4
2 13 14:10:2 3 5
18 22 29:16:9 4 3
1 2 9 13 30:15:3 2 5 3 2
5 6 13 14 15:34:10 9 3 5 7
3 9 10 11:10:1 5 3 1
9 10 17 26 28:13:5 3 2 1 2
1 2 14 15 21 25:23:3 2 5 7 1 5
2 8 17 21 24:16:2 6 2 1 5
14 26 30:8:5 1 2
8 11 13 15 18 20:29:6 1 3 7 9 3
10 15 29:13:3 7 3
6 12 15 17 25 27:25:9 1 7 2 5 1
1 6 14 18 19 25:37:3 9 5 9 6 5
4 7 14 24 30:24:4 8 5 5 2
5 23 25:17:10 2 5
2 5 7 15 25:32:2 10 8 7 5
6 7 8:23:9 8 6
5 7 25 26 28 30:28:10 8 5 1 2 2
2 6 8 25:22:2 9 6 5
9 11 17 30:10:5 1 2 2
9 17 30:9:5 2 2
12 14 18:15:1 5 9
6 7 8 13:26:9 8 6 3
5 18 24:24:10 9 5
2 5 7 15:27:2 10 8 7
4 6 8 10 21:23:4 9 6 3 1
10 11 27 28:7:3 1 1 2
7 8 14 25:24:8 6 5 5
3 4 21:6:1 4 1
17 27 28:5:2 1 2
9 17 27 28:10:5 2 1 2
3 9 12 27 30:10:1 5 1 1 2
3 4 6 17 24 25:26:1 4 9 2 5 5
3 9 11 12 20:11:1 5 1 1 3
1 5 13 21 30:19:3 10 3 1 2
16 21 23 24 30:14:4 1 2 5 2
1 5 6 7:30:3 10 9 8
4 7:12:4 8
7 8 11 20 22 23:24:8 6 1 3 4 2
8 11 24:12:6 1 5
12 25 26:7:1 5 1
2 6 14 18 24 25:35:2 9 5 9 5 5
1 4 6 8 13:25:3 4 9 6 3
7 9 23 25 28:22:8 5 2 5 2
6 7 10 24 25:30:9 8 3 5 5
11 16 17 29:10:1 4 2 3
2 6 8 14:22:2 9 6 5
9 26:6:5 1
8 14:11:6 5
6 7 9 14 22 25:36:9 8 5 5 4 5
10 11 17 27 28:9:3 1 2 1 2
1 7 21 26:13:3 8 1 1
2 5:12:2 10
1 9 19 23 26 28:19:3 5 6 2 1 2
1 8 14 15 19 24:32:3 6 5 7 6 5
1 4 14:12:3 4 5
2 5 7 14 15:32:2 10 8 5 7
7 14:13:8 5
9 12 19 20 25 27:21:5 1 6 3 5 1
10 17 27:6:3 2 1
4 14 21 23 26:13:4 5 1 2 1
8 19 21 22 26 28:20:6 6 1 4 1 2
9 11 12 26 30:10:5 1 1 1 2
2 11 16 21 25 30:15:2 1 4 1 5 2
2 8 11 15 23:18:2 6 1 7 2
10 12 20:7:3 1 3
9 11 14 20 23:16:5 1 5 3 2
1 4 14 15:19:3 4 5 7
1 6 13 15 19 24 25:38:3 9 3 7 6 5 5
12 20 26 30:7:1 3 1 2
7 12 16:13:8 1 4
4 6 14:18:4 9 5
1 2 6 7 14:27:3 2 9 8 5
3 10 12 17 27:8:1 3 1 2 1
6 8 15 18 19 28:39:9 6 7 9 6 2
6 8:15:9 6
2 15 30:11:2 7 2
11 12 30:4:1 1 2
2 5 22 24 28 30:25:2 10 4 5 2 2
5 13:13:10 3
7 12 15:16:8 1 7
11 17 20 27 28:9:1 2 3 1 2
11 28:3:1 2
6 14 22 28:20:9 5 4 2
6 9 10 11 19:24:9 5 3 1 6
11 17 26 27:5:1 2 1 1
4 5 15:21:4 10 7
2 6 14 18 24 25:35:2 9 5 9 5 5
4 15 23 24:18:4 7 2 5
1 13 14 25:16:3 3 5 5
3 7 8 18 19 27:31:1 8 6 9 6 1
4 14 25:14:4 5 5
4 6 7 15:28:4 9 8 7
1 4 7 14 25:25:3 4 8 5 5
12 20 26 27:6:1 3 1 1
12 24 26:7:1 5 1
4 5 6 7 15:38:4 10 9 8 7
3 9 10 20 27:13:1 5 3 3 1
17 27 28 30:7:2 1 2 2
14 25 28 30:14:5 5 2 2
9 10 20 27:12:5 3 3 1
2 4:6:2 4
2 4 13 14 25:19:2 4 3 5 5
6 13:12:9 3
2 4 16 19:16:2 4 4 6
8 15 17 23:17:6 7 2 2
3 7 15 21 28:19:1 8 7 1 2
1 2 4 14 15:21:3 2 4 5 7
1 3 12 14 23:12:3 1 1 5 2
1 4 5 8 15:30:3 4 10 6 7
10 11 16 27:9:3 1 4 1
1 2 5 14:20:3 2 10 5
3 9 11 17 20:12:1 5 1 2 3
10 17 26 30:8:3 2 1 2
2 5 14 25:22:2 10 5 5
7 8 22:18:8 6 4
9 11 22 26 27:12:5 1 4 1 1
3 26 27 30:5:1 1 1 2
1 5 6 8 14:33:3 10 9 6 5
4 6 7 15:28:4 9 8 7
4 20 21 25 28:15:4 3 1 5 2
3 12 26 28 30:7:1 1 1 2 2
