2 6 12 15:26:2 9 1 14
2 6 13:14:2 9 3
3 4 7 14:18:1 4 8 5
1 5 14:31:6 20 5
5 8 12 14:27:10 6 1 10
1 7 14:16:3 8 5
1 3 5 14:22:6 1 10 5
1 8 14:14:3 6 5
1 11 12:8:6 1 1
2 5 13 17:30:2 20 6 2
1 5 14:36:6 20 10
2 5 13:15:2 10 3
4 7 14:17:4 8 5
4 5 14 15 19:32:4 10 5 7 6
4 5 14:33:8 20 5
2 6 13:14:2 9 3
1 5 14 15 19:31:3 10 5 7 6
1 7 14:16:3 8 5
15 16 19 20:20:7 4 6 3
1 4 5 14 15 19:44:3 8 10 10 7 6
1 3 6 20:25:3 1 18 3
1 5 13 14:34:6 20 3 5
1 11 13 14:15:3 1 6 5
4 7 14:17:4 8 5
4 5 14:23:8 10 5
4 7 14 15 19:42:4 8 10 14 6
2 8 14 15 19:26:2 6 5 7 6
4 7 14:17:4 8 5
9 12:6:5 1
1 5 11 14 15 19:38:9 10 1 5 7 6
1 6 9 14 16 19:44:6 9 5 10 8 6
2 8 14 15 19:33:2 6 5 14 6
1 7 14:16:3 8 5
4 7 14:17:4 8 5
5 7 10:21:10 8 3
2 5 11:14:2 10 2
4 5 14:33:8 20 5
2 8 19:14:2 6 6
1 7 14:16:3 8 5
5 9 20:26:10 10 6
1 7 14:16:3 8 5
1 5 14:18:3 10 5
1 4 5 13 15 19:40:3 4 10 3 14 6
4 11:5:4 1
1 2 7:13:3 2 8
3 4 5 14:20:1 4 10 5
4 5 14:19:4 10 5
4 5 14:19:4 10 5
4 5 14:33:8 20 5
1 5 14 15 19:34:6 10 5 7 6
4 5 14:24:4 10 10
1 2 10:8:3 2 3
1 5 14:18:3 10 5
2 5 13:15:2 10 3
1 5 14:18:3 10 5
4 5 14:19:4 10 5
1 5 14:18:3 10 5
7 19 20:17:8 6 3
1 5 10 14:24:6 10 3 5
1 5 14 15 19 20:37:6 10 5 7 6 3
2 11 17:5:2 1 2
4 5 14 15 19:41:8 10 10 7 6
1 6 13 14:28:6 9 3 10
1 5 14:18:3 10 5
10 19:9:3 6
2 6 13:14:2 9 3
1 5 14:23:3 10 10
4 5 14:19:4 10 5
2 3 6 13:15:2 1 9 3
1 5 14:18:3 10 5
8 9 18:20:6 5 9
2 6 13:14:2 9 3
1 8 14:14:3 6 5
1 3 5 14:19:3 1 10 5
6 15 16:20:9 7 4
1 8 14:14:3 6 5
2 6 13:14:2 9 3
1 10 12:8:3 3 2
1 4 17:12:6 4 2
2 3 5 13:16:2 1 10 3
7 11 17:12:8 2 2
1 5 11 14:32:6 20 1 5
2 6 13:14:2 9 3
1 5 14 15 19:42:3 10 10 7 12
4 5 8 14 15 19:55:8 10 6 5 14 12
1 5 14:21:6 10 5
1 14:8:3 5
7 8:14:8 6
2 8 14 15 19:26:2 6 5 7 6
1 7 14:16:3 8 5
12 13 18:13:1 3 9
4 5 14:19:4 10 5
2 6 13:14:2 9 3
2 5 13:15:2 10 3
2 3 5 13:16:2 1 10 3
1 5 14:23:3 10 10
3 10 19:10:1 3 6
1 5 14:21:6 10 5
1 7 14 16 19:34:3 16 5 4 6
1 8 14 16:18:3 6 5 4
6 13:12:9 3
10 14 15:15:3 5 7
2 6 13:14:2 9 3
4 13 16:15:8 3 4
1 5 14:36:6 20 10
1 3 5 14:22:6 1 10 5
1 5 14:31:6 20 5
1 3 5 14:22:6 1 10 5
1 7 12 14 16 19:38:6 16 1 5 4 6
8 19:18:6 12
2 6 13:14:2 9 3
1 5 14:21:6 10 5
5 14:15:10 5
1 7 14:16:3 8 5
3 19:14:2 12
4 7 10 14:20:4 8 3 5
1 3 7 14:17:3 1 8 5
4 7 12 14:26:4 16 1 5
2 5 13:15:2 10 3
1 7 14:16:3 8 5
1 5 14:18:3 10 5
2 5 13:15:2 10 3
2 3 5 13:16:2 1 10 3
4 5 14:19:4 10 5
1 2:5:3 2
1 3 5 14:19:3 1 10 5
1 5 14:24:9 10 5
7 13 15:18:8 3 7
5 11 13 14:33:20 2 6 5
1 5 14:18:3 10 5
4 5 14:19:4 10 5
4 5 14:19:4 10 5
2 6 12 13:19:6 9 1 3
1 8 14:14:3 6 5
3 7 15:23:1 8 14
1 5 13 15 19:29:3 10 3 7 6
1 7 14:16:3 8 5
4 7 14 15 19:41:8 8 5 14 6
1 5 14 15 19:38:3 10 5 14 6
5 7 10:21:10 8 3
5 12 15:18:10 1 7
1 8 14:14:3 6 5
3 11:2:1 1
6 12:10:9 1
1 5 11 14:19:3 10 1 5
10 18:12:3 9
1 7 14:16:3 8 5
1 5 11 14 15 19:53:9 20 1 10 7 6
5 6 12 18:38:10 18 1 9
1 5 14:21:6 10 5
2 10:7:4 3
2 3 6 13:15:2 1 9 3
1 4 5 14:22:3 4 10 5
5 11 15 18:35:10 2 14 9
1 7 14:16:3 8 5
4 6 18:22:4 9 9
2 5 13:15:2 10 3
4 5 13 14:36:8 20 3 5
1 5 12 14 15 19:35:6 10 1 5 7 6
16 18:13:4 9
2 5 13:15:2 10 3
2 6 13:14:2 9 3
6 15 18:25:9 7 9
4 7 14:17:4 8 5
2 5 13:15:2 10 3
1 7 14 16 19:26:3 8 5 4 6
2 5 13:15:2 10 3
1 8 14:14:3 6 5
1 3 5 14:19:3 1 10 5
3 14:11:1 10
1 7 14:16:3 8 5
1 8 14:14:3 6 5
4 5 14:19:4 10 5
1 5 9 14:36:6 20 5 5
2 6 13:14:2 9 3
1 7 14 16 19:26:3 8 5 4 6
3 4 7 14:18:1 4 8 5
1 7 14:16:3 8 5
3 9 15:13:1 5 7
1 4 5 14:35:6 4 20 5
2 6 13:19:4 9 6
1 5 7 15:28:3 10 8 7
1 8 14:14:3 6 5
1 3 5 14:22:6 1 10 5
3 8 19:13:1 6 6
7 15:15:8 7
1 3 7 14:17:3 1 8 5
3 6 7:18:1 9 8
2 6 13:14:2 9 3
2 4 15 16:17:2 4 7 4
2 4 18:15:2 4 9
1 5 14:21:6 10 5
14 18 19:20:5 9 6
1 8 14:28:6 12 10
1 5 14:21:6 10 5
4 7 14:17:4 8 5
8 16:14:6 8
1 5 14:18:3 10 5
1 4 5 14:36:3 8 20 5
11 16 17 18:18:1 4 4 9
4 7 14:17:4 8 5
4 7 20:27:8 16 3
4 5 14:19:4 10 5
2 5 13:15:2 10 3
1 4:7:3 4
4 5 14:19:4 10 5
1 5 14 15 16 19:35:3 10 5 7 4 6
4 5 14 16:37:8 20 5 4
1 5 6 14 15 19:51:9 10 9 10 7 6
4 5 14:19:4 10 5
1 3 5 14:19:3 1 10 5
4 5 14:19:4 10 5
4 7 14:17:4 8 5
7 12 20:12:8 1 3
2 6 13:14:2 9 3
2 3 5 13:16:2 1 10 3
4 5 14:33:8 20 5
8 14 18:25:6 10 9
1 5 14:21:6 10 5
4 5 14:19:4 10 5
3 4 5 14:20:1 4 10 5
8 9 14 17:18:6 5 5 2
1 5 14:18:3 10 5
2 5 13:15:2 10 3
2 3 5 13:16:2 1 10 3
1 8 14:14:3 6 5
1 5 14:18:3 10 5
10 15:13:6 7
11 16:5:1 4
2 6 13:14:2 9 3
1 5 14:18:3 10 5
4 5 14:19:4 10 5
1 15 18:19:3 7 9
4 5 14 15 19:36:8 10 5 7 6
6 14 20:25:9 10 6
2 3 5 13:16:2 1 10 3
2 5:12:2 10
5 8 9 17:23:10 6 5 2
4 5 14:33:8 20 5
1 5 14 15 19:49:6 20 10 7 6
1 8 14:14:3 6 5
8 14 16 19:26:6 10 4 6
1 3 5 14:19:3 1 10 5
1 5 14:21:6 10 5
2 5 13:15:2 10 3
4 9:13:8 5
4 5 14:33:8 20 5
2 6 13:14:2 9 3
2 6 13:14:2 9 3
1 3 8 14:15:3 1 6 5
4 7 14:22:4 8 10
1 8 14:14:3 6 5
1 5 14:18:3 10 5
2 3 6 13:15:2 1 9 3
4 5 14 15 19:38:4 10 5 7 12
1 8 14:14:3 6 5
15 17 20:12:7 2 3
4 5 14 18:42:8 20 5 9
2 6 13 15 19:27:2 9 3 7 6
9 13 15:15:5 3 7
11 15 16:12:1 7 4
3 4 5 14:20:1 4 10 5
2 6 13:27:6 18 3
3 4 5 14:20:1 4 10 5
1 5 14:21:6 10 5
2 6 13:16:4 9 3
3 8 18:25:1 6 18
2 5 6 13:34:2 20 9 3
4 5 12 14:34:8 20 1 5
1 2 5 14:23:6 2 10 5
1 5 14:21:6 10 5
4 7 12:13:4 8 1
17 18 20:14:2 9 3
2 3 6 13:15:2 1 9 3
10 19:9:3 6
1 7 14:16:3 8 5
4 7 14:17:4 8 5
3 5:11:1 10
5 7 10:21:10 8 3
4 5 14:19:4 10 5
1 5 9 14 15 19:46:3 20 5 5 7 6
1 3 5 14:19:3 1 10 5
2 6 13 15 17 19:29:2 9 3 7 2 6
2 5 13:15:2 10 3
2 3 6 13:15:2 1 9 3
4 7 14:22:4 8 10
1 7 14 19:25:6 8 5 6
1 7 14:16:3 8 5
4 6:17:8 9
9 14:10:5 5
1 7 14:24:3 16 5
1 5 14:18:3 10 5
4 5 14:19:4 10 5
1 5 14:18:3 10 5
1 14:8:3 5
4 5 14:33:8 20 5
15 18:16:7 9
2 5 13 20:18:2 10 3 3
1 5 14:28:3 20 5
8 15 16 17:21:6 7 4 4
2 5 13:15:2 10 3
2 7 9 19:21:2 8 5 6
2 5 13:15:2 10 3
1 3 5 14:22:6 1 10 5
1 7 11:20:3 16 1
1 5 14 15 19:41:6 10 5 14 6
1 5 14:21:6 10 5
7 8 16:24:8 12 4
1 5 14:21:6 10 5
1 3 5 14:22:6 1 10 5
1 5 14:21:6 10 5
5 12 18:20:10 1 9
1 7 14:16:3 8 5
2 8 14 15 19:26:2 6 5 7 6
2 19:8:2 6
1 5 14:18:3 10 5
4 5 14:19:4 10 5
2 6 13:17:2 9 6
1 3 5 14:22:6 1 10 5
1 3 5 14:19:3 1 10 5
8 20:9:6 3
1 8 14:14:3 6 5
5 16 17:16:10 4 2
9 13:8:5 3
10 11:5:3 2
3 4 7 14:18:1 4 8 5
1 5 14 15 19:37:3 10 5 7 12
2 6 13 15 19:30:2 9 6 7 6
8 19:12:6 6
1 5 14:21:6 10 5
1 7 14:16:3 8 5
2 3 17:5:2 1 2
4 5 14 15 19:36:8 10 5 7 6
5 6 12:29:10 18 1
4 7 14:17:4 8 5
1 5 14:21:6 10 5
1 3 5 14:22:6 1 10 5
5 15:17:10 7
2 5 13:15:2 10 3
2 5 13:15:2 10 3
3 18 19:17:2 9 6
4 7 14:25:4 16 5
8 13:9:6 3
2 8 14 15 19:26:2 6 5 7 6
2 5 13:15:2 10 3
1 5 14:18:3 10 5
1 3 5 14:19:3 1 10 5
3 7 16:13:1 8 4
1 5 14 15 17 19:64:6 20 10 14 2 12
2 11:4:2 2
2 6 13:14:2 9 3
2 13 15:12:2 3 7
9 15 20:15:5 7 3
1 3 7:13:3 2 8
4 5 14:19:4 10 5
2 5 13 14:20:2 10 3 5
1 8 14:14:3 6 5
2 6 13:14:2 9 3
2 3 6 13:15:2 1 9 3
4 7 14:17:4 8 5
4 5 14 15 19:36:8 10 5 7 6
4 7 14:17:4 8 5
1 8 14:14:3 6 5
1 5 14:31:6 20 5
2 5 13:15:2 10 3
2 6 10 13:17:2 9 3 3
1 7 14:16:3 8 5
2 6 13:14:2 9 3
1 5 14:18:3 10 5
1 5 14:21:6 10 5
3 4 5 14:20:1 4 10 5
4 5:14:4 10
5 9 19:21:10 5 6
1 7 14:16:3 8 5
1 5 14 15 19:43:9 10 5 7 12
1 5 14:18:3 10 5
1 6 14 16 18 19:47:3 9 10 4 9 12
1 6 14 16 19:30:6 9 5 4 6
1 5 14:21:6 10 5
3 4 7 14:18:1 4 8 5
2 5 13:15:2 10 3
5 7 8 19:30:10 8 6 6
2 5 13:15:2 10 3
1 2 6 14 16 19:37:6 2 9 10 4 6
9 16 17:17:5 8 4
3 4 7 14:18:1 4 8 5
4 5 14:19:4 10 5
1 5 14:21:6 10 5
1 14:8:3 5
1 8 14:14:3 6 5
1 5 14 19:27:6 10 5 6
8 17 19:22:12 4 6
1 3 5 14:19:3 1 10 5
4 7 14:17:4 8 5
1 19:9:3 6
1 3 8 14:15:3 1 6 5
2 6 8 13:20:2 9 6 3
1 4 13 17:18:3 8 3 4
4 5 19:26:4 10 12
1 6 14:25:6 9 10
4 7 14:17:4 8 5
4 5 14:19:4 10 5
1 5 14 17:23:6 10 5 2
1 5 14 15 19:41:6 10 5 14 6
1 8 14:14:3 6 5
4 5 14:19:4 10 5
1 5 13 15 19:39:3 20 3 7 6
1 3 7 14:17:3 1 8 5
1 8 14:14:3 6 5
4 5 6 19:29:4 10 9 6
1 3 7 14:17:3 1 8 5
3 6 16 17:16:1 9 4 2
2 5 13:15:2 10 3
2 6 13:14:2 9 3
1 2 5 14 15 19:36:6 2 10 5 7 6
4 7 14:17:4 8 5
7 15:15:8 7
1 5 13 15 19 20:32:3 10 3 7 6 3
1 6 14:34:6 18 10
1 5 14 15 19:46:6 10 10 14 6
1 5 14:21:6 10 5
1 5 14:18:3 10 5
5 18:28:10 18
1 5 14:21:6 10 5
1 5 14:18:3 10 5
1 3 8 14:15:3 1 6 5
3 4 7 14:18:1 4 8 5
3 4 5 14 15 19:37:1 8 10 5 7 6
1 7 14:16:3 8 5
4 5 14:19:4 10 5
8 10 14 18:23:6 3 5 9
1 7 14:16:3 8 5
12 19 20:10:1 6 3
1 8 14:14:3 6 5
1 8 14:14:3 6 5
2 10 17 20:12:2 3 4 3
1 5 14:21:6 10 5
2 6 13:27:6 18 3
1 5 14:36:6 20 10
1 3 8 14:15:3 1 6 5
2 5 13:15:2 10 3
2 8 14 15 19:38:2 12 5 7 12
10 12 14:9:3 1 5
1 5 14:31:6 20 5
1 5 14 15 19:34:6 10 5 7 6
1 8 14 17:16:3 6 5 2
1 5 14:21:6 10 5
2 3 5 13:16:2 1 10 3
1 6 14 18:34:6 9 10 9
2 5 13:15:2 10 3
1 8 14:14:3 6 5
8 17:8:6 2
4 7 14:17:4 8 5
2 5 13:15:2 10 3
2 5:14:4 10
5 11 20:17:10 1 6
4 5 14:19:4 10 5
4 5 14:33:8 20 5
1 5 14:36:6 20 10
2 6 13:14:2 9 3
1 3 5 14:22:6 1 10 5
4 5 14:19:4 10 5
3 5:11:1 10
1 5 12:14:3 10 1
2 5 13:15:2 10 3
5 15:17:10 7
4 9 10:12:4 5 3
4 5 14:19:4 10 5
1 5 14 15 19:31:3 10 5 7 6
1 3 5 14:19:3 1 10 5
1 5 14 15 19:40:6 10 5 7 12
1 3 7 14:17:3 1 8 5
1 3 8 14:15:3 1 6 5
4 7 14 20:20:4 8 5 3
1 6 14:34:6 18 10
14 15 16:16:5 7 4
1 5 14:21:6 10 5
1 5 14:21:6 10 5
9 10 12 19:21:5 3 1 12
2 6 13:14:2 9 3
2 6 13 15 19:33:2 9 3 7 12
4 8 15 18:35:4 6 7 18
1 5 14:18:3 10 5
9 18:14:5 9
4 5 14:19:4 10 5
17 20:5:2 3
1 7 14:16:3 8 5
3 4 7 14:18:1 4 8 5
1 7 14:16:3 8 5
4 5 12 14 15 19:49:8 10 1 10 14 6
2 5:12:2 10
3 4 7 14:18:1 4 8 5
1 7 11 14:17:3 8 1 5
2 6 13 15 19:39:2 18 6 7 6
2 5 13:15:2 10 3
1 5 9 14 15 19:42:9 10 5 5 7 6
1 8 9 14:19:3 6 5 5
1 5 14:18:3 10 5
1 8 14:14:3 6 5
2 19:14:2 12
2 6 13 15 18 19:36:2 9 3 7 9 6
1 8 14:14:3 6 5
2 8 14 15 19:26:2 6 5 7 6
4 5 14:23:8 10 5
2 5 13:15:2 10 3
2 3 5 13:16:2 1 10 3
4 7 14:17:4 8 5
2 6 13:21:6 9 6
2 5 13:15:2 10 3
1 8 14:14:3 6 5
6 8 10 16:22:9 6 3 4
1 5 14 17:23:6 10 5 2
1 7 14 16 19:26:3 8 5 4 6
1 8 14:14:3 6 5
1 7 14:16:3 8 5
1 5 14:24:9 10 5
2 5 13:15:2 10 3
5 13:13:10 3
1 5 14:18:3 10 5
1 5 14:18:3 10 5
4 5 14:19:4 10 5
1 5 14 15 19:34:6 10 5 7 6
3 4 5:15:1 4 10
1 5 14 15 19:37:9 10 5 7 6
1 7 14:16:3 8 5
1 6 14 16 19:27:3 9 5 4 6
1 3 8 14:15:3 1 6 5
1 3 7 14:17:3 1 8 5
1 5 14:31:6 20 5
2 5 13:15:2 10 3
5 11 16 19:21:10 1 4 6
1 5 14:18:3 10 5
2 5 13:15:2 10 3
2 11:5:4 1
1 4 5 14 15 19:45:6 4 10 5 14 6
2 18 20:23:2 18 3
9 13 15:18:5 6 7
1 5 14:18:3 10 5
4 7 14:17:4 8 5
5 9 14 17:22:10 5 5 2
3 4 5 14:20:1 4 10 5
1 8 14:14:3 6 5
1 7 14:16:3 8 5
1 6 14:25:6 9 10
3 12 19:8:1 1 6
4 5 14:19:4 10 5
4 10:11:8 3
2 6 13:14:2 9 3
1 10 13:9:3 3 3
2 6 13:14:2 9 3
2 6 13:14:2 9 3
1 5 14:31:6 20 5
4 7 14:17:4 8 5
4 10 14:17:4 3 10
1 3 5 14:19:3 1 10 5
4 6 8 11:29:4 18 6 1
2 6 13:14:2 9 3
7 8:22:16 6
2 3 5 13:16:2 1 10 3
4 5 14:19:4 10 5
2 6 13:14:2 9 3
1 7 14:16:3 8 5
3 4 7 14:18:1 4 8 5
4 5 14:19:4 10 5
1 5 14:21:6 10 5
5 16:18:10 8
1 5 14:18:3 10 5
1 7 14:16:3 8 5
1 5 14:21:6 10 5
2 6 13:14:2 9 3
8 9 11:12:6 5 1
2 3 9:8:2 1 5
1 5 14:21:6 10 5
9 19:11:5 6
1 5 14:18:3 10 5
1 5 14 15 17 19:53:6 20 5 14 2 6
4 5 14:19:4 10 5
1 12 19:13:6 1 6
4 7 14:17:4 8 5
8 20:9:6 3
1 7 14:16:3 8 5
10 16:11:3 8
1 7 14:16:3 8 5
1 5 14 15 19:37:9 10 5 7 6
4 12 14:10:4 1 5
4 7 14:17:4 8 5
1 5 14 15 19:39:6 10 10 7 6
1 5 14:18:3 10 5
2 3 5 14:25:4 1 10 10
4 5 14:19:4 10 5
1 5 14:18:3 10 5
4 5 14 15 19:32:4 10 5 7 6
1 3 5 14:19:3 1 10 5
1 5 14:21:6 10 5
2 3 6 13:15:2 1 9 3
14 16 17:11:5 4 2
2 6 13 17:18:4 9 3 2
4 15 16:15:4 7 4
2 3 6 13:15:2 1 9 3
1 7 14:16:3 8 5
2 6:11:2 9
1 6 14 16 19:36:3 18 5 4 6
1 10 13 20:12:3 3 3 3
4 7 14:17:4 8 5
2 6 13:14:2 9 3
2 6 13:14:2 9 3
8 10 15:16:6 3 7
1 7 14:16:3 8 5
1 3 8 14:15:3 1 6 5
9 10:8:5 3
4 7 14:17:4 8 5
12 20:4:1 3
4 5 14:19:4 10 5
4 5 14:19:4 10 5
1 5 14:23:3 10 10
1 3 5 14:19:3 1 10 5
1 8 14:14:3 6 5
4 7 14:17:4 8 5
7 11:9:8 1
2 9 16:20:2 10 8
4 5 14 15 19:32:4 10 5 7 6
1 2 7 14 16 19:34:3 2 8 5 4 12
1 6 11 14:26:6 9 1 10
2 3 6 13:15:2 1 9 3
1 8 14:14:3 6 5
2 5 13 18:24:2 10 3 9
1 3 5 14:22:6 1 10 5
5 11:11:10 1
1 7 14:16:3 8 5
1 7 14:16:3 8 5
2 5 13:15:2 10 3
1 2 6 13:26:3 2 18 3
9 10 16:12:5 3 4
4 10 16:15:8 3 4
3 13 18:13:1 3 9
2 6 13:14:2 9 3
2 10:7:4 3
2 6 13:14:2 9 3
4 7 14 15 19:30:4 8 5 7 6
1 5 14:34:9 20 5
2 3 5 13:16:2 1 10 3
2 3 5 13:16:2 1 10 3
1 6 11 14 16 19:28:3 9 1 5 4 6
1 5 14 15 19:34:6 10 5 7 6
1 7 8 14 16 19:32:3 8 6 5 4 6
1 8 14:14:3 6 5
2 8 9:19:2 12 5
1 8 14:14:3 6 5
1 5 14:18:3 10 5
1 5 7 14 15 19:52:6 20 8 5 7 6
1 12 15:18:3 1 14
4 7 14:22:4 8 10
3 4 7 14:18:1 4 8 5
10 20:6:3 3
1 3 7 14:17:3 1 8 5
2 8 9 14 15 19:31:2 6 5 5 7 6
4 7 14:17:4 8 5
1 3 5 14:22:6 1 10 5
4 5 14:19:4 10 5
1 8 14:14:3 6 5
7 13 14:19:8 6 5
1 4 15 18:23:3 4 7 9
3 9 12:7:1 5 1
3 7:10:2 8
2 4 5 14 15 19:39:2 4 10 10 7 6
4 5 14:19:4 10 5
2 7 12:19:2 16 1
6 7 12 16:22:9 8 1 4
13 14 18:17:3 5 9
1 5 14 15 19:54:3 20 5 14 12
1 7 14:16:3 8 5
1 8 14:14:3 6 5
1 14:8:3 5
1 5 14:21:6 10 5
2 6 13:14:2 9 3
1 5 14:18:3 10 5
4 5 14:38:8 20 10
1 5 14:18:3 10 5
1 5 13 15 18 19:38:3 10 3 7 9 6
1 5 14:21:6 10 5
2 13 14 20:16:2 6 5 3
1 5 14:18:3 10 5
1 5 14:18:3 10 5
2 5 13:15:2 10 3
4 7 14:17:4 8 5
2 6 13:14:2 9 3
1 5 14 15 19:41:3 20 5 7 6
3 4 5 14:20:1 4 10 5
1 5 14:18:3 10 5
3 17:4:2 2
6 7:17:9 8
2 4 9:11:2 4 5
1 5 14:21:6 10 5
3 4 8 14:23:2 4 12 5
1 3 5 14:22:6 1 10 5
2 3 5 13:16:2 1 10 3
2 5 12 13:16:2 10 1 3
4 5 14:19:4 10 5
10 13:6:3 3
1 5 14:21:6 10 5
2 6 13:14:2 9 3
4 9 15:23:4 5 14
4 5 14:19:4 10 5
1 6 14 16 19:27:3 9 5 4 6
5 7 14 16:27:10 8 5 4
1 3 7 14:17:3 1 8 5
4 5 14:19:4 10 5
4 5 14 15 19:36:8 10 5 7 6
1 5 14 15 19:40:6 10 5 7 12
2 3 6 13:15:2 1 9 3
1 3 8 14:15:3 1 6 5
4 6:13:4 9
3 14 17:10:1 5 4
1 6 14 16 19:42:3 18 5 4 12
7 18 19:23:8 9 6
6 11 14 18:24:9 1 5 9
2 6 13:14:2 9 3
1 5 14:24:9 10 5
1 6 14:25:6 9 10
3 11 15:9:1 1 7
1 3 7 14:17:3 1 8 5
4 7 14:22:4 8 10
1 6 14:25:6 9 10
2 5 13:15:2 10 3
2 3 5 13:16:2 1 10 3
1 5 14:18:3 10 5
1 7 14:16:3 8 5
1 3 7 14:17:3 1 8 5
2 14 19:13:2 5 6
2 5 13:15:2 10 3
3 4 5 14:20:1 4 10 5
4 9 18:18:4 5 9
1 5 14:21:6 10 5
2 9 15:14:2 5 7
4 5 14:19:4 10 5
1 5 14:21:6 10 5
2 6 13:14:2 9 3
1 7 14:16:3 8 5
1 12 17:8:3 1 4
4 7 14:17:4 8 5
4 7 14:17:4 8 5
2 6 13:14:2 9 3
4 5 14 15 19:48:8 10 10 14 6
3 18 19:17:2 9 6
4 5 14:19:4 10 5
1 17 19 20:20:6 2 6 6
12 17 19:15:1 2 12
1 5 14:21:6 10 5
1 7 14:16:3 8 5
1 5 14:18:3 10 5
1 7 14:24:3 16 5
3 11 12:3:1 1 1
4 7 14:17:4 8 5
6 7 19:23:9 8 6
4 5 14:19:4 10 5
3 4 7 14:18:1 4 8 5
1 7 14:16:3 8 5
3 9 17:10:1 5 4
4 5 14:19:4 10 5
6 9 17:25:18 5 2
4 7 14:17:4 8 5
2 6 15:18:2 9 7
1 7 14:16:3 8 5
4 5 14:19:4 10 5
1 8 14:14:3 6 5
4 7 14:17:4 8 5
4 7 14:17:4 8 5
1 5 14:21:6 10 5
2 6 13:14:2 9 3
1 8 14:14:3 6 5
6 9 20:17:9 5 3
2 6 13:14:2 9 3
2 6 13:14:2 9 3
3 4 5 14:20:1 4 10 5
1 3 5 14:22:6 1 10 5
4 7 14:17:4 8 5
1 3 5 14:19:3 1 10 5
1 2 19:19:3 4 12
1 8 14:14:3 6 5
3 4 7 14:18:1 4 8 5
4 8:10:4 6
1 6 14 16 19:27:3 9 5 4 6
2 5 13:15:2 10 3
17 20:5:2 3
1 8 14:14:3 6 5
11 17 19:9:1 2 6
2 6 13 15 19:27:2 9 3 7 6
1 7 14:16:3 8 5
4 5 14:19:4 10 5
4 5 9 14 15 19:43:4 10 5 5 7 12
10 11 20:10:6 1 3
4 7 14:17:4 8 5
2 6 17:13:2 9 2
4 7 14:17:4 8 5
1 8 14:14:3 6 5
1 5 14 15 19:44:6 20 5 7 6
4 5 14:33:8 20 5
1 5 14:31:6 20 5
1 6 14:25:6 9 10
4 12 17:8:4 2 2
2 6 13:14:2 9 3
4 5 8 14:39:8 20 6 5
1 7 14:16:3 8 5
4 5 14:19:4 10 5
4 7 14:17:4 8 5
2 5 13:15:2 10 3
2 5 13:15:2 10 3
4 5 14:33:8 20 5
2 6 13:18:6 9 3
4 5 14:19:4 10 5
8 17:14:12 2
4 5 14:19:4 10 5
4 7 14 15 19:45:4 16 5 14 6
4 5 14:19:4 10 5
6 8 13:27:18 6 3
2 5 13:15:2 10 3
1 8 14:14:3 6 5
14 18:28:10 18
2 4 7 14:24:2 4 8 10
2 3 9:8:2 1 5
1 5 14:18:3 10 5
2 5 13:15:2 10 3
2 6 13:14:2 9 3
1 5 14:18:3 10 5
9 18 20:26:5 18 3
4 5 18:33:4 20 9
8 9 18:20:6 5 9
2 6 13:14:2 9 3
1 7 14 16 19 20:29:3 8 5 4 6 3
1 3 8 14:15:3 1 6 5
8 17:8:6 2
7 13 18:20:8 3 9
5 9:15:10 5
4 7 14 15 19:30:4 8 5 7 6
1 5 14 15 19 20:50:9 20 5 7 6 3
7 8:14:8 6
2 8 14 15 19:26:2 6 5 7 6
1 5 10 14:34:6 20 3 5
1 8 14:14:3 6 5
1 3 5 14:22:6 1 10 5
2 5 13:15:2 10 3
1 5 14:21:6 10 5
1 8 14:14:3 6 5
4 7 14:17:4 8 5
2 6 13:14:2 9 3
2 4 7 14 15 19:36:2 8 8 5 7 6
2 3 6 13:15:2 1 9 3
1 7 14 16 19:32:3 8 5 4 12
1 5 14:21:6 10 5
4 5 6 14:28:4 10 9 5
4 7 14:17:4 8 5
5 14:15:10 5
1 5 14:21:6 10 5
1 3 5 14:19:3 1 10 5
12 15 19:14:1 7 6
2 6 13:14:2 9 3
1 3 5 14:22:6 1 10 5
5 14 17 19:38:20 10 2 6
3 9:6:1 5
3 18:10:1 9
2 5 13:15:2 10 3
1 7 14:16:3 8 5
1 5 14:18:3 10 5
4 5 14:19:4 10 5
7 18:25:16 9
1 6 14 16 19:33:3 9 5 4 12
2 5 13:15:2 10 3
5 15 19:23:10 7 6
2 5:12:2 10
1 5 14:18:3 10 5
1 5 14:31:6 20 5
1 5 14:21:6 10 5
12 20:4:1 3
3 8:7:1 6
2 6 13:14:2 9 3
10 12 16:8:3 1 4
1 5 14:21:6 10 5
5 10:13:10 3
1 8 14:14:3 6 5
6 11 13 18:23:9 2 3 9
1 7 14 16 19:30:3 8 5 8 6
2 3 6 13:15:2 1 9 3
1 5 14 15 19:34:6 10 5 7 6
4 7 14:17:4 8 5
1 3 7 14:17:3 1 8 5
4 7 14:17:4 8 5
1 5 14:21:6 10 5
1 3 8 14:15:3 1 6 5
1 8 12 14:15:3 6 1 5
3 4 7 14:18:1 4 8 5
3 19:7:1 6
2 6 13:14:2 9 3
2 6 13:14:2 9 3
4 5 14:19:4 10 5
6 17 20:14:9 2 3
1 5 14 15 19:31:3 10 5 7 6
4 5 14 15 17 19:49:8 10 10 7 2 12
10 11 13:7:3 1 3
1 7 14:21:3 8 10
1 5 14:21:6 10 5
1 5 14:18:3 10 5
2 5 13:15:2 10 3
1 5 14 16:35:6 20 5 4
4 6 12 20:17:4 9 1 3
3 10 13 14:12:1 3 3 5
4 5 14:19:4 10 5
2 8 19 20:17:2 6 6 3
4 5 14:19:4 10 5
4 5 14:19:4 10 5
4 7 9 14 15 19:35:4 8 5 5 7 6
1 5 14 15 17 19:55:9 20 5 7 2 12
18 20:12:9 3
4 7 14 15 19:37:4 8 5 14 6
2 5 13:15:2 10 3
7 14:13:8 5
2 3 5 13:16:2 1 10 3
4 7 14:17:4 8 5
2 6 13:14:2 9 3
1 4 5 14:22:3 4 10 5
2 6 13:14:2 9 3
2 5 13:15:2 10 3
3 4 5 14:20:1 4 10 5
1 5 8 14:30:9 10 6 5
4 7 12 14 15 19:52:4 16 1 5 14 12
1 5 13 15 17 19:34:6 10 3 7 2 6
5 12 13:14:10 1 3
2 6 13:14:2 9 3
2 6 13:14:2 9 3
1 6 14 15:32:6 9 10 7
1 4 6 14 16 19:36:3 4 9 10 4 6
6 8 17:17:9 6 2
1 5 14 15 19:34:6 10 5 7 6
1 4 5 14:25:6 4 10 5
1 5 14:18:3 10 5
1 7 14:16:3 8 5
1 5 14:18:3 10 5
1 5 14:18:3 10 5
1 5 14:21:6 10 5
1 5 14:21:6 10 5
1 3 8 14:15:3 1 6 5
1 7 14:16:3 8 5
4 7 14:17:4 8 5
1 7 14:16:3 8 5
4 5 14:19:4 10 5
1 3 5 14:22:6 1 10 5
10 15 16:17:6 7 4
2 7:12:4 8
4 7 14:17:4 8 5
2 5 13:15:2 10 3
4 7 14:17:4 8 5
1 7 14:16:3 8 5
2 3 5 13:16:2 1 10 3
4 6 7 14 15 19:39:4 9 8 5 7 6
4 10:11:8 3
13 18 19:18:3 9 6
1 3 7 14:17:3 1 8 5
4 5 14:19:4 10 5
2 6 13 15 19:36:2 9 6 7 12
4 5 14:38:8 20 10
4 7 14:17:4 8 5
2 6 13:14:2 9 3
1 3 5 14:22:6 1 10 5
2 6 13:14:2 9 3
4 5 14 15 19:42:4 20 5 7 6
5 6 18:28:10 9 9
3 4 5 14:20:1 4 10 5
1 5 14:21:6 10 5
1 7 14:16:3 8 5
2 6 13:14:2 9 3
1 5 14 15 19:55:6 20 10 7 12
1 5 14:21:6 10 5
3 4 5 14:20:1 4 10 5
2 5 13:15:2 10 3
4 6 8:19:4 9 6
4 5 14:33:8 20 5
1 5 14:21:6 10 5
2 6 13:14:2 9 3
6 7 12:18:9 8 1
5 9 11:16:10 5 1
1 5 13 15 19 20:38:3 10 3 7 12 3
4 7 14:17:4 8 5
2 5 13:15:2 10 3
1 5 13 15 19:29:3 10 3 7 6
1 2 5 13:18:3 2 10 3
1 2 5 14 15 19:39:9 2 10 5 7 6
4 7 14:17:4 8 5
2 3 5 13:16:2 1 10 3
4 7 14:17:4 8 5
2 3 5 13:16:2 1 10 3
1 5 14:21:6 10 5
2 11 20:8:4 1 3
1 5 14 15 19:39:6 10 10 7 6
2 3 5 13:16:2 1 10 3
1 5 14:21:6 10 5
4 5 14 15 19:51:8 20 10 7 6
1 8 14:14:3 6 5
1 5 14:21:6 10 5
1 5 14:21:6 10 5
4 7 14:17:4 8 5
1 7 14:21:3 8 10
2 6 13:14:2 9 3
1 8 14:14:3 6 5
16 19:10:4 6
3 4 5 14 15 19:33:1 4 10 5 7 6
1 3 5 14:19:3 1 10 5
3 4 5 14:20:1 4 10 5
5 14 20:18:10 5 3
4 6 10:16:4 9 3
8 20:9:6 3
2 6 13 15 19:27:2 9 3 7 6
11 18 19:16:1 9 6
3 8 17:11:1 6 4
2 5 13:15:2 10 3
7 10 14 18:25:8 3 5 9
2 6 13:14:2 9 3
1 5 14:18:3 10 5
2 6 13:14:2 9 3
1 3 5 14:22:6 1 10 5
1 2 9:10:3 2 5
8 10 17:11:6 3 2
1 3 8 14:15:3 1 6 5
1 5 14:18:3 10 5
9 10 14:13:5 3 5
4 7 14:17:4 8 5
1 5 14:21:6 10 5
2 3 6 13:15:2 1 9 3
2 5 13:15:2 10 3
4 5 14 15 19:42:4 20 5 7 6
1 7 14:16:3 8 5
1 3 7 14:17:3 1 8 5
3 4 7 14:18:1 4 8 5
17 19:10:4 6
1 5 13 15 19:36:3 10 3 14 6
1 3 8 14:15:3 1 6 5
1 5 14:21:6 10 5
1 7 14 15:23:3 8 5 7
2 7 14 19:21:2 8 5 6
4 17:6:4 2
4 6 10 17:18:4 9 3 2
1 5 14:21:6 10 5
7 9:13:8 5
4 5 6 14 15 19:45:8 10 9 5 7 6
1 6 14:34:6 18 10
1 4 13 18:22:3 4 6 9
2 3 6 13:15:2 1 9 3
1 4 5 14:35:6 4 20 5
4 7 14:17:4 8 5
2 6 13 15:21:2 9 3 7
1 3 5 14:19:3 1 10 5
1 5 14:18:3 10 5
1 3 8 14:15:3 1 6 5
3 4:5:1 4
1 3 5 14:22:6 1 10 5
1 8 14:14:3 6 5
10 11:7:6 1
4 7 14:17:4 8 5
3 4 7 14:18:1 4 8 5
1 6 18:21:3 9 9
4 5 14:19:4 10 5
3 4 5 14:20:1 4 10 5
1 8 14:14:3 6 5
4 5 14:23:8 10 5
6 14 18:37:18 10 9
1 8 14:14:3 6 5
6 9 15:21:9 5 7
1 6 16 19:22:3 9 4 6
2 10 18:17:2 6 9
3 4 7 14:18:1 4 8 5
4 7 14:17:4 8 5
1 6:12:3 9
2 6 13:17:2 9 6
11 16:10:2 8
2 6 13:14:2 9 3
4 5 14:19:4 10 5
2 5 13 18:24:2 10 3 9
2 6 13:18:6 9 3
1 5 14:21:6 10 5
4 5 14:19:4 10 5
1 5 14 15 19:44:9 10 5 14 6
1 3 7 14:17:3 1 8 5
1 7 14:16:3 8 5
1 8 14 18:23:3 6 5 9
2 6 13:17:2 9 6
2 6 12 13:28:6 18 1 3
4 7 14:17:4 8 5
1 5 7 14 16 19:36:3 10 8 5 4 6
1 6 14 16 18 19:36:3 9 5 4 9 6
1 19:9:3 6
2 5 13:15:2 10 3
1 7 14:16:3 8 5
2 6 12:12:2 9 1
4 5 9 14:28:8 10 5 5
9 15:12:5 7
1 6 13 14:28:6 9 3 10
3 4 7 14:18:1 4 8 5
1 5 14:31:6 20 5
1 8 14:14:3 6 5
3 4 5 14:20:1 4 10 5
2 3 6 13:15:2 1 9 3
2 5 13:15:2 10 3
3 4 5 14:20:1 4 10 5
4 7 14 18:30:8 8 5 9
2 3 6 13:15:2 1 9 3
1 3 5 14:22:6 1 10 5
4 7 14 15 19:35:4 8 10 7 6
2 5 13:15:2 10 3
1 5 14:21:6 10 5
1 7 14:16:3 8 5
4 7 14:22:4 8 10
1 7 14 16 19:30:3 8 5 8 6
1 5 13 15 19:32:3 10 6 7 6
4 5 13 14 15 19:35:4 10 3 5 7 6
1 5 13 15 19:29:3 10 3 7 6
5 7 14:23:10 8 5
1 3 5 14:19:3 1 10 5
1 5 14 15 19:40:6 10 5 7 12
2 6 13 16:25:6 9 6 4
6 7 11 16:26:9 8 1 8
4 7 14:17:4 8 5
12 20:4:1 3
2 3 8:9:2 1 6
1 5 14:21:6 10 5
2 3 6 13:15:2 1 9 3
2 6 13:14:2 9 3
4 5 14:19:4 10 5
2 3 5 13:16:2 1 10 3
2 3 8:9:2 1 6
2 6 13:14:2 9 3
4 5 14:33:8 20 5
2 8 14 15 19:26:2 6 5 7 6
9 14:10:5 5
1 8 14:14:3 6 5
2 5 13:15:2 10 3
1 8 14:14:3 6 5
1 6 14 16 19:32:3 9 10 4 6
3 4 11:6:1 4 1
4 5 14:19:4 10 5
4 11 16 20:15:4 1 4 6
17 20:5:2 3
4 7 14:17:4 8 5
7 11:17:16 1
1 5 7 14:34:6 10 8 10
1 3 8 14:15:3 1 6 5
2 8 14 15 18 19:41:2 6 5 7 9 12
4 14 16 18:22:4 5 4 9
6 15 20:19:9 7 3
1 5 14 16:28:9 10 5 4
1 5 14:18:3 10 5
8 11 17:9:6 1 2
9 11 14:11:5 1 5
2 3 6 13:15:2 1 9 3
11 15:8:1 7
1 7 14:16:3 8 5
2 6 13:14:2 9 3
2 11 13:6:2 1 3
4 5 14:19:4 10 5
10 12:4:3 1
4 7 14:17:4 8 5
1 3 5 14:19:3 1 10 5
1 8 14:14:3 6 5
1 7 11 14 16 19:31:3 8 1 5 8 6
4 5 10 14 15 19:39:8 10 3 5 7 6
3 4 7 14:18:1 4 8 5
1 3 7 14:17:3 1 8 5
2 5 11:23:2 20 1
1 7 14 16 19:26:3 8 5 4 6
4 5 14:19:4 10 5
1 5 14:18:3 10 5
1 8 14:14:3 6 5
3 4 5 14:20:1 4 10 5
3 11:2:1 1
1 6 14 20:28:6 9 10 3
2 6 13:27:6 18 3
7 9 17:15:8 5 2
1 5 13 15 19:35:3 10 3 7 12
2 6 13:14:2 9 3
1 3 5 14:19:3 1 10 5
1 8 14:14:3 6 5
5 16 17:18:10 4 4
1 7 14:16:3 8 5
1 5 14:18:3 10 5
10 13 18:18:6 3 9
1 7 14:16:3 8 5
1 8 14:14:3 6 5
4 7 14:17:4 8 5
6 19:21:9 12
3 8 18:17:2 6 9
1 7 14:16:3 8 5
1 5 14 15:28:6 10 5 7
1 5 14 15 19:42:9 10 10 7 6
1 8 14:14:3 6 5
4 7 14:17:4 8 5
1 7 14:16:3 8 5
1 5 14 17:23:6 10 5 2
2 13:5:2 3
4 7 14:17:4 8 5
1 5 14 15 19:46:3 20 10 7 6
10 11 13:7:3 1 3
2 6 13 15:21:2 9 3 7
1 5 14 15 19:31:3 10 5 7 6
4 5 14:19:4 10 5
2 18:11:2 9
2 6 13:14:2 9 3
1 5 14:18:3 10 5
6 14 16 20:30:18 5 4 3
2 6 13:18:6 9 3
1 7 14:16:3 8 5
2 3 5 13:16:2 1 10 3
3 4 7 14:18:1 4 8 5
1 4 14:12:3 4 5
7 9 10 13:19:8 5 3 3
2 6 13:14:2 9 3
2 11 19:10:2 2 6
5 19:16:10 6
1 5 14:18:3 10 5
13 20:9:6 3
1 3 8 14:15:3 1 6 5
1 3 8 14:15:3 1 6 5
7 8 12:16:8 6 2
2 14 19:13:2 5 6
4 5 7 14 15 19:40:4 10 8 5 7 6
2 6 13:14:2 9 3
2 3 5 13:16:2 1 10 3
4 5 14:19:4 10 5
2 6 13:16:4 9 3
4 7:12:4 8
6 16:13:9 4
2 6 13:14:2 9 3
1 8 14:14:3 6 5
1 5 14 15 19:31:3 10 5 7 6
1 3 5 14:22:6 1 10 5
2 6 13:14:2 9 3
1 6 14:25:6 9 10
1 3 5 14:19:3 1 10 5
4 5 14 15 19:36:8 10 5 7 6
1 4 6 14 16 19:31:3 4 9 5 4 6
2 5 13:27:4 20 3
4 6 20:20:8 9 3
1 5 14 15 19:34:6 10 5 7 6
5 16 20:27:20 4 3
7 14:13:8 5
3 7 17 19:17:1 8 2 6
1 8 14:14:3 6 5
4 5 14:33:8 20 5
2 15 19 20:18:2 7 6 3
1 5 14 19:37:6 20 5 6
1 7 15 18:27:3 8 7 9
1 6 7:29:3 18 8
1 5 14 18:40:6 20 5 9
1 5 14:21:6 10 5
4 5 14:24:4 10 10
2 5 13:15:2 10 3
2 6 13 17:23:6 9 6 2
1 5 14:18:3 10 5
2 6 13:16:4 9 3
9 18 19:20:5 9 6
1 7 14:16:3 8 5
4 14 17:11:4 5 2
2 6 13:14:2 9 3
2 5 13:15:2 10 3
1 5 14:31:6 20 5
4 18:13:4 9
3 4 7 14:18:1 4 8 5
1 5 13 15 19:39:3 20 3 7 6
1 5 14:21:6 10 5
2 6 13:16:4 9 3
4 5 14:19:4 10 5
4 5 14 15 19:36:8 10 5 7 6
4 5 14:33:8 20 5
2 8 14 15 16 19:30:2 6 5 7 4 6
5 8 12 13:20:10 6 1 3
1 6 14 16 19:27:3 9 5 4 6
1 5 14:24:9 10 5
1 7 14:16:3 8 5
1 5 14:21:6 10 5
1 5 13 15 16 19:49:3 20 3 7 4 12
2 3 6 13:15:2 1 9 3
10 11 12 20:8:3 1 1 3
2 5 13:15:2 10 3
1 5 14:21:6 10 5
4 13 19:13:4 3 6
7 14:13:8 5
1 7 14:16:3 8 5
1 3 5 14:22:6 1 10 5
2 8 14 15 19:32:2 12 5 7 6
1 5 6 14:40:6 20 9 5
1 5 14:21:6 10 5
1 7 14 16 19:26:3 8 5 4 6
2 8 14 15 19:26:2 6 5 7 6
2 6 13 15 19:27:2 9 3 7 6
5 14:15:10 5
1 7 14:16:3 8 5
1 8 14:14:3 6 5
6 17:11:9 2
17 20:7:4 3
4 5 14 15 19:36:8 10 5 7 6
4 10 13:10:4 3 3
14 17 19:19:5 2 12
2 6 13:14:2 9 3
1 7 12 14 16 19:43:6 16 1 10 4 6
3 4 7 14:18:1 4 8 5
3 4 11:7:1 4 2
1 7 14:16:3 8 5
1 5 14:21:6 10 5
2 8 9 14 15 19:43:2 6 5 10 14 6
1 6 14 16 19:27:3 9 5 4 6
1 7 14 16 19:30:3 8 5 8 6
2 6 13:14:2 9 3
1 5 14 18:27:3 10 5 9
1 8 14:14:3 6 5
9 10 13:14:5 6 3
1 8 14:14:3 6 5
1 3 5 14:22:6 1 10 5
2 6 13 15 19:29:4 9 3 7 6
1 8 14:14:3 6 5
2 5 13:15:2 10 3
4 6 11 18:24:4 9 2 9
3 4 7 14:18:1 4 8 5
1 7 14 16 19:35:3 8 10 8 6
1 5 14:21:6 10 5
1 3 7 14:17:3 1 8 5
1 3 5 14:19:3 1 10 5
1 5 14:18:3 10 5
15 17 20:15:7 2 6
1 5 14 15 19:39:6 10 10 7 6
2 5 13:15:2 10 3
3 4 5 14:20:1 4 10 5
4 7 14 16:21:4 8 5 4
2 14:7:2 5
1 5 14 15 19:47:9 20 5 7 6
1 6 14 16 19:39:6 18 5 4 6
1 3 7 14:17:3 1 8 5
12 15 16 17:21:1 14 4 2
1 3 5 14:22:6 1 10 5
1 5 14:21:6 10 5
1 3 7 14:17:3 1 8 5
1 8 14:14:3 6 5
4 7 9:17:4 8 5
2 3 5 13:16:2 1 10 3
1 8 14:14:3 6 5
3 4 7 14:18:1 4 8 5
1 8 14:14:3 6 5
6 15 17:18:9 7 2
13 18:12:3 9
1 5 13 15 19:29:3 10 3 7 6
1 5 14:31:6 20 5
1 5 14:21:6 10 5
2 3 6 13:15:2 1 9 3
2 6 13:16:4 9 3
1 5:13:3 10
3 4 5 14:20:1 4 10 5
2 3 6 13:15:2 1 9 3
2 6 13 16:21:2 9 6 4
1 4 5 14:35:6 4 20 5
4 5 14:19:4 10 5
1 7 14:16:3 8 5
3 4 7 14:18:1 4 8 5
4 5 14 15 19:36:8 10 5 7 6
6 13 17:14:9 3 2
1 7 14:16:3 8 5
4 5 14 15 17 19:38:8 10 5 7 2 6
3 15 18:24:1 14 9
7 15 16:26:8 14 4
2 6 13:14:2 9 3
2 5 13:18:2 10 6
4 7 14:17:4 8 5
1 5 14:21:6 10 5
4 5 14:19:4 10 5
1 5 9 14 15 19:58:9 20 5 5 7 12
4 5 14:19:4 10 5
1 8 14:14:3 6 5
1 3 8 14:15:3 1 6 5
2 6 13 15 19:27:2 9 3 7 6
4 5 14:19:4 10 5
3 4 7 14:18:1 4 8 5
4 7 14 15 19:37:4 8 5 14 6
4 7 14:17:4 8 5
3 13:4:1 3
1 6 14 16 19:30:6 9 5 4 6
1 8 14:14:3 6 5
2 6 13 15 19:36:2 18 3 7 6
2 6 13:14:2 9 3
1 5 14:26:6 10 10
1 8 14:14:3 6 5
1 7 14:16:3 8 5
1 7 14:16:3 8 5
1 5 14:18:3 10 5
2 5 13:15:2 10 3
2 3 5 13:16:2 1 10 3
1 5 14:18:3 10 5
1 3 8 14:15:3 1 6 5
1 5 14:18:3 10 5
4 5 14 15 19:32:4 10 5 7 6
1 5 14 15 19:31:3 10 5 7 6
1 7 9 10:27:3 16 5 3
1 8 14:14:3 6 5
3 4 5 14:20:1 4 10 5
4 7 14 15 19:35:4 8 10 7 6
2 8 14 15 19:39:2 12 5 14 6
4 5 8 14:39:8 20 6 5
1 3 8 14:15:3 1 6 5
4 5 14 15 19:36:8 10 5 7 6
1 3 7 14:17:3 1 8 5
16 18 19:23:8 9 6
3 8 11:8:1 6 1
1 8 14:14:3 6 5
4 8 15 16:21:4 6 7 4
4 5 14:19:4 10 5
1 7 14:16:3 8 5
1 7 14 16 19:26:3 8 5 4 6
1 5 14:34:9 20 5
2 15 17:11:2 7 2
4 5 14:19:4 10 5
1 8 9 14:33:6 12 5 10
2 8 14 15 19:31:2 6 10 7 6
1 7 14:16:3 8 5
1 5 14:21:6 10 5
1 5 14 15 19:34:6 10 5 7 6
2 5 13:15:2 10 3
1 3 7 14:17:3 1 8 5
2 11 19:9:2 1 6
8 10:9:6 3
2 3 6 13:15:2 1 9 3
1 3 5 14:22:6 1 10 5
1 15 20:13:3 7 3
1 8 14:14:3 6 5
2 5 13:15:2 10 3
1 3 8 14:15:3 1 6 5
2 6 13 15 19:32:4 9 6 7 6
2 5 13:15:2 10 3
4 7 14:17:4 8 5
4 7 14:17:4 8 5
5 6 13:32:20 9 3
3 6 10 12:14:1 9 3 1
1 9 14:13:3 5 5
1 6 13 14 16 19:33:6 9 3 5 4 6
1 7 14:16:3 8 5
2 5 13:18:2 10 6
4 5 14 15 19:42:8 10 5 7 12
1 3:7:6 1
4 5 14:19:4 10 5
1 7 14:16:3 8 5
7 19:14:8 6
1 5 7 14 16 19:44:3 10 16 5 4 6
2 6 13:14:2 9 3
1 5 14:18:3 10 5
1 5 14:21:6 10 5
10 14 18:17:3 5 9
2 3 5 13:16:2 1 10 3
1 5 13 18:28:6 10 3 9
4 5 14:19:4 10 5
1 8 14:14:3 6 5
1 3 7 14:17:3 1 8 5
1 5 14 15 19:40:6 10 5 7 12
2 3 5 13:16:2 1 10 3
4 5 14:34:4 20 10
10 17:5:3 2
1 5 14:18:3 10 5
12 15 18:17:1 7 9
1 5 14 15 19:37:9 10 5 7 6
1 5 14:21:6 10 5
4 7 14:17:4 8 5
1 5 14:18:3 10 5
1 6 14 16 19:27:3 9 5 4 6
2 5 13:15:2 10 3
4 5 11 14 15 19:37:8 10 1 5 7 6
3 4 11:6:1 4 1
2 4 5 13:19:2 4 10 3
9 10 15:15:5 3 7
4 7 14:17:4 8 5
1 5 14 15 19:34:6 10 5 7 6
1 7 14 16 19:30:3 8 5 8 6
4 5 14:38:8 20 10
1 5 14:18:3 10 5
4 5 14:19:4 10 5
4 7 14:21:8 8 5
4 5 14:19:4 10 5
3 4 5 14:20:1 4 10 5
2 5 13:15:2 10 3
1 5 14:21:6 10 5
2 4 12:8:2 4 2
1 5 13 15 19:52:3 20 3 14 12
4 7 14:21:8 8 5
1 8 14:14:3 6 5
2 3 6 13:15:2 1 9 3
1 5 14:21:6 10 5
1 8 14:14:3 6 5
2 5 13:15:2 10 3
9 17 19:15:5 4 6
2 14:7:2 5
1 5 14:23:3 10 10
1 7 14:16:3 8 5
7 17:10:8 2
1 16 18:19:6 4 9
2 5 13:15:2 10 3
1 5 14:29:9 10 10
1 6 14 16 19:36:3 18 5 4 6
4 5 6 14:28:4 10 9 5
6 13 18:30:18 3 9
2 5 13:15:2 10 3
2 14 18:16:2 5 9
2 6 13:14:2 9 3
4 5 14:19:4 10 5
2 5 13:15:2 10 3
1 2:5:3 2
1 5 14 15 18 19:43:6 10 5 7 9 6
1 5 14 15 19:52:9 20 10 7 6
2 17:6:4 2
1 3 5 14:22:6 1 10 5
1 5 14:18:3 10 5
2 5 13:15:2 10 3
2 6 13:14:2 9 3
1 5 14:21:6 10 5
1 5 6 14 15 19:50:3 20 9 5 7 6
1 7 14:16:3 8 5
1 5 14:18:3 10 5
1 5 14:18:3 10 5
1 3 7 14:17:3 1 8 5
7 14 17:15:8 5 2
2 3 5 13:16:2 1 10 3
1 6 14:25:6 9 10
1 3 5 14:19:3 1 10 5
1 8 14:14:3 6 5
1 6 14 15:41:6 18 10 7
1 5 14 15 19:34:6 10 5 7 6
4 5 14:19:4 10 5
4 5:14:4 10
4 5 14 15 19:36:8 10 5 7 6
1 5 14 20:24:6 10 5 3
4 11:5:4 1
1 8 14:14:3 6 5
1 5 14:21:6 10 5
1 5 14:18:3 10 5
9 11 17:9:5 2 2
1 5 13 15 18 19:38:3 10 3 7 9 6
1 5 14:21:6 10 5
1 3 5 14:22:6 1 10 5
4 5 14 15 19:46:8 20 5 7 6
1 5 14 15 19:44:6 20 5 7 6
7 12 17 20:14:8 1 2 3
1 6 14 16 19:41:3 18 10 4 6
6 8 17:17:9 6 2
3 4 5 14:20:1 4 10 5
7 14 15:20:8 5 7
1 5 14 15 19:41:6 10 5 14 6
1 14:8:3 5
4 7 14:17:4 8 5
11 16 17:7:1 4 2
1 6 14 16 19:32:3 9 10 4 6
12 19:7:1 6
1 5 14:18:3 10 5
1 6 14:25:6 9 10
9 12:6:5 1
1 7 16:15:3 8 4
2 5 13:15:2 10 3
1 7 9 14 16 19:34:6 8 5 5 4 6
1 5 14:21:6 10 5
1 7:11:3 8
2 3 6 13:15:2 1 9 3
4 5 14:19:4 10 5
4 5 14 15 19:41:8 10 10 7 6
1 2 8:14:6 2 6
1 5 14:21:6 10 5
2 5 13:15:2 10 3
3 4 5 20:18:1 4 10 3
1 5 14 15 19:34:6 10 5 7 6
2 6 13:14:2 9 3
5 13:16:10 6
4 5 14:33:8 20 5
11 16 17:7:1 4 2
4 7 14:17:4 8 5
1 7 9 14:26:3 8 5 10
1 8 14:14:3 6 5
1 5 14:21:6 10 5
1 5 14:18:3 10 5
2 6 13:14:2 9 3
1 5 13 15 19 20:32:3 10 3 7 6 3
1 5 14:18:3 10 5
1 5 14 15 19:34:6 10 5 7 6
2 5 13:15:2 10 3
17 18:11:2 9
1 5 14:21:6 10 5
1 6 14 16 19:33:3 9 5 4 12
1 3 7 14:17:3 1 8 5
1 7 14:16:3 8 5
7 10 14:24:16 3 5
4 5 14 15 19:36:8 10 5 7 6
1 5:16:6 10
16 20:14:8 6
2 6 13:27:6 18 3
12 16:5:1 4
4 7 14:17:4 8 5
4 11 14:10:4 1 5
1 3 5 14:19:3 1 10 5
4 7 14:17:4 8 5
1 5 14:24:9 10 5
2 5 13:15:2 10 3
2 5 13:18:2 10 6
1 5 14:21:6 10 5
5 11:21:20 1
4 7 14:17:4 8 5
2 6 13 15 19:37:2 9 6 14 6
11 19:7:1 6
4 9 13 19:18:4 5 3 6
3 15 17:12:1 7 4
1 5 14:31:6 20 5
1 7 14:16:3 8 5
1 8 14:14:3 6 5
1 6 13 14:28:6 9 3 10
3 4 5 14:20:1 4 10 5
3 4 7 14:18:1 4 8 5
1 5 10 14:24:6 10 3 5
6 7:26:18 8
3 4 7 14:18:1 4 8 5
14 17 20:10:5 2 3
4 7 14:17:4 8 5
9 17:7:5 2
12 14 15:13:1 5 7
11 14:7:2 5
4 5 14:33:8 20 5
1 6 14 16 19:33:3 9 5 4 12
13 19 20:12:3 6 3
1 5 14:18:3 10 5
4 5 9:19:4 10 5
1 8 14:14:3 6 5
1 2 7 14:21:6 2 8 5
1 3 7 14:17:3 1 8 5
1 19:12:6 6
5 14:15:10 5
4 7 14:17:4 8 5
4 7 14:17:4 8 5
4 7 12 14 15 19:31:4 8 1 5 7 6
1 7 14:16:3 8 5
2 5 8 13:23:4 10 6 3
8 14 20:14:6 5 3
1 3 5 14:22:6 1 10 5
2 5 13:15:2 10 3
1 3 7 14:17:3 1 8 5
3 5 11:22:1 20 1
4 5 15:21:4 10 7
1 3 5 14:19:3 1 10 5
2 4 13:12:2 4 6
1 3 8 14:15:3 1 6 5
1 5 14:21:6 10 5
1 7 14:19:6 8 5
4 5 14:19:4 10 5
2 6 13:14:2 9 3
1 6 14 16 19:30:6 9 5 4 6
1 5 14:18:3 10 5
7 12 19:15:8 1 6
4 5 14:24:4 10 10
6 10 18:21:9 3 9
7 13:14:8 6
1 6 14:25:6 9 10
3 4 7 14:18:1 4 8 5
1 8 14:14:3 6 5
13 14 15:15:3 5 7
1 5 13 15 19:29:3 10 3 7 6
5 9 12:17:10 5 2
1 5 14:21:6 10 5
1 5 14:21:6 10 5
1 3 8 14:15:3 1 6 5
6 12 18:19:9 1 9
3 6 20:13:1 9 3
1 5 13 15 19:29:3 10 3 7 6
3 4 7 14:18:1 4 8 5
1 5 14:31:6 20 5
1 7 14:16:3 8 5
2 6 13 15 19:36:4 9 3 14 6
10 13 18:15:3 3 9
2 6 13 17:20:6 9 3 2
4 15 17:13:4 7 2
4 5 14:19:4 10 5
1 7 14:16:3 8 5
1 7 14:16:3 8 5
4 7 14:17:4 8 5
2 5 13:15:2 10 3
1 7 14:16:3 8 5
9 15:17:10 7
1 6 8:21:6 9 6
2 5 13:15:2 10 3
1 4 9 17:14:3 4 5 2
2 5 13:15:2 10 3
4 5 14:19:4 10 5
4 7 14 15 19:50:4 16 10 14 6
2 6:11:2 9
1 5 14:21:6 10 5
4 5 14:19:4 10 5
1 5 14:21:6 10 5
4 5 14 15 19:54:4 20 10 14 6
1 3 5 14:19:3 1 10 5
1 5 14:18:3 10 5
1 3 7 14:17:3 1 8 5
4 5 14:19:4 10 5
1 5 14:21:6 10 5
4 5 10 14 15 19:54:8 20 3 10 7 6
4 8 9:15:4 6 5
5 15:17:10 7
4 5 14 15 19:32:4 10 5 7 6
9 13 19:14:5 3 6
8 13 20:12:6 3 3
1 5 14:21:6 10 5
1 5 14:18:3 10 5
1 8 14:14:3 6 5
5 14 18:24:10 5 9
1 5 14 15 19:44:6 20 5 7 6
5 18:19:10 9
3 4 5 14:20:1 4 10 5
12 18 20:13:1 9 3
5 14:15:10 5
7 11 16 20:16:8 1 4 3
4 5 12 14 15 19:37:8 10 1 5 7 6
4 7 14:17:4 8 5
1 7 14:16:3 8 5
1 7 14:16:3 8 5
1 2 3 9:11:3 2 1 5
4 5 14:19:4 10 5
16 18:13:4 9
4 7 14:17:4 8 5
1 5 7 13 15 19:37:3 10 8 3 7 6
4 7 14:17:4 8 5
2 3 6 13:15:2 1 9 3
2 5 13:15:2 10 3
1 2:8:6 2
1 5 14:31:6 20 5
1 7 14:16:3 8 5
2 3 5 13:16:2 1 10 3
1 5 14 15 19:41:6 10 5 14 6
1 5 14:18:3 10 5
2 13 15:17:4 6 7
1 3 8 14:15:3 1 6 5
1 7 14:19:6 8 5
4 7 14 15 19:38:4 16 5 7 6
1 7 14:16:3 8 5
1 16 20:10:3 4 3
1 3 5 14:19:3 1 10 5
18 20:21:18 3
2 6 13:14:2 9 3
1 6 8 14:31:6 9 6 10
1 2 10:11:6 2 3
5 14 16 17:21:10 5 4 2
1 5 14:31:6 20 5
1 7 14 15 16 19:47:3 16 5 7 4 12
2 3 6 13:15:2 1 9 3
2 10 19:20:2 6 12
3 4 5 14:20:1 4 10 5
5 11 15 18:27:10 1 7 9
1 5 10 14 15 19:60:6 20 3 5 14 12
1 5 14:21:6 10 5
4 7 14:17:4 8 5
1 5 14:21:6 10 5
5 16:14:10 4
4 5 14:19:4 10 5
1 7 14:16:3 8 5
2 3 5 13:16:2 1 10 3
1 5 14:21:6 10 5
1 2 12:6:3 2 1
4 7 10 18:24:4 8 3 9
2 3 16:7:2 1 4
4 7 17:14:4 8 2
1 5 14:18:3 10 5
2 6 13:14:2 9 3
2 8 14 15 19:38:2 6 10 14 6
2 6 13:14:2 9 3
2 5 13:15:2 10 3
1 5 14:18:3 10 5
2 6 10 13:28:4 18 3 3
1 5 14:21:6 10 5
2 10 12:6:2 3 1
5 12 15:18:10 1 7
4 7 14:17:4 8 5
2 6 13 15 19:27:2 9 3 7 6
1 12 19:10:3 1 6
1 8 14:14:3 6 5
16 17 20:9:4 2 3
1 6 14 16 19:27:3 9 5 4 6
2 6 13:14:2 9 3
1 5 14:18:3 10 5
1 5 14:21:6 10 5
1 5 14:18:3 10 5
1 5 9 13 15 19:44:3 20 5 3 7 6
1 2 16:13:3 2 8
3 4 5 14:20:1 4 10 5
4 7 14:17:4 8 5
1 2 6 14:27:6 2 9 10
1 4 6 14 16 19:31:3 4 9 5 4 6
2 11 19:15:2 1 12
1 12 16:8:3 1 4
4 7 14:21:8 8 5
1 3 5 14:19:3 1 10 5
1 5 14:18:3 10 5
2 6 13:18:6 9 3
1 7 13 14 16 19:37:3 16 3 5 4 6
4 5 14 15 19:42:8 10 5 7 12
2 9:7:2 5
1 3 7 14:17:3 1 8 5
1 5 14:31:6 20 5
2 8 14 15 19:33:2 6 5 14 6
3 4 7 14:18:1 4 8 5
1 5 14 15 19:41:6 10 5 14 6
1 5 14:21:6 10 5
5 14:15:10 5
2 6 11 13 15 19:31:2 9 1 6 7 6
1 8 14:14:3 6 5
1 7 14:16:3 8 5
4 13 15:21:4 3 14
1 8 14:14:3 6 5
1 5 14:18:3 10 5
1 5 14:18:3 10 5
2 5 13:15:2 10 3
1 5 14:18:3 10 5
1 5 14:31:6 20 5
3 5 20:14:1 10 3
8 15 18:22:6 7 9
2 5 13:15:2 10 3
3 4 5 14:20:1 4 10 5
1 8:9:3 6
1 5 14:34:9 20 5
2 5 13:15:2 10 3
1 5 14 15 19:34:6 10 5 7 6
11 14 19:12:1 5 6
2 10:5:2 3
2 6 13:14:2 9 3
1 5 14:18:3 10 5
4 7 14:17:4 8 5
1 8 14:14:3 6 5
7 11 15 18:32:8 1 14 9
1 8:9:3 6
4 7 14:17:4 8 5
2 5 13:15:2 10 3
2 6 13:14:2 9 3
2 5 13:15:2 10 3
2 5 13:15:2 10 3
1 5 14:21:6 10 5
2 3 5 13:16:2 1 10 3
1 3 8 14:15:3 1 6 5
2 6 13:14:2 9 3
2 6 13:18:6 9 3
2 6 13:14:2 9 3
3 11:3:2 1
1 6 14 16 19:27:3 9 5 4 6
1 3 8 14:15:3 1 6 5
1 5 14:18:3 10 5
1 5 13 15 19:29:3 10 3 7 6
1 5 14:21:6 10 5
4 7 14:17:4 8 5
1 5 9 14:36:6 20 5 5
9 10:13:10 3
4 5 14:24:4 10 10
4 5 12 14 15 19:43:4 20 1 5 7 6
5 8 10 15:29:10 6 6 7
2 3 6 13:15:2 1 9 3
4 7 13 14 15 19:41:4 16 3 5 7 6
1 5 14 15 19:37:9 10 5 7 6
8 20:9:6 3
2 6 13:14:2 9 3
1 3 8 14:15:3 1 6 5
2 8 14 15 19:38:2 12 5 7 12
1 3 5 14 15 19:38:3 1 10 5 7 12
1 5 14:21:6 10 5
1 2 5 14:23:6 2 10 5
1 5 14:21:6 10 5
2 6 13:14:2 9 3
1 3 8 14:15:3 1 6 5
2 6 13 15:21:2 9 3 7
4 5 14:19:4 10 5
1 3 7 14:17:3 1 8 5
1 3 5 14:22:6 1 10 5
1 8 14:14:3 6 5
8 15:13:6 7
1 5 14:31:6 20 5
4 7 14:17:4 8 5
1 6 14:25:6 9 10
3 4 5 14:20:1 4 10 5
10 13 20:9:3 3 3
10 16:11:3 8
7 20:11:8 3
2 6 13 15 19:27:2 9 3 7 6
1 5 14:18:3 10 5
1 7 14:16:3 8 5
1 6 14 16 19:27:3 9 5 4 6
1 12 13 19:13:3 1 3 6
1 8 14:14:3 6 5
4 7 14:17:4 8 5
9 12 20:9:5 1 3
1 8 14:14:3 6 5
1 7 14:16:3 8 5
8 17:8:6 2
1 5 14:21:6 10 5
2 5 13:15:2 10 3
7 12 20:12:8 1 3
2 6 13:14:2 9 3
1 8 14:14:3 6 5
6 19:15:9 6
4 5 12 14:34:8 20 1 5
1 8 14 18:23:3 6 5 9
1 7 14 16 19:26:3 8 5 4 6
4 5 10 14 15 19:35:4 10 3 5 7 6
4 7 14:17:4 8 5
4 5 14:19:4 10 5
1 5 14:26:6 10 10
1 15 16:14:3 7 4
2 5 13:15:2 10 3
1 5 14:21:6 10 5
4 7 14:17:4 8 5
1 3 5 14:19:3 1 10 5
4 7 14:17:4 8 5
1 7 8 14 16 19:32:3 8 6 5 4 6
4 7 17 20:17:4 8 2 3
2 3 6 13:15:2 1 9 3
1 6:12:3 9
1 5 14:21:6 10 5
7 10 11:12:8 3 1
2 3 6 13:15:2 1 9 3
4 7 14:17:4 8 5
1 7 14:16:3 8 5
2 5 13:15:2 10 3
2 5 13:27:4 20 3
1 3 17:9:6 1 2
5 18:29:20 9
1 3 5 14:19:3 1 10 5
5 6 15:26:10 9 7
1 6 14:34:6 18 10
2 3 5 13:16:2 1 10 3
1 7 14 16:23:6 8 5 4
2 8 17:10:2 6 2
1 8 10 17:14:3 6 3 2
1 3 7 14:17:3 1 8 5
6 10 12 15:20:9 3 1 7
3 4 5 14:20:1 4 10 5
1 9 20:11:3 5 3
1 4 5 14:33:9 4 10 10
4 7 14:17:4 8 5
1 7 14:16:3 8 5
1 7 14 20:19:3 8 5 3
2 3 6 13:15:2 1 9 3
3 5 10:14:1 10 3
2 6 13:14:2 9 3
1 3 7 14 16 19:27:3 1 8 5 4 6
1 7 14:16:3 8 5
1 7 14:16:3 8 5
1 3 6 14 16 19:35:6 1 9 5 8 6
8 14:11:6 5
4 7 14 16:21:4 8 5 4
1 8 14:14:3 6 5
2 5 13:15:2 10 3
1 5 7 14 15 19:44:3 10 8 10 7 6
1 7 8 14:22:3 8 6 5
1 5 14 15 19:34:6 10 5 7 6
4 5 14:19:4 10 5
4 5 7 14:41:8 20 8 5
3 15:8:1 7
2 6 13:16:4 9 3
1 7 14:16:3 8 5
6 12:10:9 1
4 5 14:19:4 10 5
1 3 7 14:17:3 1 8 5
4 5 14:19:4 10 5
1 11:5:3 2
4 7 14:17:4 8 5
1 5 14:18:3 10 5
2 5 13:15:2 10 3
5 6 7:35:10 9 16
2 6 13:23:2 18 3
2 6 13:18:6 9 3
4 5 14 15 16 19:41:4 10 10 7 4 6
2 6 13:23:2 18 3
2 6 13:14:2 9 3
2 6 13:14:2 9 3
1 5 14:18:3 10 5
16 17 19:12:4 2 6
1 5 14 15 19:31:3 10 5 7 6
3 13 20:7:1 3 3
4 14:9:4 5
7 10 13:14:8 3 3
2 6 13:14:2 9 3
1 2 14 17:17:3 2 10 2
4 9 14:14:4 5 5
1 8 14:14:3 6 5
3 17:3:1 2
1 3 8 14:15:3 1 6 5
2 6 13 15 19:27:2 9 3 7 6
1 5 8 14 15 19:59:9 20 6 5 7 12
1 8 14:14:3 6 5
1 3 5 14:22:6 1 10 5
1 2 3 4:10:3 2 1 4
14 17:7:5 2
1 4 5 14:22:3 4 10 5
2 11:3:2 1
2 6 13:16:4 9 3
14 17 18:16:5 2 9
2 5 13:15:2 10 3
1 5 14:18:3 10 5
1 8 14:14:3 6 5
8 12 15:14:6 1 7
3 4 5 14:20:1 4 10 5
5 9:15:10 5
14 15:12:5 7
1 5 14:18:3 10 5
1 3 8 14:15:3 1 6 5
