7 12:10:8 2
3 16:6:2 4
2 5 7 10 16 17:57:6 20 8 9 8 6
7 10 13 15 16 19:67:8 6 9 14 12 18
1 2 4 5 8 14 17 20:63:3 2 4 20 18 5 2 9
3 5 7 8 10 17 19:67:1 30 8 6 6 4 12
11 16:14:2 12
7 8 11:44:24 18 2
1 2 7 11 13 17:33:3 2 16 1 9 2
2 8 13 17:25:6 6 9 4
2 4 12 18:29:2 8 1 18
1 16 19:29:3 8 18
1 2 3 4 7 10 12:49:3 2 1 12 24 6 1
3 4 8:23:3 8 12
2 3 10 12:17:6 2 6 3
4 6 17 18 19 20:84:4 27 2 27 18 6
3 12 16 20:27:3 3 12 9
6 15:30:9 21
1 5 6 7 10 11 14 19:95:6 20 27 16 9 1 10 6
8 16:22:18 4
13 15 18:51:3 21 27
5 6:48:30 18
3 8:8:2 6
1 10:12:9 3
9 10 15 16:35:10 3 14 8
7 8 9 10 13 15 17:76:24 12 15 6 6 7 6
4 13:11:8 3
1 4 7 9 18:77:9 12 24 5 27
3 6 8 9 14 18:88:3 27 6 15 10 27
5 18 19:59:20 27 12
2 4 9 15:44:4 4 15 21
1 13 16 17 19:30:9 9 4 2 6
2 4 17:14:6 4 4
12 13 15 17:28:3 9 14 2
1 3 19:30:9 3 18
2 7 11 14 15 16 17:57:4 16 1 15 7 12 2
1 2 4 8 9 10:46:6 4 4 18 5 9
1 6 7 10 11 13 14 18:85:3 27 24 3 3 6 10 9
5 14 17:26:10 10 6
4 7 20:19:8 8 3
1 6 9 11 14:50:6 18 10 1 15
3 6 13:27:3 18 6
1 5 6 7 8 9 10 13:94:6 10 9 24 18 15 6 6
7 10:27:24 3
7 11 13 15 17 18:85:24 3 6 21 4 27
5 9 11 17 18 19 20:88:30 15 3 4 18 12 6
8 20:27:18 9
9 12 13 14 17 18 19:56:15 2 3 10 2 18 6
7 8 11 20:34:24 6 1 3
4 5 9 13 15 19 20:73:4 10 5 9 21 18 6
10 14 18 19:55:6 10 27 12
4 5 11 14 20:34:4 20 2 5 3
6 7 8 11 16 17 19 20:88:9 24 18 3 8 2 18 6
4 8 14 15 17:31:4 6 10 7 4
12 17 20:13:2 2 9
6 12:11:9 2
3 6 9 10 15 16 19 20:84:3 27 5 3 14 8 18 6
5 8 13 19 20:34:10 6 3 12 3
1 3 6 9 13 16:60:6 2 27 10 3 12
1 2 5 7 14 17 18 19:81:3 6 20 16 10 2 18 6
5 7 8 12 16 18 19 20:96:30 16 6 3 8 18 6 9
1 2 6 11 16:35:9 2 18 2 4
4 8 10 15 17:62:12 18 9 21 2
3 4 19 20:27:1 8 12 6
1 3 9:16:9 2 5
4 8 10 13 14 15 16 18:71:4 18 9 6 5 7 4 18
3 5 11 17 18:45:1 10 1 6 27
1 2 3 5 9 11 19 20:51:3 4 1 10 15 3 6 9
2 4:8:4 4
4 7 11 19:35:12 8 3 12
3 7 14 17 18:56:1 16 10 2 27
7 11:17:16 1
1 6 8 9 11 18:81:6 27 12 15 3 18
1 6 7 14 15 16 18 20:86:9 18 24 5 14 4 9 3
5 10 18:40:10 3 27
1 2 6 8 10 13 16:45:3 4 9 6 9 6 8
4 7:12:4 8
1 4 5 8 18:80:9 8 30 6 27
2 5 15 16 17 18 20:53:4 20 7 8 2 9 3
9 13 16 17 20:27:5 3 4 6 9
1 2 4 5 10 12 14 19:78:9 4 12 20 3 2 10 18
4 6 11:41:12 27 2
3 5 6 7 10 12 17:71:2 10 27 16 9 3 4
1 4 5 6 7 8 19 20:77:3 4 20 18 8 6 12 6
11 17:6:2 4
6 8 11 13 16 17:33:9 6 1 9 4 4
5 6 9 11 12 15 20:77:20 27 10 2 1 14 3
3 5 9 12 13 20:36:1 10 10 3 9 3
2 3 8 10 14 19:48:6 2 12 6 10 12
9 20:21:15 6
10 14 16 17:23:6 5 8 4
6 8 9 17 18 19:70:18 6 5 2 27 12
5 6 7 14 18:88:20 27 8 15 18
2 18:11:2 9
1 2 5 8:31:3 6 10 12
2 5:24:4 20
7 11 18:38:8 3 27
2 5 6 9 11 12 14 15:86:2 20 9 15 2 2 15 21
1 7 8 13 15 19:74:3 24 12 9 14 12
1 8 9 12 13:31:3 6 15 1 6
7 8 9 11 12 15 17 20:64:8 6 15 3 2 21 6 3
2 11:4:2 2
9 17 20:17:5 6 6
3 7 9 13:30:1 8 15 6
8 11 16:20:6 2 12
1 2 5 6 12 13 15 18:78:6 4 10 18 3 3 7 27
6 7 12 13 16 17 18 20:95:18 24 3 6 8 6 27 3
2 12 14 18 20:29:2 1 5 18 3
3 8 9 13 14 15 19:57:3 6 10 3 15 14 6
1 4 6 9 11 15 18:63:3 4 27 10 3 7 9
3 9 13 14 19:33:1 5 6 15 6
4 8 11 12 13 16 17:47:8 12 2 3 6 12 4
2 6 9 20:28:2 18 5 3
3 6 14 18:52:1 27 15 9
3 4 6 14 20:47:1 4 18 15 9
1 2 3 7 9 12 15:69:9 4 1 16 15 3 21
1 3 4 6 8 10 11 18:65:3 1 12 9 12 9 1 18
4 5:18:8 10
6 10 13 15 17 18 20:56:18 9 6 7 4 9 3
1 3 5 10 11 17:34:9 3 10 3 3 6
4 7 10 12:32:4 24 3 1
7 11 20:32:24 2 6
5 12 13 16:27:10 3 6 8
8 16 17:24:6 12 6
1 2 3 9 12 13 14:41:6 4 3 5 2 6 15
3 9 14:12:2 5 5
4 5 14 15 18 20:83:12 30 5 21 9 6
2 5 9 10 12 15 17 19:82:6 10 15 9 1 21 2 18
4 9:18:8 10
4 9 14 19:30:4 5 15 6
6 8 10 15 16 19 20:77:18 18 3 14 12 6 6
4 13:14:8 6
2 3 6 7 12 13 16 19:74:4 1 9 24 3 3 12 18
4 5 6 9 16 18:81:8 20 27 5 12 9
1 2 3 6 9 10 16 18:63:3 2 2 9 10 6 4 27
3 6 10 15:44:1 27 9 7
3 5 9 10 18 19:51:2 10 15 9 9 6
5 16 17:38:20 12 6
1 7 8 12 14 16 19:87:9 24 18 1 15 8 12
14 16:14:10 4
1 2 4 12 14 16:34:9 4 4 3 10 4
4 11 12 14 17 20:24:4 2 1 10 4 3
3 8 12 16 18:39:2 18 2 8 9
2 8 9 11 13 18 20:59:4 18 10 3 9 9 6
2 6 8:25:4 9 12
2 3 6 15:28:4 1 9 14
1 4 8 15 16 20:38:3 4 6 7 12 6
17 19:8:2 6
1 2 7 12 13 16 19:50:9 6 8 1 6 8 12
2 6 8 9 11 14:39:6 9 6 5 3 10
6 11 15 16 18 19:85:18 1 21 12 27 6
1 5 7 10:34:3 20 8 3
3 5 16 20:44:3 20 12 9
8 20:18:12 6
4 7 13 16 20:38:12 16 3 4 3
2 6 7 14 15:64:4 18 16 5 21
1 3 7 13 15 17 18 19:75:9 1 8 6 21 6 18 6
5 13 15:34:10 3 21
2 4 5 16 20:53:6 4 30 4 9
1 20:9:3 6
1 7 10 11 13 15 17 19:82:6 16 9 2 6 21 4 18
7 8 12 13:42:24 12 3 3
1 3 6 8 12 15 18 19:104:9 2 27 6 1 14 27 18
2 4 10 12 16 17:25:4 4 6 1 8 2
3 6 7 8 10 15 18 20:101:2 27 16 6 3 14 27 6
1 2 5 8 10 16:56:9 4 30 6 3 4
1 3 7 9 11 12 14:33:6 1 8 5 2 1 10
1 10 12:12:3 6 3
3 9 10 18 19 20:46:2 5 6 18 12 3
1 2 13 14 15 16 19:55:3 2 3 10 21 4 12
8 19:18:12 6
2 4 5 6 7 13 15 19:75:6 8 10 9 16 6 14 6
1 4 8 9:34:3 8 18 5
1 3 4 12 13 18:33:6 3 4 2 9 9
8 15 18:66:18 21 27
7 8 10 11 12 16 17:35:8 12 3 3 1 4 4
5 9 12 16 17 20:55:20 15 1 12 4 3
16 18:17:8 9
1 5:13:3 10
3 13:10:1 9
1 2:11:9 2
1 15:13:6 7
8 19:24:18 6
6 9 18 20:54:9 15 27 3
10 11:8:6 2
4 11 16 18 20:49:4 3 12 27 3
1 5 6 7 9 19 20:91:9 20 18 8 15 18 3
1 2 3 8 12 14 18 20:58:9 6 1 12 1 5 18 6
1 12 17:12:9 1 2
2 3 17:8:2 2 4
1 8 11 12 17 18 19:56:9 18 1 2 2 18 6
2 4 8 10 12 16 17 19:70:2 12 18 9 1 8 2 18
13 16:7:3 4
13 20:12:9 3
2 3 8 9 13 14 20:58:4 3 6 15 9 15 6
4 5 8 11:42:4 30 6 2
6 14 18:46:18 10 18
3 4 7 14 20:44:2 4 24 5 9
3 7 9 12 14 16 18 19:61:1 8 15 3 5 8 9 12
8 15:19:12 7
1 6 15:29:6 9 14
2 4 16 18:38:4 8 8 18
1 2 7 10 11 15 19:57:3 6 16 3 2 21 6
14 15:22:15 7
1 4 6 8 13 15 17 20:67:6 4 18 6 9 14 4 6
5 9 11 14 17 19 20:68:20 15 2 15 4 6 6
5 6 8 9 16 17:98:30 27 12 15 12 2
1 2 3 4 10 13 17:43:9 4 2 4 9 9 6
2 8 16 17 19:40:4 18 4 2 12
1 2 4 8 10 11 15 20:55:6 4 12 12 6 2 7 6
4 12:11:8 3
4 5 6 9:65:8 20 27 10
3 7 14 15 17 20:50:2 24 5 14 2 3
1 9 14:34:9 10 15
10 13:12:9 3
1 5 6 11 16 17 18:71:6 10 9 1 12 6 27
2 4 6 8 10 11 13 16:58:4 4 18 18 6 1 3 4
1 3 9 11 12 14 15 20:53:6 1 15 1 2 15 7 6
1 4 6 9 14 16 17 19:60:6 4 9 5 10 8 6 12
3 9 12 15 16 17 19:53:3 15 1 14 4 4 12
4 5 6 12 13 14 15 18:78:8 10 9 1 3 15 14 18
16 17 20:19:12 4 3
2 8:14:2 12
2 3 5 10 13 14 16 19:80:6 2 30 9 3 10 8 12
2 9 16 18 19:74:6 15 8 27 18
6 7 13 14 15:68:18 8 6 15 21
5 6 9 13 16 17 20:59:30 9 5 3 4 2 6
1 17:7:3 4
7 17:14:8 6
7 11 12 14 15 18 19:74:24 2 2 15 7 18 6
7 13:25:16 9
5 10 14 17:42:20 3 15 4
2 3 9:14:6 3 5
1 3 5 10 11 15 17:48:9 2 20 3 3 7 4
1 8 12 14 16 17 19:49:9 6 1 5 8 2 18
2 5 7 15 16 17:81:4 30 16 21 4 6
11 13 17:7:2 3 2
1 11 20:8:3 2 3
5 7 11 12 14 18 19 20:94:30 16 2 2 5 18 18 3
7 14 18 20:55:24 10 18 3
1 5 9 16:42:3 30 5 4
3 5 16:25:3 10 12
3 7 9 10 11 15 16 18:93:3 24 15 6 3 21 12 9
1 3 5 6 14 15 20:71:9 2 10 27 10 7 6
2 4 7 11 16 17 19 20:58:2 12 16 2 8 6 6 6
3 4 7 9 14 15:66:3 12 24 10 10 7
3 11 12 14 18:17:1 1 1 5 9
1 8 15 19 20:65:6 18 14 18 9
1 5 8 9 16 20:45:9 10 6 5 12 3
5 11:33:30 3
5 7 19:36:10 8 18
2 3 7 9 17 18 19 20:92:4 2 24 15 2 27 12 6
4 8 9 13:44:8 18 15 3
2 5 9 11 12 13 18 20:77:4 30 15 3 1 6 9 9
8 12 17:15:12 1 2
10 17 19:25:9 4 12
3 5 8 14:50:3 20 12 15
2 3 9 11 13 17 18 20:44:4 2 10 3 3 4 9 9
6 8 9 10 16:52:27 6 5 6 8
1 8 9 15:50:6 18 5 21
10 17 20:18:6 6 6
6 13 17 18 19:66:27 3 6 18 12
1 3 7 14 15:46:9 2 16 5 14
6 10 13:36:27 6 3
2 10:13:4 9
2 4 6 7 10 11 13 17:68:6 12 18 16 6 1 3 6
1 3 4 10 11 14:33:6 1 12 6 3 5
1 3 10 11 12 15 16 17:43:3 1 9 3 1 14 8 4
7 10 12 15 18:43:16 3 1 14 9
1 3 6 9 10 11 17:46:6 2 18 10 3 1 6
7 10 11 16 18:42:24 3 2 4 9
9 14 18:34:15 10 9
1 5 8 12 14 15 16 19:92:3 20 18 2 5 14 12 18
3 6 8 13:36:3 9 18 6
3 10 17 18 19:52:3 6 4 27 12
2 15:13:6 7
1 8 15 16 18 19:57:6 18 14 4 9 6
1 5 7 11 12 15 16:46:9 10 8 1 3 7 8
3 8 14 17 18:48:1 18 5 6 18
2 3 13:6:2 1 3
4 9:27:12 15
1 5 13 15 17 19:65:9 30 3 7 4 12
2 4 5 8 9 10 14 15:114:2 12 30 18 10 6 15 21
16 17 18:30:8 4 18
1 4 7 8:36:6 8 16 6
2 4 15:39:6 12 21
3 8 17:21:1 18 2
1 3 5 7 11 12 16 20:87:6 3 30 24 2 1 12 9
5 8 11 16:37:10 12 3 12
5 7 10 11 17 19:37:10 8 9 2 2 6
1 4 5 9 12 14 15 17:81:6 4 30 10 1 5 21 4
18 20:30:27 3
1 15 16 18:41:6 14 12 9
1 3 4 9 11 13 14 20:50:9 1 8 5 3 6 15 3
2 5 8 12 14 17 20:66:4 30 6 2 15 6 3
7 10:22:16 6
7 8 15:50:24 12 14
1 2 4 11 12 14 16 19:51:6 6 8 3 2 10 4 12
4 8 9 12 13 16 20:59:12 18 10 3 9 4 3
3 7 11 17 18:41:3 16 2 2 18
6 7 12 19 20:47:27 8 3 6 3
12 13:7:1 6
8 11:7:6 1
6 19:27:9 18
2 3 5 10 14 17 18 19:58:6 2 10 6 15 4 9 6
3 20:6:3 3
5 6 8 13 16:53:10 18 12 9 4
3 9 13 18 20:40:3 10 9 9 9
2 5 8 10 13 14 15 18:100:2 20 6 3 6 15 21 27
3 7 8 15 16 17 18 19:73:2 16 12 14 8 6 9 6
1 2 6 10 11:54:9 6 27 9 3
2 5 6 8 9 14 19:49:2 10 9 12 5 5 6
1 2 3 4 12 15 20:36:9 4 3 4 3 7 6
10 20:6:3 3
2 3 6 9 10 13 18:70:2 2 9 15 6 9 27
3 4 7 8 9 10 15 18:105:3 12 24 12 15 9 21 9
2 3 4 5 16 18:71:4 3 4 30 12 18
6 10 17 19:36:9 9 6 12
9 10 14 16 18:36:5 9 5 8 9
3 4 5 12 16:29:1 4 10 2 12
3 6 7 12 13 20:67:2 27 24 2 6 6
1 8 18 20:24:6 6 9 3
3 10 11 20:23:3 9 2 9
1 5 6 7 13 19 20:88:3 30 18 16 9 6 6
12 18 19:26:2 18 6
4 13 17:19:4 9 6
2 4 6 8 10 16 17:54:6 8 9 6 9 12 4
4 8 12 13 14 15 20:60:8 18 2 3 5 21 3
1 6 15 16 19:56:6 9 21 8 12
3 10 11 12 14 15 16 17:42:3 3 2 1 5 14 8 6
1 6:36:9 27
4 6 8 17:29:4 9 12 4
2 4 7 9 10 18 19 20:87:2 4 24 15 9 9 18 6
14 19:23:5 18
4 6 8 9 16 20:67:12 18 12 15 4 6
2 3 4 5 7 8 10 15:96:2 1 4 30 24 12 9 14
3 5 9 11 12 15 16 19:53:3 20 5 2 2 7 8 6
1 4 6 9 12 17 18 19:74:3 12 18 5 1 2 27 6
2 14 16 17 19:37:6 5 12 2 12
5 8 10 12 15 17 18:87:10 12 9 2 21 6 27
9 17:9:5 4
5 7 13 14 15 17 19 20:109:30 24 9 5 21 2 12 6
2 4:14:2 12
3 5 8 10 12 13 16 17:59:2 20 12 6 3 6 8 2
5 11 12 13 14:27:10 3 1 3 10
7 19:20:8 12
2 6 7 8 13 16 17 18:103:4 27 24 6 9 4 2 27
1 2 9 11 16 18:43:9 2 5 1 8 18
1 3 6 10 15 16 18:71:9 1 9 3 14 8 27
8 9 14 15 17 18 19:85:12 5 5 21 6 18 18
3 7:19:3 16
6 9 13 15 16 18:71:18 10 3 14 8 18
3 6 17:14:1 9 4
2 8 10 13 14 15 16:76:6 18 9 9 15 7 12
6 11 16:14:9 1 4
8 15 19:57:18 21 18
11 14:18:3 15
2 12 14 15 16:47:2 1 15 21 8
5 8:22:10 12
7 12:27:24 3
2 14 19:35:2 15 18
1 6 16 19:46:9 27 4 6
6 16 17:28:18 4 6
4 7 9 11 18:46:4 8 15 1 18
9 18:14:5 9
1 5 7 13 17 19:50:6 10 16 6 6 6
2 3 4 5 8 9:61:2 2 4 20 18 15
9 10 14 18 20:55:15 6 10 18 6
2 3 4 7 14 16:39:6 3 4 8 10 8
2 7 9 10 11 15 18 19:104:4 24 15 9 1 21 18 12
3 6 9 10 11 18:65:1 27 15 3 1 18
3 8 9 11 18:46:3 12 10 3 18
13 17:15:9 6
2 5 7 11 12:54:4 30 16 3 1
2 11:9:6 3
2 7:30:6 24
10 14:16:6 10
8 9 11 13 17:40:18 10 2 6 4
1 2 8 16 17 18 20:73:9 6 18 4 6 27 3
10 13:12:6 6
10 13 20:24:9 6 9
3 18:11:2 9
3 4 7 11 13 14 15 18:70:1 12 8 2 3 10 7 27
2 5 9 13 14:68:4 30 15 9 10
9 12 16 17:26:15 3 4 4
15 16 18:47:21 8 18
1 3 7 11 12 14 18 20:69:6 2 16 3 3 15 18 6
2 5 12 13 15 20:33:6 10 1 3 7 6
4 8 10 12 13 17:54:12 18 9 3 6 6
6 9 10 16 19:59:18 15 6 8 12
5 9 16 17:55:30 15 8 2
12 18:29:2 27
2 6 7 10 13:47:4 18 16 3 6
1 2 3 7 8 12 17:47:3 6 3 16 12 1 6
1 2 4 7 9 11 13 17:43:9 6 4 8 10 1 3 2
5 6 10 15 18 20:68:10 18 6 7 18 9
1 2 5 7 12 18 20:56:3 2 20 8 2 18 3
1 3 7 9 20:42:9 3 16 5 9
8 15 18 20:60:12 21 18 9
9 15:17:10 7
2 7 9 16 20:47:6 24 10 4 3
7 14:34:24 10
9 10 13 19 20:49:10 9 9 12 9
2 4 10 13 14 17 18 20:73:2 4 6 9 15 4 27 6
1 6 8 10 11:32:6 9 6 9 2
6 16:30:18 12
2 7 8 10 15 19 20:65:2 8 12 9 7 18 9
6 9 15 16 20:78:27 15 21 12 3
8 15:20:6 14
3 4 7 12 15 20:45:1 4 24 3 7 6
1 8 9 14:42:9 18 5 10
6 7 13 14 18:58:27 8 9 5 9
1 3 8 13 15 17 18:58:3 3 6 3 21 4 18
6 11:30:27 3
2 3 4 9 12 14 17 18:42:2 1 8 5 3 10 4 9
11 14 15 16 18 20:49:1 5 14 8 18 3
8 17:16:12 4
3 5 17:15:1 10 4
2 5 6 10:62:6 20 27 9
1 5 6 13 14:58:6 30 9 3 10
6 15:23:9 14
3 6 11 12:23:1 18 2 2
5 9 11 17 19:44:10 15 3 4 12
4 12 17:9:4 3 2
2 5 7 9 20:66:4 30 24 5 3
1 2 3 6 9 17 18 20:72:6 6 2 18 15 4 18 3
5 8 9 10 11 14 15:80:30 12 15 3 1 5 14
1 7 8 11 12 13:59:3 24 18 2 3 9
7 9 13 14 15:69:24 15 6 10 14
3 7 14:24:3 16 5
4 6 7 14 17:71:8 18 24 15 6
4 20:14:8 6
4 14 16:25:12 5 8
1 10 12 20:17:6 3 2 6
2 4 5 9 14 15 16 18:74:6 8 10 15 15 7 4 9
9 12 13 19:28:10 3 9 6
3 4 5 6 10 15 19:71:1 12 10 18 3 21 6
11 14 20:20:1 10 9
5 6 12 17 19:67:30 18 1 6 12
12 16:10:2 8
4 14 19:39:12 15 12
1 2 5 8 12 14 17:79:3 6 30 18 1 15 6
1 5 6 9 12 15 17 20:85:9 30 9 5 2 21 6 3
1 2 7 8 15 20:61:9 2 24 6 14 6
2 8 10 14 16:47:6 18 6 5 12
12 13 17:14:2 6 6
1 3 5 7 8 14 19:82:3 1 20 24 12 10 12
2 6 7 9 14:72:6 27 24 5 10
5 12 13 20:36:20 1 6 9
2 5 8 9 12 15 17 20:54:4 20 6 5 3 7 6 3
2 12:5:2 3
1 8 14 15:46:9 6 10 21
2 3 9 10 15 18 20:58:2 2 10 3 14 18 9
6 8 9 13 14 15:88:27 12 10 3 15 21
4 6 8 10 15 18:88:12 27 12 3 7 27
7 11 17 18 20:68:24 2 6 27 9
1 7:27:3 24
4 6 9 12 13 15 18:83:4 27 10 3 9 21 9
2 3 9 10 12 15 16 17:44:2 2 5 9 3 7 12 4
2 5 11:16:4 10 2
2 4 10 12 15 17 20:39:4 12 3 1 14 2 3
6 10 16 18 19 20:69:9 3 12 18 18 9
4 7 9 10 13 19:69:12 24 15 9 3 6
16 18:13:4 9
3 6:10:1 9
7 10 12 13 17 18 20:52:16 9 1 6 2 9 9
7 13:30:24 6
2 5 6 8 11 17:68:4 20 27 12 3 2
5 11 16 19 20:72:30 3 12 18 9
3 15 16 17 19:45:3 14 4 6 18
2 20:15:6 9
3 7 8 10 14 16:54:1 24 12 3 10 4
2 7 8:36:6 24 6
1 2 5 12 14 16 19:44:6 4 10 3 5 4 12
5 6 20:37:10 18 9
1 5 6 11 12 18 20:81:6 20 27 2 2 18 6
7 8 15 19:61:24 12 7 18
3 9 14 18 20:38:3 15 5 9 6
4 5 7 8 10 14 18 20:73:12 10 8 18 3 10 9 3
4 8:14:8 6
1 5 11 14 17 20:52:6 20 3 15 2 6
1 2 9 11 14 17:42:6 4 10 3 15 4
6 9 13 14:50:27 15 3 5
4 6 8 9 12 15 18 19:92:8 27 6 5 1 21 18 6
1 4 6 11 16 19:51:6 4 18 3 8 12
5 6 9 11 12 13 15:84:20 18 15 3 1 6 21
2 5 7 11 13 20:31:6 10 8 1 3 3
10 15 16 19 20:51:3 21 12 12 3
1 3 7 18 19:44:3 1 16 18 6
2 14 17:19:2 15 2
9 11 13 15 17:18:5 1 3 7 2
8 9 10 16 17:45:12 15 6 8 4
3 11:2:1 1
5 7 11:41:30 8 3
3 6:11:2 9
5 7 11 14 20:51:30 8 2 5 6
2 10 12 13 15:37:6 3 1 6 21
3 4 13 18:41:3 8 3 27
6 11 12 16 17 20:36:18 3 1 4 4 6
4 7 10 15 17 19:68:4 16 9 21 6 12
3 4 10 11 14 15 17:49:3 8 6 2 5 21 4
3 9 19:22:1 15 6
3 7 8 9 12 14 15 20:94:1 24 12 10 2 15 21 9
3 5 9 10 13 14 16:48:2 10 5 3 6 10 12
6 13 14 19:38:18 9 5 6
1 4 7 10 12 15 16 20:69:9 12 16 9 1 7 12 3
13 18:24:6 18
5 15:27:20 7
4 5 16 19:46:4 20 4 18
5 11 19:43:30 1 12
8 14 20:30:6 15 9
10 13:9:6 3
1 2 10 14 16:37:9 6 9 5 8
1 3 4 6 9 10 15 16:76:9 1 12 9 10 6 21 8
1 8 9 18:38:3 12 5 18
3 9 20:17:3 5 9
2 6 7 9 10 13 17 19:75:4 18 24 15 3 3 2 6
8 11 18:35:6 2 27
7 10 11 13 14:30:8 3 1 3 15
6 9 15 17:39:18 10 7 4
5 10 11:40:30 9 1
11 19:7:1 6
4 7 12 13 18 19:52:12 8 2 9 9 12
16 20:18:12 6
1 8 9 13 14 17 19 20:54:6 6 5 3 15 4 6 9
3 9 12 16 20:35:1 15 2 8 9
7 13 16:31:24 3 4
2 8 12 16 17 18 20:36:6 6 2 4 6 9 3
1 3 16:20:6 2 12
5 6 8 9 15 17 18 20:124:20 27 18 10 21 4 18 6
5 11 15 17 20:31:10 1 7 4 9
7 9 11 13:51:24 15 3 9
18 20:18:9 9
2 3 6 8 15 19:58:6 3 18 18 7 6
6 13 14 17 20:38:9 9 10 4 6
1 5 9 13 14 17 19:80:3 30 15 9 15 2 6
2 3 7 9 10 16 20:34:6 2 8 5 6 4 3
1 2 9 13 14 19:45:6 6 5 6 10 12
13 15:17:3 14
2 3 4 7 9 10 18 19:66:2 3 4 16 5 9 9 18
1 6 13:27:9 9 9
6 9 10 11 19 20:56:27 5 6 3 6 9
2 3 6 9 18 19:45:2 2 9 5 9 18
1 9 10 15 18 20:79:6 10 6 21 27 9
4 10 13 16:29:8 3 6 12
5 6 10 16 20:59:30 9 6 8 6
1 4 5 7 10 11 17:53:9 4 20 8 6 2 4
6 17:20:18 2
4 8:26:8 18
1 9 10 13 16:33:9 5 9 6 4
4 6 9 10 15 16:56:4 18 10 6 14 4
1 4 7 8 11 15 18:85:6 8 16 6 1 21 27
1 4 5 9 11 15 16:59:3 4 20 10 3 7 12
2 10 11 12 13 15 16 17:33:4 6 2 1 3 7 8 2
1 3 5 10 12 15 16 20:51:9 1 10 3 1 14 4 9
1 3 8 9 15 16 19 20:72:6 2 12 15 21 4 6 6
2 6 8 12 14:54:6 18 12 3 15
6 9 13 14:42:18 5 9 10
7 11 18:20:8 3 9
11 14:8:3 5
2 11 14 16 19 20:29:2 3 5 4 12 3
3 6:10:1 9
4 5 6 10 19 20:46:12 10 9 3 6 6
4 7:16:8 8
3 4 6 11 12 15 16:34:3 8 9 2 1 7 4
4 9 12 18 20:31:8 5 3 9 6
6 13 15 16 17 20:44:9 6 7 12 4 6
2 3 6 7 8 9 20:55:6 1 9 8 12 10 9
6 7 10 12 13:47:9 24 3 2 9
5 8 17 20:40:10 18 6 6
1 9 10 18:38:3 5 3 27
3 4 10 18 19:42:1 8 3 18 12
12 17:5:1 4
4 5 9 14:29:4 10 10 5
1 4 5 10 12 19:41:3 4 10 9 3 12
1 14 20:21:3 15 3
5 7 10 12 13 15 16 18:87:10 24 9 3 3 7 4 27
10 15:17:3 14
7 10 13 15 16 20:58:24 9 3 7 12 3
2 5 11 13 17 18:51:2 20 1 6 4 18
1 8 9 12 13:24:3 6 5 1 9
7 8 10 14 15 20:61:16 12 6 10 14 3
1 5 11 12:27:3 20 1 3
2 3 8 15 18:51:6 1 12 14 18
3 5 9 12 14 15:50:2 10 10 2 5 21
5 17:34:30 4
9 10 12 15 16:38:5 9 2 14 8
7 19:14:8 6
11 20:10:1 9
7 9:39:24 15
5 6 8 13 17:68:20 27 12 3 6
14 16:23:15 8
2 7 18:36:2 16 18
1 5 6 9 13 14 16 19:81:6 10 9 15 9 10 4 18
1 2 4 10 15 17 19:54:6 4 4 9 7 6 18
6 10:27:18 9
3 8 13 16 18:61:2 18 6 8 27
4 6 7 14 17:62:12 18 16 10 6
4 6 7 17:44:12 18 8 6
2 10 13 15 18:52:4 9 9 21 9
3 7 13 14:45:3 24 3 15
14 16 19:34:10 12 12
1 6 10 13 14 15 16 17:83:3 18 9 9 5 21 12 6
5 8 15 17:66:30 18 14 4
1 8 9 14 18:70:6 12 10 15 27
4 14 17 18 20:52:12 15 4 18 3
2 4 6 16 18:63:2 4 18 12 27
1 3 8 11 12 18:29:6 3 6 3 2 9
4 18 20:20:8 9 3
2 6 12 15 19 20:49:6 18 2 14 6 3
3 11 12 14 16 20:29:1 3 2 5 12 6
3 5 8 9 12 14 15 20:97:2 30 18 5 3 15 21 3
5 6 11:49:20 27 2
3 8 10 14 15 16 20:64:3 18 3 5 21 8 6
11 16:6:2 4
1 3 6 9 10 16:63:3 3 27 15 3 12
7 9 13 15 17 20:46:8 10 3 14 2 9
3 4 8 9 16 18:62:2 12 12 15 12 9
7 9 10 11 12 16:40:8 15 9 1 3 4
3 5 7 8 12 17 18 20:87:2 30 16 6 3 6 18 6
9 17:17:15 2
8 20:12:6 6
1 4 9 11 13 17:50:9 12 15 3 9 2
3 4 10 13 14 15 17 19:58:2 4 6 9 5 14 6 12
1 2 7 9 10 14 15 18:95:6 4 24 15 6 15 7 18
2 4:14:2 12
10 13:15:6 9
4 6 11 12 13 15:26:4 9 2 1 3 7
1 6 12:36:6 27 3
1 5 10 11:42:3 30 6 3
4 6 13 15 18 19 20:82:12 18 6 7 18 18 3
6 8 9 12 13 15 17 19:64:9 18 5 1 3 14 2 12
5 15 17:36:20 14 2
2 3 4 7 14 18:49:6 1 12 16 5 9
1 8 16 18:29:6 6 8 9
14 16:23:15 8
1 3 5 6 7 10 11 20:69:6 1 20 18 8 9 1 6
3 5 12 14 17 19 20:61:2 30 3 5 6 12 3
1 8 12 13 20:36:9 12 3 6 6
10 11 14 18 19:47:9 3 5 18 12
1 3 15 19:35:9 1 7 18
2 3 18 20:20:2 3 9 6
3 7 11 13 15 16 19 20:68:1 16 2 9 14 8 12 6
3 4 7 9 15 17:64:2 4 16 15 21 6
1 8 10 11 12 16 17:32:3 6 9 3 1 4 6
1 2 3 5 9 10 14 18:79:3 4 2 30 15 6 10 9
12 15:16:2 14
13 16:10:6 4
5 9 12 20:29:20 5 1 3
6 15:39:18 21
9 11 12 14:25:15 3 2 5
1 3 4 6 9 12 15:45:3 2 12 9 10 2 7
2 3 8 11 16 17 19:38:2 3 18 3 4 2 6
1 3 10 14 16 18 20:65:6 2 6 10 8 27 6
2 3 5 8 16:47:4 3 20 12 8
4 9 11 15 16 17:38:8 15 2 7 4 2
2 9 11 20:24:4 10 1 9
2 3 5 6 7 15:95:4 3 30 27 24 7
11 14:12:2 10
2 6 18 19 20:43:4 18 9 6 6
1 10 17 18 19 20:70:9 9 4 27 12 9
3 10 15 17 18:41:3 6 21 2 9
7 11 16:22:16 2 4
3 6 11 12:31:2 27 1 1
3 6:30:3 27
10 13 17 18 19:54:3 9 6 18 18
1 4 12 14 15 16 18 20:51:3 8 1 5 7 12 9 6
9 16 17 20:36:15 12 6 3
8 18 19:57:18 27 12
10 13 15:19:6 6 7
1 2 5 9 13 17:37:3 4 10 5 9 6
7 10 12 18 19:60:24 6 3 9 18
1 3 4 9 20:34:9 3 4 15 3
1 5 6 7 13:63:9 10 27 8 9
4 6:31:4 27
7 8 12 13 14 16 18 20:64:8 12 3 3 5 12 18 3
16 17 18:41:8 6 27
1 5 9 11 14 17 18 19:80:3 20 5 2 15 2 27 6
3 9 11 17:23:1 15 1 6
3 4 7 15 16 18:68:2 12 8 7 12 27
1 2 3 5 7 15:39:6 6 2 10 8 7
4 6 7 9 10 12 18 19:94:4 27 16 10 9 1 9 18
4 6 11 13:46:12 27 1 6
2 3 6 8 10 11 13 17:34:4 1 9 6 6 1 3 4
3 7 12 17:15:2 8 3 2
2 8 19:20:2 12 6
13 14 18:39:6 15 18
9 13 14 15:48:15 9 10 14
3 7 9 14 16 17 19 20:66:1 24 10 5 4 4 12 6
1 7 10 11 14 16 20:51:6 16 6 3 10 4 6
1 2 5 10 11 13:52:3 6 30 9 1 3
1 3 8 11 14 15 19:72:9 1 12 3 15 14 18
1 8 11 14 15 18:74:3 12 1 10 21 27
2 8 9 11 14 15 17:54:2 18 5 1 5 21 2
6 20:30:27 3
1 3 9 10 18:51:9 3 15 6 18
2 6 9 10 14 18:75:2 27 5 9 5 27
1 3 4 9 10 13 16:44:6 3 8 10 3 6 8
12 14 18 20:32:3 5 18 6
5 8 20:32:20 6 6
11 12 14 16 19:26:1 2 5 12 6
1 3 10 13 18:34:6 1 6 3 18
5 8 11 13 14 17 20:52:20 6 2 9 10 2 3
7 8:34:16 18
10 11 12:9:6 2 1
13 17:5:3 2
2 4 5 7 9 13 16 20:66:2 8 20 8 15 6 4 3
6 7 16 18:68:9 24 8 27
3 4 8 9 10 12 13 18:47:2 8 6 5 6 2 9 9
3 9 13 14 15 20:55:2 15 3 15 14 6
4 8 17:22:8 12 2
2 4 6 8 17 19:51:4 8 9 18 6 6
6 8 11 12 16:63:27 18 3 3 12
1 2 5 6 8 12 18 19:91:9 4 20 18 18 1 9 12
5 7 10:60:30 24 6
9 17 19:31:15 4 12
1 2 4 6 8 10 17 20:63:6 2 8 18 18 3 2 6
1 2 5 6 9:65:9 4 10 27 15
3 5 6 11 15 18 19:117:2 20 27 2 21 27 18
3 5 11 12 15 17 19:44:1 20 3 1 7 6 6
7 11 20:24:16 2 6
5 13:19:10 9
1 7 13:28:3 16 9
2 11 17:13:6 3 4
3 4 12 16 18:38:2 4 2 12 18
1 5 18:34:6 10 18
5 7 9 10 13 17 18 20:93:30 16 10 6 3 4 18 6
1 6 7 12 13 14 18 20:86:9 9 24 3 9 5 18 9
5 8 9 10 17 18 19:78:10 12 5 9 6 18 18
4 8 9 11 14 16 17:38:8 12 5 2 5 4 2
3 11:3:1 2
7 16 18 19:65:8 12 27 18
5 11 15 20:59:30 2 21 6
8 16 18 20:49:18 4 18 9
5 11 16:19:10 1 8
3 4:6:2 4
14 17 20:18:5 4 9
2 5 10 12 13 15 16 19:63:2 10 9 2 3 21 4 12
1 7 11 14 15 16 19:63:9 16 2 15 7 8 6
4 7 8 12 14 16:69:8 24 18 2 5 12
2 3 4 5 7 8 9 17:85:4 1 4 30 16 18 10 2
2 11 15:12:4 1 7
5 10 15 18 20:70:10 9 21 27 3
11 20:9:3 6
6 16 17:32:18 12 2
5 7 13:52:30 16 6
17 18:31:4 27
13 14:13:3 10
1 3 4 9 10 15 16 19:77:9 1 12 15 9 21 4 6
2 3 4 8 10 11 12:28:2 3 8 6 6 2 1
2 12 19:19:6 1 12
1 8 17 20:25:6 12 4 3
6 9 10 13:42:18 15 3 6
2 5 8 9 12 15 17:69:4 30 18 5 1 7 4
2 3 6 8 16 19 20:60:6 2 18 18 4 6 6
1 13:15:9 6
2 7 14 15 18 20:91:6 16 15 21 27 6
10 19:21:9 12
5 7 9 11 12 15 16 18:73:20 24 5 3 1 7 4 9
2 16:18:6 12
2 17:8:2 6
1 2 4 5 6 11 15 19:88:6 4 12 20 18 3 7 18
7 11 12 13 17 20:42:16 3 2 9 6 6
5 6 11 15 17 19:68:20 18 3 7 2 18
2 8 10 20:36:6 18 3 9
1 5 8 10 15 17 18:84:3 20 12 6 14 2 27
2 6 7 12 14 16 17:57:2 9 16 3 15 8 4
2 3 8 13:27:4 2 12 9
2 15 16:26:4 14 8
2 3 6:13:2 2 9
5 6 8 9 11 14 16 18:106:20 27 6 15 1 15 4 18
5 6 12 13 15 18:77:10 27 3 3 7 27
3 5 7 9 16 19:72:1 30 16 5 8 12
5 9 12:17:10 5 2
3 6 9 10 12 13 14:54:2 27 5 6 1 3 10
1 3 5 9 11 12 16 17:67:9 2 30 15 1 2 4 4
9 10 14 18:60:15 3 15 27
4 9 11 12 14 15 18:81:12 10 2 3 15 21 18
1 13 16:23:9 6 8
7 13:27:24 3
8 11 12 14 16:22:6 1 1 10 4
2 5 11 15 19:38:4 20 1 7 6
2 7 9 10 17 18 19 20:75:2 8 15 3 2 27 12 6
1 6 12:32:3 27 2
2 4 5 6 10 11 15 18:95:2 12 20 27 6 3 7 18
1 6 9 12 15 16 18:68:3 9 10 2 14 12 18
3 8 17:20:2 12 6
1 5:39:9 30
6 8:21:9 12
5 8 12 13:41:20 12 3 6
11 15:22:1 21
8 9 13 16:24:12 5 3 4
4 6 9 11 12 13 16 18:97:8 27 15 3 2 3 12 27
3 4 10 17 19:38:3 8 9 6 12
1 18:12:3 9
2 6 10 11 16 18:47:4 9 6 2 8 18
4 11 12 15 16:30:12 1 2 7 8
6 13 14 18:54:18 3 15 18
14 16:17:5 12
7 8 17:32:24 6 2
3 5 7 9 10 11 16 18:90:3 20 24 15 6 1 12 9
11 13 14 18 19 20:39:1 3 5 9 12 9
3 9 10 13 15 17 18 19:87:2 10 9 9 14 4 27 12
1 2:15:9 6
8 9 11 14 17:43:6 15 1 15 6
1 11 13 15 16 19:49:3 3 6 21 4 12
1 3 7 8 11 14 16 18:65:6 1 16 18 2 5 8 9
8 9 13 20:26:12 5 6 3
1 5 7 8 9:75:9 30 8 18 10
2 4 8 10 11 17 18:56:4 8 12 9 3 2 18
9 10 13 14 15 16 19 20:73:10 9 3 10 21 8 6 6
1 5 6 8 15 18 19 20:110:3 10 27 12 7 27 18 6
4 5 6:47:8 30 9
1 2 19:29:9 2 18
12 13 14 15:46:1 9 15 21
1 6 9 18 20:54:3 9 15 18 9
3 13 15 19:24:2 9 7 6
6 13:27:18 9
3 4 5 7 10 12 16 18:84:3 4 20 24 9 2 4 18
1 2 10 13 17 18:46:9 4 9 9 6 9
4 5:18:8 10
8 9 10 11 12 15 19 20:55:12 10 6 1 3 14 6 3
1 4 14 16 19:36:6 4 10 4 12
1 3 6 7 8 10 11 18:71:6 1 9 24 12 9 1 9
5 6 7 13 15:83:20 27 16 6 14
1 4 7 8 13 18 19:84:3 8 16 6 6 27 18
1 3 5 8 11 18:72:3 1 30 18 2 18
5 12 13 14 20:46:20 3 9 5 9
1 7 14 16 18:69:9 24 10 8 18
1 3 5 11 17 18 19 20:87:6 3 30 1 2 18 18 9
3 8 11 14 15 17:62:3 18 1 15 21 4
10 11:9:6 3
3 7 9 16:49:2 24 15 8
4 9 10 13 14 19:69:12 15 6 9 15 12
2 6 7 11 14 16 20:45:4 9 8 1 10 4 9
1 6 9 12 15 16 17 20:73:3 18 15 2 14 12 6 3
1 3 4 9 15 16 17 18:69:9 3 12 15 7 8 6 9
1 5 11 13 16 19:67:9 20 3 9 8 18
2 4 5 10 13 17 18:66:6 8 20 6 6 2 18
9 10:13:10 3
8 9:16:6 10
7 8 11:23:16 6 1
1 2 3 4 6 12 20:47:6 2 3 4 27 2 3
2 3 9 12 14 16 17:48:6 3 15 2 10 8 4
4 5 10 17:25:4 10 9 2
5 6 12 13 16:65:30 18 3 6 8
1 11:12:9 3
4 8 17:22:12 6 4
1 2 3 11 14 15 16 20:60:6 2 1 1 15 21 8 6
1 3 9 10 12 15 18 19:44:3 2 5 3 2 14 9 6
1 20:12:3 9
7 8 9 16 17 18:80:16 18 10 12 6 18
3 11 15 16 18 20:45:1 2 7 8 18 9
10 12 13 14 19:34:3 3 6 10 12
7 16:16:8 8
4 6 14 20:34:4 9 15 6
1 8 12 16:27:6 12 1 8
1 3 6 9 11 12 20:59:9 3 18 15 2 3 9
3 9 10 11 16 19:32:1 5 9 1 4 12
14 18 19:49:10 27 12
2 6 9 14:49:2 27 10 10
3 5 12:16:3 10 3
10 11 15:11:3 1 7
2 5 8 9 12 13 19:72:6 20 12 10 3 3 18
5 13 19:41:20 3 18
5 8 9 20:51:20 18 10 3
2 11 18 19:27:4 2 9 12
4 6 9 15 16 20:58:8 18 5 14 4 9
3 6 7 11 12 15 16 20:78:3 27 16 1 3 14 8 6
1 7 9 10 12 18 19 20:83:3 24 15 3 2 9 18 9
3 4 15 20:34:2 8 21 3
5 14 19 20:24:10 5 6 3
2 4 6 9 11 12 18:76:4 4 27 10 2 2 27
9 15 16:26:15 7 4
2 3 10 18:27:4 2 3 18
8 10 12 17 18 19:38:6 6 3 2 9 12
1 6 8 12 15 20:50:9 9 6 3 14 9
6 20:12:9 3
9 10 14 18:57:15 9 15 18
1 7 9 12 14 15 20:72:3 24 10 3 5 21 6
2 5 7 10 20:55:2 30 8 6 9
2 8 9 14 17 19 20:43:2 6 5 5 4 12 9
1 2 7 10 11 13 18 19:43:3 6 8 3 2 6 9 6
4 8:26:8 18
1 10 12:12:3 6 3
1 2 3 17 20:22:6 2 2 6 6
5 9 14 16 17:35:10 10 5 4 6
4 12 17:13:4 3 6
1 6 12 13 20:33:9 9 3 3 9
6 17 18:56:27 2 27
3 4 7 11 16 17 18 19:73:2 4 24 3 8 2 18 12
3 4 5 6 11 13 18 19:99:1 12 20 27 3 3 27 6
6 7 8 11 16 20:69:18 24 6 3 12 6
1 3 9 16:22:6 3 5 8
1 4 7 11 16 17 18 19:84:3 12 24 3 12 6 18 6
2 5 6 17 18:67:6 30 9 4 18
4 6 7:37:12 9 16
5 7 8 9 10 14 15:86:30 8 6 15 3 10 14
4 8 10 13 14 16:60:4 18 6 9 15 8
2 3 7 13 14 15 17 18:64:4 3 24 6 5 7 6 9
6 7 8 11 12 15 19 20:93:27 16 18 3 1 7 12 9
7 20:22:16 6
5 7 8 11 15 19:76:20 8 6 3 21 18
4 5 14 16 18:41:4 10 10 8 9
7 9 14 19:72:24 15 15 18
5 12:21:20 1
10 12:7:6 1
7 8:42:24 18
2 3 7 11 17 20:36:6 3 16 2 6 3
2 11 14 15:41:4 1 15 21
2 19:22:4 18
4 9 11 13 15 19:43:4 10 3 6 14 6
1 3 5 8 19:63:6 3 30 18 6
3 8 9 10 17 20:31:2 6 10 6 4 3
1 13:12:3 9
1 2 8 13 18:53:3 2 18 3 27
9 10 11:16:5 9 2
3 8 10 11 13 15 19 20:47:3 12 9 1 3 7 6 6
1 4 7 10 11 16:46:3 4 24 9 2 4
1 2 4 11 13 18:32:9 6 4 1 3 9
1 3 20:14:9 2 3
6 13:18:9 9
5 10 11 12 14 18 19:85:20 6 1 3 10 27 18
2 4 7 9 11 13 16 19:50:4 8 8 10 1 3 4 12
9 11 12 15 17 18 19 20:65:5 1 1 21 4 18 6 9
3 6 10 15 19:53:1 27 6 7 12
7 10 13:36:24 3 9
3 4 8 9 18:56:3 4 12 10 27
1 5 8 10 18 19:58:3 10 6 9 18 12
3 7 9 11 14 15 19 20:79:1 16 15 3 10 7 18 9
10 11:6:3 3
2 3 6 10 17:39:6 3 18 6 6
6 8 10 15 20:47:9 12 9 14 3
8 11 16:22:12 2 8
12 17:7:1 6
4 18:13:4 9
3 10 20:15:3 9 3
3 6 7 11 14 18 20:77:3 27 16 2 5 18 6
3 4 6:32:1 4 27
17 19:10:4 6
3 5 6 9 12 16:38:1 10 9 5 1 12
5 17:36:30 6
9 16 20:30:15 12 3
7 15 16:37:8 21 8
2 4 6 12 13:27:4 8 9 3 3
1 2 5 9 15 18 19:54:3 2 10 10 14 9 6
3 4 9 12 18 20:60:1 8 15 3 27 6
1 9 10 17 20:26:3 10 3 4 6
2 3 4 6 10 12:38:4 2 12 9 9 2
2 10 12 15 16 18 19:52:4 3 1 7 4 27 6
5 11 13 15 16 20:53:10 2 9 14 12 6
7 8 10 12 14 16 19 20:61:16 6 6 3 5 4 12 9
12 15 17 18:28:1 14 4 9
2 3 10 12 16 17 18 20:56:4 3 6 3 12 4 18 6
2 5 13 14 20:45:6 20 6 10 3
1 3 4 7 9 12 13 14:58:3 2 4 24 10 2 3 10
1 3 5 9 10 13 19 20:50:3 3 10 10 3 3 12 6
4 6 7 8 9 19:85:12 9 24 18 10 12
3 7 8 16 17 20:49:1 16 12 8 6 6
2 4 7 9 11 19:44:4 8 8 10 2 12
3 5 8 11 15:71:1 30 18 1 21
1 2 5 8 9 12 19:50:3 6 10 6 10 3 12
8 12 14 17:27:12 1 10 4
6 14 20:37:18 10 9
8 20:24:18 6
4 5 6 10:50:8 30 9 3
4 10 14:33:12 6 15
3 5 6 7 12 14 18 19:88:2 30 9 8 3 15 9 12
7 13 14 15 17 20:59:16 9 5 14 6 9
2 5 6 8 13 14 15 20:107:6 20 27 18 3 10 14 9
3 5 16 20:36:1 20 12 3
5 7 14 16 17:67:30 24 5 4 4
9 12 14 20:20:5 1 5 9
3 4 6 11 12 16 17 20:51:2 12 9 2 1 12 4 9
6 10:15:9 6
1 9 10 13 14 16 17:48:6 10 3 9 10 8 2
5 10 11 12 17 19:60:30 3 2 1 6 18
7 11:25:24 1
9 13 14 17 18:32:5 9 5 4 9
7 8 13 16:39:8 18 9 4
1 8 10 17:26:9 12 3 2
2 4 13 14 15:38:4 4 6 10 14
6 10 13 19:51:27 9 3 12
4 5 8 15 20:90:12 30 18 21 9
5 10 13 14 17 20:43:10 3 9 10 2 9
1 7 8 9 12 13 14 16:75:9 16 6 15 1 9 15 4
6 17:13:9 4
3 5 8 9 10 12 15 16:84:1 30 6 15 3 3 14 12
3 14 15 18:41:1 15 7 18
5 7 8 10 11 15:73:20 16 6 9 1 21
3 9 11 16 18 20:30:3 5 3 4 9 6
2 3 7 8 10 12 14 18:71:2 3 8 12 3 1 15 27
4 6 7 11 13 14:61:4 18 16 2 6 15
4 6 8 10 19:63:12 18 18 9 6
3 7 16:25:1 16 8
5 9:20:10 10
10 11:8:6 2
1 3 10 13 15 19:44:3 3 3 9 14 12
1 20:15:6 9
10 15:13:6 7
