1
1 10
1 2
1 2 10
1 2 3
1 2 3 10
1 2 3 7
1 2 3 7 8
1 2 3 8
1 2 3 9
1 2 7
1 2 7 8
1 2 8
1 2 9
1 3
1 3 10
1 3 7
1 3 7 8
1 3 8
1 3 9
1 7
1 7 8
1 8
1 9
10
2
2 10
2 3
2 3 10
2 3 7
2 3 7 8
2 3 8
2 3 9
2 7
2 7 8
2 8
2 9
3
3 10
3 7
3 7 8
3 8
3 9
4
4 10
4 5
4 5 10
4 5 6
4 5 6 10
4 5 6 7
4 5 6 7 8
4 5 6 8
4 5 6 9
4 5 7
4 5 7 8
4 5 8
4 5 9
4 6
4 6 10
4 6 7
4 6 7 8
4 6 8
4 6 9
4 7
4 7 8
4 8
4 9
5
5 10
5 6
5 6 10
5 6 7
5 6 7 8
5 6 8
5 6 9
5 7
5 7 8
5 8
5 9
6
6 10
6 7
6 7 8
6 8
6 9
7
7 10
7 8
7 8 10
7 8 9
7 9
8
8 10
9
9 10
